135425430
1271736527
-291348646
-1612265607
549548282
1702947972
775767035
1736150215
-133271475
-1017730610
-615101921
207732879
-907262983
-3418877
1810819388
-2032076638
-99106103
9263139
1695417031
-770477542
1532827127
-332547675
677667321
-1155278996
615802269
-1861574475
-1799173978
1699191738
-2125617092
1778240630
-2011486579
-324273460
-1165108357
-500009530
41049848
-1103427822
-1575738677
1029819737
-2120846854
-190499296
-2016436680
933469099
167051974
-2011497425
2036783552
-2070627111
1725451871
-1177429492
-1242983892
217239719
2101339463
-1698864387
-1765676450
2103785897
1396266025
-1260856079
567144748
-1662846486
-763805983
-296360184
1181242924
1822223361
-1214927416
336673059
1505047792
1416223099
793008500
-1191188466
-893808992
-1778285256
-923766640
-607395367
-1490411830
-1547687346
-1255934861
1845430335
-1689493872
1720342605
1754649427
-1308752268
1960853031
1185235453
-229445878
-1707779591
1989238197
-362986959
-1524411450
446279467
675196987
-679478240
-1455458754
-858236497
1963962390
-718549312
-1693165077
333911315
-90763261
-1486213673
107956244
-145499020
-1398600065
-90887768
736665940
-130591702
1235792595
-328543770
925693753
62350476
1937974799
276783560
4157663
1874068845
-1286707962
1443526519
876043522
1771689133
975118963
35230174
-734968909
1352302217
959190881
360978158
157089318
-596244461
1495816415
-1647276457
-1375320920
-329010733
837350075
-1448774917
-1837371784
1885407264
-772254146
-2024106263
-1544941705
824804947
-905944023
-80246522
-50205653
-2040377980
1758969528
-248705381
1178239338
1722632993
-679687503
2081170737
1683417680
1986623630
1918461827
1912591837
127512120
752007803
139754209
-1167236376
-1647985668
-1383315659
2130108803
-1315448008
710141026
1909946967
1435210594
-556984392
-1078262865
-1040747228
1326470226
1378208214
628151393
-1453620899
-1150071504
1930808618
-128020227
-265147758
-1104365909
-1108662238
-792294890
484606006
-598106971
-72919343
1182486505
1216940125
-319923889
1503352047
-1180865831
1905800745
-1480674743
-253197068
-2095679766
-204391518
-1217843868
1697950535
-883500461
-741505885
-1502416836
1823131933
884682623
-1440071588
886006706
504689758
255653045
2051826759
1294909447
1313781123
617272547
339894062
-2105972434
-1828867773
-2110912285
1866848695
2082509206
-1261952656
447317037
-94409698
1976597872
-300912060
704827467
-1954299637
1245254362
-1325260018
-917720535
169772482
2106436295
1296752922
-479437661
1215211547
-36833608
-280582922
-505525674
503371958
1438405737
-1553256509
-2008572098
2062367097
1289463187
9278813
-574688005
-1961639762
-1799029041
-2121906249
952700824
-591461934
-1311858221
640561947
-883144452
106540714
263685312
1777862778
-1462637344
-171473536
647278241
-447969415
-155077044
-311817064
1490376052
-802092205
1606658698
1941984539
1704140398
-81183184
-445082867
-309101
795830947
202669014
-769494651
591175514
-1973712231
170881843
-566712842
-1276723283
-547039450
-19393851
289989899
2077804404
1015869314
-820092906
1285608695
-266374483
1736245911
1610192438
1216480563
-998301487
-38253114
-1956541541
112503958
-1232641178
-1751590102
624427844
365106584
1650299948
-1114521885
282033120
859727790
2025355600
-1342857010
397578450
1045719122
1941889305
-678319372
-594929791
-254020509
2143169281
1213069264
-1534796592
-839755159
404210157
-1426226594
219248157
1232957732
-473348745
684633907
2054056587
-1124164747
1108707102
2139421888
-948256729
470553173
1274230146
1011831039
-524564666
1307816791
-1687714313
-864268881
-115916371
877597138
-242332274
2035184780
1586662950
-1437546099
565167969
1220354345
-1429334563
337302336
234444789
1601030977
-1653947373
-1892462723
903487902
1498544573
768071596
-768354653
-1427042426
-973600505
-1168355482
-738161397
-1636593791
-493626083
1257954146
-671429870
141974571
2003175374
1529198273
-19563587
446457878
-1986313576
-278756197
512261859
-1058614918
784308996
-1392245082
1050430749
-2016463681
478945566
422074786
1378007308
-840930886
-2078642290
243241336
1075336563
-757328649
1269283306
-420856462
-364126476
974902667
-1766468609
1417055253
1618426657
205429813
-1698870519
1247956104
1467917275
-1278969970
-1732943961
836395618
625697544
-1661493595
-643675196
487021045
-1047953116
-820600319
-45747856
-2112867437
735087020
317761196
-2116719141
1773053546
865448312
1557874355
672932430
-2081051067
47067486
1038121878
1701616974
-1900465400
1327009656
-1427880298
-562488628
1283724482
1062580064
-1291039974
872907769
304122815
796429867
-1599264893
-1411340320
-2028883152
1221805594
1581093721
2041356897
-1456584701
-660452475
2013092240
-1362650630
898412473
-405232126
-1168773681
496372729
809116462
-1471524374
-1099604623
-377489688
1512050747
2066429824
-755651988
1676466658
837680589
-627305087
-694545691
1366928936
938865193
-34172714
1393035669
1590828342
1523316586
962110657
1746389302
-69144975
-176649806
-94805292
454619463
1035465943
-1613990224
-758977589
-656423029
2070528770
1252885047
-823041750
-216622365
-681291959
235984442
-1078742119
1097426573
920854852
-897710467
-15388796
-1538306010
1854360662
293257460
1834992743
1441642156
882084052
-1771315157
-2071082089
-779334597
417961283
264589148
-1883942031
-1157117320
-2135110884
1540878345
1724878591
-208768491
-882956068
-460058502
-1308840877
-1883065430
1635200292
1508121921
1771927392
1978764671
-440573847
1593519465
1248417803
1745902578
-1350563202
-979596656
457655055
81769481
-637975279
149133520
840892381
413048044
825666908
455460661
-1348447931
-605588271
-199699614
1894087318
1755529887
-1865670498
-136865131
525803989
-1104014344
-777642175
-1436724474
-815037064
1361852527
-1685379611
1372631114
-262897486
1940955401
855276135
969878485
685106156
51420948
1673756607
-402868731
-767714409
-519906555
2061934636
152160558
-713985306
-534495039
-198872472
-496193684
-807056605
-1268520232
-653801468
-330180073
-1126264485
-1123824243
-1424298014
1262890128
-1065737914
91198687
402034033
-1237582229
1468757710
1800968942
-1081347944
2097182049
-519891373
-291924754
1188492195
1663205045
883124930
-1784090399
1760275487
-732808944
903076281
-173675644
-1014485862
1568053551
468318644
-1698445994
511004845
-1825729158
-542189607
-1307314224
220402792
-2041368642
-1521748512
-1256308657
-1097292645
1820130689
-1932531234
1727144889
662237569
1148933359
-1291224323
377198219
-1005044547
-673478078
1147635752
650689631
1103095628
-2057991270
-147569106
-2126200620
-1554288023
1960997779
1782734846
95439187
-1611917060
1223761141
1449049708
-730346977
1789620711
1952615244
377199064
591481010
-1415030798
-1034096913
1470194253
1771827044
1437889510
-1955916699
1312030310
-778028894
-455898111
-801516987
555102535
-863705968
-660289261
549509481
-1266498462
1316596248
-856440227
1406545966
-871339596
1968969485
781336354
1477381007
-444839071
1205763283
4909753
2019568088
92328576
533880685
986643278
1931257772
-1593249291
443117436
112583757
-484227854
-216572856
681709388
-1135260879
261902112
1267684435
1458441946
-541329346
-811382313
-1458914965
-1761650426
89614488
-373220446
1868550185
-895101987
1847506334
-376615243
-1201896911
-969118340
859168999
-1173891942
1024045852
-1125134744
-1060042223
-770171665
1112256745
1531554326
1858073991
-1482557054
-1999065770
-900290249
1357238067
-340318834
937161976
849596090
-1544039200
1221748472
1835326632
1491782826
-421238841
-1661566976
210192629
-806253545
73438759
1563582312
-216943307
2085136144
-839911623
-1592341423
1930105360
522844643
792236979
1065996388
-282339773
-1757885859
284735683
848444141
-212882494
570960195
97122187
-1681047379
-43796636
1812201579
-1840299014
-736038462
-1785310564
1507756135
-1615680996
-804266757
257033234
-747446480
226669614
760301594
-1596964388
-1288165243
780440933
-124932432
602161711
1989507167
1647136515
1342625799
1924877857
220369694
-1833021149
-680010855
-1479049981
-1760464912
1820676763
1348516876
-1625975497
-787710801
1410923755
-1780224782
-1723655958
-671510309
-981421395
1228294022
2098723363
-731267616
1882780083
1136999470
-1553348264
959293138
1314338017
-54053064
-851952579
1527694490
-548986069
1501208602
-1456932244
26258048
1596972039
-292976647
-1806726560
-1560446742
-2087955215
602090477
989100527
981845371
1397822050
-504083942
1294778344
-1758240889
2110295306
-1305768478
-1360939287
82026378
1875053212
-1879360987
663963152
892536259
69362356
-1834448102
284081100
806004218
964443828
-2114423058
1461601266
602769310
896351382
-1987385817
-1225407808
-1662599973
869105490
1729676160
-549147335
191947457
-1235312284
478962774
-780522435
-1237672180
-620188678
1708801058
1207759905
798282328
1799590391
1185895463
1737515758
1254471577
-439727465
1928849574
1439419227
944849222
-1907229559
433091914
-1845367506
2000721831
946258293
-1868288714
349190861
754605258
-403171857
289279
417032884
-114400872
1611346080
-914774197
1962753033
-1586534963
920487406
2119525821
-983320948
360315301
-1899637635
526426022
1038651408
-2125706438
792335222
1367591142
1805606994
306081416
-15937002
-307394466
-81054084
-1191807632
784805121
-480541295
1983359685
-105596988
450924818
-1437735609
-1977025607
111093812
2073632942
-1091911621
54375762
-890250577
1766442622
-1781355799
517977104
-648380684
-1319302670
-1503248141
1076674933
-709816487
2030801862
1812499308
7712066
-1948665241
258081651
593909753
-357363299
-216020555
1038242715
-209205123
-1034007301
-865383895
-809886656
-72395189
500241845
-57390044
1869274787
61319185
-1308564908
1032853588
-1522914681
-550540248
-1574445960
-411271465
1619741622
-1986498971
-1353217618
1325628153
1473870728
-1958472138
-1107136318
1636968678
970399976
1195064217
-492847299
1992707957
1185604627
1069268558
1206997804
145741496
-111043044
-81644362
1605616677
-18471213
1422500653
748334853
1065939891
2078798987
1744195065
1480135722
1282748400
2055386967
-436032474
822362306
1381382594
-457810328
-1562139603
140914100
110591939
1329680763
1448344384
-533920058
-1748933186
190895545
-665544243
752604575
-2027003822
2125934860
-2140658184
780580505
-1909183528
-1617497714
1182731888
-991148700
-1235491026
1588702849
1083183152
-748807641
-1706881893
-1491380525
1355303958
-1980225374
75671307
-2010327909
-1671275628
-476435615
794764130
414441142
596135454
-148009353
-758282855
1147018164
-1478554524
1283971427
-1162873138
-1187234203
-1140635425
714969829
656258863
-310922314
-737880527
-2019960163
-436134391
-1107327369
289505286
1659382701
99250242
1928483996
-2032893558
1393779000
-1752662730
1634238084
-2126150963
1879952409
-1017809719
1243961167
-78604550
1937583030
1883532008
936585653
531857434
-838456384
-231331165
1055496952
-1511033957
-559333730
-476490783
-280169236
-445024560
51100922
1001114551
991760337
981504629
2127631598
-506355445
-157849712
1381110465
-1494634226
1823221221
1580566714
1341371604
1332962480
-2134233184
1103256564
1510656352
-579496237
-1193260399
473808285
-2088749101
-93346988
-1479076117
1124795531
-2127428765
