-1380314535
1536645118
1778112453
-879383347
1719775560
1953080756
-574336176
-1503036831
-1013775077
86706591
-689626850
1278807554
-790526476
-298305971
-1895461398
-1644713348
298354514
-1596160492
1133104485
-968151746
612185173
-1234396330
-1117792014
-1913186860
418862896
-93272887
204416132
412272403
-1808789806
354896231
-1492561929
-249813119
-561277239
1208699502
723898716
-1509742401
977605415
695674544
-1153497205
-2143800026
746089108
321953840
-1962380722
1927709722
-719208092
-595818750
1561374548
844181915
-1073554847
-1482288050
-921545369
1966104728
-1107786115
614741502
-1760111169
944206222
-1301448027
1772451394
-931567957
847408746
-1895197228
709721630
1011226501
1843552049
673983438
-1752773254
-1185009078
-212484628
-917613734
-1134754970
886506989
805679086
116083744
1188248282
-955879264
-1273726467
-1675065297
-418386199
1408683744
-1891819724
-1028074619
-1700397716
992873632
140896437
34130177
2086721702
63074050
-525750450
-816357255
-1681071512
-435569959
1888574361
393731507
-741608710
1526056999
-1413383664
932357586
-1204486840
1969827160
-1259620166
-610709301
-1969116034
2054222370
1833762518
1016799673
107932158
-278315502
773790100
1840695746
-207635987
741194542
612190266
1117681437
938897739
-1812894587
1902904889
-678854871
2060939349
-335010838
-1274807288
486610862
1360935271
-835414546
694324394
1871539232
796308483
1772436084
2079620454
-1825889491
-328736341
-1075659448
-1434222267
1726137988
-1589052649
-718660053
-329262152
389932642
938049277
1732561865
-35689010
-2028314571
1975118689
371685620
582999097
1212577470
415589075
1913540857
2080163227
-1486172949
-450636938
1485436331
245545140
1740102787
1301140633
636760813
-1384624093
1543453758
2033955981
1708170175
-505536653
121076588
-384615207
-2024369649
-644884270
2046140791
-2093311945
746267985
430605258
-1411676988
-1773816216
-720104480
639348976
1098405698
1930747630
474391332
811992477
953811891
-1953016616
-841447139
-1911622191
-1597304505
-585822344
141401768
703849089
1685531327
2130112473
-556933889
392752243
-1265564301
431892171
59801956
-714512453
1740833757
736655095
-1823365471
1557594309
1026259449
-366786497
1015628197
-482171874
-1207248852
-767371824
-1652849524
378065296
1013677547
387094221
544719924
-1154109032
333042540
-571096432
-1247992578
1511632935
-1609283229
-572552244
-178713875
-1804687790
1273241201
324852282
-1452054321
1652798310
-666006969
-1748232365
-1621861168
1706257044
-540001776
2133265356
434153443
1378533609
1280091090
-1746957964
-458120948
584471495
1003337216
1840762218
474234641
2060163449
-843213143
197917790
-1884260377
-134000609
-1899388735
-969448111
-1987134246
1429013399
1021276807
-692269477
603722822
-300108361
1845346396
-1588930192
-1779466652
-1420513124
2094735896
-456469892
-586703957
106937173
1247201223
-37782649
651398715
711924124
-1757305975
-408049728
504047962
-908681750
-50099379
74540673
676948302
-414635670
1326196972
518593547
-959308315
-880872200
-1144984080
-1181221700
277839533
1790006397
-2130506175
-927130098
1538289570
1996885712
29240587
847799393
226297639
486240408
-1660342800
824542705
-1588822071
-822810585
1795425460
-2135935295
-1495930533
-1845508698
2031204844
915503138
940271397
247167874
-444257714
-569788152
-891091007
636403064
1627828919
163449206
-1604874554
1202024642
1006342005
-865978289
1393990432
86248534
2124344620
1383350161
2116309244
774388675
-121604615
1232061506
1385871678
627472959
-2004374071
1942881836
766940386
1803217710
-894857671
-37722771
-175831075
1654097003
-1273737085
-526845589
1122521894
583272531
1170617662
-1502319793
342067002
980855126
1249534764
1424721352
-1167191168
720838701
-848079100
401209263
1524899961
412618863
-1351068307
531119096
-1862619802
1038304236
1478213302
-2137107490
-350903827
986395379
18413694
-1162860567
1586254292
-1886263551
-1952654653
1660095853
176976129
1121322407
-1387676314
1737608568
1664032999
-1693259340
-1590810411
749044840
1819223693
934508866
382145244
-1944993627
-1806576583
-1315537797
1669641822
-1753593056
582518862
-546988336
-753165503
-1581802581
1720906102
-681856890
1861530998
-454058999
726765451
-414954242
1529715633
-145143176
-338367301
1583134176
706035260
1674951145
924083998
1139767413
-1253346546
-2083368550
1304451452
-144750299
-1162318757
-387263199
1306674896
437813021
-103021744
158991597
272485218
2116149144
1335076706
1910312906
1699873873
-1604698652
691579182
-283576384
587189074
402154801
1703942424
884782058
-1788448600
562308201
-547776357
-891794855
803804133
294230820
1198039098
-546724610
938388494
-1432913242
-1383938150
1706339528
853649807
693379701
1049058479
-2084075064
-1086683140
-1166429784
-920780422
-742863725
-1919768267
2015150311
-1597495375
1266227147
1328252622
749382664
-1846010953
-1136752722
-1792856843
369463796
1794139089
-1747338264
541153136
-457358864
-2032527834
-306281441
789177703
27904636
-800267258
1925359895
-1419648149
538428360
1226634775
-826025247
1366678270
2043504752
401091387
-857453178
1588278132
-1427993884
-899583511
1536308156
1773902459
-1600130163
359667105
916106537
-1549428719
1899781436
864184820
1749936011
-1169858503
-678968148
-1589966607
-250486606
-364233951
1495238465
-1247064733
-702037794
646288689
1488673505
-639870734
769489137
-1404183905
-2146311846
-487405845
-1606666918
-1779586587
1494524150
-517609275
-1643483753
1549920505
-247066421
-1496869321
1880811934
437694959
-282704713
491833522
-1708634094
1848330247
2012969363
-1156967841
-812924295
1218541611
-1919291395
-1125870270
-1190004143
-129679408
694749916
-482540705
-1493952715
-585244789
-1235887525
811383171
-1506177895
-895606955
1468249383
-306313353
261202398
-344060409
-1601076413
-724535414
433935016
1219692663
-8885285
1119792471
-1551121639
-480379522
-659082083
1086994954
-1721764276
-169975303
-1960017052
439197066
-1168195680
-1846269338
1559883544
709210598
1843740950
-1267861438
-1095816096
2107558942
-1878564052
80085519
1473443597
978036247
1212436793
401403704
-1200319934
1856232014
-73055868
112923180
-872658348
1842267119
-1769890014
666657162
833915481
-343263629
1822730324
-1050921675
660148403
1947830416
-2053633134
-36518891
833822261
-1088169445
-1029886818
-19947386
-1250865951
-1591549035
1877716804
-1987116062
1859785316
1735473586
1678484621
325165965
736984017
-366859252
-712793754
-339311122
-145317730
-1490308554
-1065060851
-797767201
-961413755
1301535076
-1224340145
-816034927
-1055497006
1378482843
2001413158
-47439917
-493055562
1358175435
1777299014
1850334730
-1958814525
-834825474
2074553332
-1185648329
1380649226
-2065597863
1844085185
-1765570422
-1206283469
146243435
452378746
653715869
611433492
841039189
2047611525
-52744083
-1830356381
-182588417
-1834207086
743928570
113789974
779045313
-393560341
-1739391383
274172649
-1351771812
-1651151609
-1081368991
-1207953249
949699333
-1447719227
-1731382226
1495012178
-693470006
545030224
-1391887923
-1437025038
1180480384
-757127639
794386689
-494241075
-638237947
1090420364
1804372455
-165209218
499546870
878384329
268541823
2086167518
-1406128400
364794363
-1556567249
-1965786165
274880048
-2117872639
344688347
-67188717
-641560438
24885679
2069373957
719424205
-457437882
-569208865
802456192
-905574915
280009694
-1286261436
-622315358
-528379792
747272413
-1775002416
-1402410769
212024509
2040546358
-380881770
2036404160
1686790432
693407652
-1613299046
1700565907
1130125949
1606638372
-320515246
-1156225560
-1962494271
-1152689107
-1868776246
156998894
-573169518
594553296
45495979
-1100657916
-583318962
-236798772
1406076472
1823902269
1144965555
-500756474
-1993702034
-139814263
-1020844207
-1863783011
408183468
-951550301
-1102151268
-1103210962
-1435947878
-1617066573
1779814248
-395976647
510093605
-865176538
592899624
2013603756
501838581
-2137695045
-51363321
-1830094186
-1327233718
10741252
1429409129
-597734488
-310792128
-259126857
-177241420
-1638206543
937639848
492520396
1602541169
1522590386
-1753424338
-890205954
296110833
1284315534
915227620
-321526063
1900087230
612009124
359352562
1112506224
1193717447
-2018916086
1746622288
2057062916
-217154772
863157456
1047566481
2028596705
-1714081027
595208904
1973493451
-810267730
-76708746
-144958902
-711430777
264845772
-1715516821
-960682487
1753688213
-624035653
-957463882
-2029797182
1141839765
-1062592887
1509337296
131641924
-719492920
-511979479
492174813
1662244392
-514600937
-1803305993
-495740265
-1757381473
1348391440
1245336297
1152704283
-1019087767
1922011165
1568728755
643491729
88466370
-1583255491
1669762181
146198606
180611719
-1607706890
1830230509
-676967474
-1919595180
-90730999
1056208122
595799307
2074045293
-937816419
1517554911
-1784374731
-425259806
2091723296
95641791
48567578
-1809565776
-1571754786
1711214386
-1744038259
-1151354884
-1456010487
1935608128
-99747827
2012232512
2051027545
-1998033224
1585324848
862208245
1008646036
-731329450
1828890900
364613237
-1069516487
1284371618
1509906211
-1341178635
283206124
1526398170
1075948037
-839847143
1410409852
-924756086
836924213
-1973921904
792914877
-1926142539
956627919
-1377734304
-863922892
-820673705
-739293654
1343553664
-1423297750
-292366739
-988392886
1335111079
124388700
-400138203
-231798316
1336949368
-1264382837
59831986
-2096169590
445821919
1737678853
-353657814
-905223478
-645147216
2122230505
1561205954
1356888550
860036858
1394215476
-579585104
848851843
-755156967
1577896454
897198927
-1846651279
554259602
1090464177
595969087
983091718
-746650184
779909494
-478625263
1158053914
-1430624433
-1288732371
2099730525
1466094864
2073481114
-363019497
2108364087
2060703798
-624279505
2126196678
1663869023
1992707250
-19823441
331701036
-2005289396
2143437916
-485203587
465664276
1873380504
1986830894
-1795763550
-693186026
-1381564710
70597931
1022581276
-1013488905
1062234706
-1344039043
-1685891624
-2039286790
-128334067
699239211
-1449789837
-19681705
-941912451
552089420
-2035796851
363547603
656755247
-1876874815
-672019447
-1047739866
1459220738
-1544585377
-213295773
-1425239788
1780004737
-219911583
-1349771198
1683139238
2020773454
2085747691
706507438
1164271350
999544030
-62803226
-1232641537
1905730756
852520989
653518228
2004560564
-1105487805
1768138126
28221297
964543620
513278594
-186370734
-1625171688
-690077893
1485877033
95043958
181260475
-910823669
2068574477
877216399
-1702536212
-926488050
1314213845
322904315
-1937011491
-1796599922
-1266717501
983444798
-1879689914
-1575489113
-1357899646
-721962530
1474506826
198648891
1447626675
-943105599
-991636161
1899527550
1044801955
1105311062
-389765514
1598101327
-2006888541
-1271626229
1666111978
1721497833
1766510432
2001655654
359097510
-761497219
2142989954
1935895371
79626520
-421322327
2053412227
479782498
17949157
1119212687
-1493816213
-490309663
323553484
778383857
338185845
1946147556
1680377075
-2013789409
-1634412973
-1588335101
610720423
-1370041169
-316849046
-746191304
1278005276
-617882833
85468513
1653838405
-975250881
