-1548534899
2128715830
1237784829
-137190714
555725541
1979858472
175894806
294008959
-410585505
927393587
2051347166
-947656936
112367521
-554848263
-186509128
-224619777
995049289
1696559225
-1402722738
-1637748304
-1179375372
1459858965
1530982133
1710507198
1716225849
-924683604
790764776
1178903312
-846855133
1457851737
-1544327634
2133908148
376865839
2113337432
1457964589
985497743
-2066064763
976499287
1498341541
-1211988669
1854240379
-1251342596
250318445
1304359277
-630606486
1596690510
-606206987
957222908
-1620640791
-507062055
802077572
1662753189
-468490399
-1724179863
-2128203139
-1010339208
-667794266
1070073678
1235021161
-52592242
-217383394
281655662
-545328481
-10487273
-216853267
1712341363
916571669
195049562
-1739344958
-59307493
-1721593088
844502624
787821830
1030391039
1736733710
-1541307591
1699606369
-1324664121
-277053199
317985944
149084701
-231019700
102545633
-1241363601
344918906
494734758
2120896776
-272282
-1112730855
308195777
1614624850
208884403
1668921301
-2012584946
1734601696
-717541609
1123327681
-2048200375
-2089168199
-1109284316
1537117833
1060923837
-1243158
1217508818
-810769661
-1263800700
-616665689
-1813457983
605663773
-119139012
943385015
942489730
1983098480
895863371
-1792843785
770349049
280979742
562103865
513916803
661095735
262989474
-228501036
-1118767526
-102874938
1476142078
794107544
975649057
2055756850
-229492308
305380901
-1858278491
353148822
364946117
1957282665
1407208576
586238999
-1521279795
423117558
-218657059
-568026239
801819629
648686240
706329554
-1399067834
83287644
236417604
-175333622
91740041
397773484
862868002
865214272
-1333036426
1525289103
1554711576
627873287
-1906299057
-1926121690
914577958
-713681477
-667558285
-1917610277
-57915714
-62261811
64271574
-605123287
-790927003
-1446701691
1099964021
-739992577
869893270
-982042554
-513716207
-1269060293
-1135510738
-598170316
-753306940
-1092061029
1263236218
1491373535
1924777578
-222224359
-1381352058
1935302204
1612104551
-1390388378
-27162061
-51764409
-2079104794
419526110
-1433777949
1592171804
-53508893
1196612663
-1896030664
-49269466
-1923016437
-265987205
1589989327
40035548
-442267074
57344638
-164489735
-210318126
559256995
62395096
1819463313
628324637
1656656957
927201192
342374196
1069790568
-1057356992
-369833153
1906485871
-317332374
-682283905
-6553534
-42043810
365577653
-1856362022
615316530
-94210003
130186465
-1511866296
294227874
1334898494
-1631587772
171540354
-1337339004
1771475127
228696862
-640146429
2124768736
-1434970520
-1200858641
-664229193
-2021400532
855747818
-1697758826
-453420141
1189004357
170185518
964816187
-2045232842
1847831958
-118060095
-1169566948
228828702
-2111267323
-807265830
991515487
-1888982041
-1007326821
1069466728
1494246136
-1877502501
843678932
1913490646
-2120350840
1956817776
1042171646
261638086
-1790982195
-1837550517
308009455
1834762513
721281792
-1108369215
1259947839
1391671642
-862522244
-531319274
1416198010
-699588790
835472251
-189716801
-677913925
388668141
-251582804
823906537
-314573158
-1499098964
340627590
-1863707724
-745280168
1125854958
2735045
-361645187
-1171780627
305273970
797080256
694867060
273634933
-1233573103
-1748948888
-1364841240
-81352200
114144965
166177043
-803571141
-840467723
767151986
-499378622
-373186563
-1487431629
-784983234
2123651143
182888349
1693011216
2078594466
-2093636419
-979902450
-1036039012
1144173391
-232437608
982095587
1722082907
755299870
-1357278744
60856205
-49151540
69495976
231011970
-375086867
573598708
948036595
1691985303
-681718155
-860261529
200348365
-162258865
1462006834
92670549
247762509
606385403
-877639059
32528950
-1964585673
1408728627
-613133252
1569075675
827607761
750955757
685382997
-1789271284
1308980178
-1539167776
-1316780554
-2130870904
1172354300
2054849426
-627131969
1123960122
1311791958
-1158418839
-1856697173
1882600519
-516889720
-1771302501
1079911361
1592782566
1413105267
-1433953327
-1973040647
-1085716512
1308740062
120063421
-482051875
123931793
-1055461402
1151174682
2094428075
558950402
-2142772351
-886889779
-2066529121
519287778
-1386426273
-1758451146
-228268906
306891030
-1865479852
1801361583
-180858530
-1396106627
1191539974
-2051631172
1775867759
-1824248509
-1744783311
-1426581279
-1520821508
60321997
2105884585
-2106327248
-609475229
-1095877027
99010497
-945340316
-802503835
-705377923
193489926
-1160889839
843042817
-1962488638
-418439190
-405804008
-1569782212
-1056081939
-1722132618
-1791717545
1554740732
-320228367
1644063317
-1556705359
-1598717147
-1380615214
-1814044604
1015550838
-1496867898
-358126487
1339061775
-129828966
876647779
434284303
182163430
-50801836
226645830
1269851497
1107765948
-1822131429
-1333361765
-218381062
-1303223596
-545018512
-1342590940
-208300799
1207624408
-601185799
1986850933
1239667196
1540465430
87967538
1829746846
192966956
-1468010319
351869668
1331914085
328454073
-960385962
928832937
1785306738
281731370
837075359
-183564489
-10689735
1649110752
-1733611519
-1758946541
1685135308
-327738507
1614194280
-1144514475
-1030171112
-1188993797
849205867
-976503099
-1972156825
-1229267414
-1672866565
1353596002
-1912431748
-905965102
687884302
1127355187
-1213518296
2051404861
408392543
-813137366
1974878001
-750425420
1469273636
-983698990
-1515508201
1924590021
-40625533
-501931087
-934606662
-164104329
-930039274
1765968262
-1564015561
2040085273
1747074457
837960386
-1411565003
498936383
471430710
526328768
-1948568568
-643408142
-1515847031
1988651081
-1051414317
1801331223
-276999760
215795056
2014731393
-1875820673
-1119705196
-511318815
152211422
-1944339119
-1217266219
-371790967
273936316
-2117273574
-1689626425
138301511
-118336745
-1710934539
-785277878
-880978517
328250579
577844550
1416907488
-1984318968
1054342752
-2019548533
-1050084973
-928524790
959539892
1072877301
-1755000494
1301770525
-837666402
-901960086
-1677872962
-525975222
1767794158
-1181856020
-1399603203
-1115625316
1608375164
1636991311
-769601580
742003578
1784938378
-215262978
-435107110
929880136
1368155287
-2009680792
295124598
1198893148
1223913560
74858217
-493007970
1463390891
-1484288207
-1616152339
529636371
1653236563
-1162069138
629455829
-2092212939
-1963411293
-1235795601
1296812359
1804175096
2049208038
-186795094
1210781638
1874381433
-886593209
-480216025
-1235681531
557322179
251888937
801329927
833889555
-1922262236
-308567759
1014344243
-993245946
445541089
2006801186
-1758456035
-1914958224
136540752
290555162
-1375462488
579664781
943668741
-1909581755
-1943239890
25522072
-536239893
1769612245
2101258003
-316089784
-1463706367
1893748177
-211600329
-208992878
118610368
-1102292754
-1716935521
776843556
1502470766
-563140229
-2000258309
-976233687
996236230
575731297
-468853621
940632683
547996677
313874650
49357526
848159071
-704362907
1121873798
1493276718
-1376260665
947006318
2103273099
496511821
-1070803410
1057461601
-549827960
1444490318
-1394003453
-2071403760
1047007184
-458295591
1808995565
-1743142840
1266836092
359797366
-1248867174
1992950637
354738193
532537951
640767839
-939253412
213500966
1359400299
428333871
-631152917
-1370438066
-2145140924
321433818
-745364312
-585585571
451606257
-2019287557
-734787603
-2134011670
1868979443
-1156717176
-2034745643
1840909852
1670043659
980926213
933122006
-993443319
-914959950
-1330813057
1260201500
907421658
118430376
1890996435
-1855961712
95258122
1293733984
1481476466
-512628645
408967822
-1114249661
370028118
816309644
1700505975
-1234124927
1192364926
488345533
1664221790
-1859752406
512320809
-1317645399
-233485393
-2090663754
-222996508
-118216546
148785881
-334790977
1432628974
-270576169
448419582
776027206
1069944520
-49117688
-428256991
645799319
933750170
-861414746
-1434066391
-1542555118
-886897904
1409479511
-1548321941
1894997123
588955649
1495797546
-334926046
-374357787
-990777429
60593458
719580210
436239941
-1650047335
1241047508
-1232250575
-1171956722
-2117822050
-1751854288
-1193907283
-2110848365
-1243807978
-898913999
769584462
-465070469
823455282
-592522399
1577532295
-1047457713
378597451
-1893353010
-1768743825
-1640889466
1778684770
647220099
1787332820
-912417433
-1964436935
600994020
-580759499
-1962460086
211798102
-2128725404
1993775386
1688417159
354483728
-1358309754
1807578660
689183333
1622968208
-212048748
958600836
-713806050
241306910
-1779123771
2132492678
-1136500643
-1904958836
2016468463
949758185
1863509733
-1406764771
1029393494
574274805
-1069029671
496805721
-557984340
725684741
704792854
1170702056
469031160
414218557
1126372617
-381853349
1608128941
-66436659
2101015542
1803061284
1817703489
-699370677
-633823959
1161192153
1070563069
-84132705
-1981980671
44865810
-1360453251
-910471080
-2125227432
840184216
896046963
594802459
645977211
1528488249
1007038493
5825563
-900474089
-1546722162
1094590808
113296981
-879288399
1831618281
-2027960209
383033501
55010562
-1286235247
-665504228
1662587320
-1991553096
907194930
-1267778153
139205496
895485347
1672493651
-1684758073
345234213
-557212095
1361793109
791165633
-1812834865
-1587241781
-1278994696
-1390838153
-121614093
1306443620
-1603247679
908519661
1099804604
-2129737899
-1084965566
1124841242
-1722274900
1067285726
-1610906429
1664964442
427893158
-649368649
-1426133269
138044092
-1675404423
-1565660317
-1677627975
-1410241854
831038348
-1351649000
-2129465708
-1017123653
-766927137
55563619
-1718774175
299020053
-399888337
2100001775
43241984
1480042802
-1543053217
1620060940
-1936813061
-939666937
2115065246
-41576822
12042816
-1573939265
1965740671
-134212143
-1490193605
-278077431
-288876816
-1912936200
129807940
-2126352327
1830811591
610736317
-1680411991
1671956976
-807974341
-1927543372
587071550
-274031240
-1954497484
1654546743
-290260519
555027654
-414071668
1265006627
1884948790
-1272266971
1505632588
412574741
1825681498
-1003845293
60807185
-1718359169
-1528010126
-847641658
-1762347012
-1839053205
-209160465
-250365866
311752783
822063462
998716921
-57592101
-174854697
1828466261
-485377692
-274351550
-398791129
1323851753
932694198
-1294496929
498545877
-1902379456
-1616337616
884000331
-1199750508
121874159
35218232
937152348
452925889
617687672
-1610907750
755546727
-1339751515
568741719
-1923110348
-321889533
-914306230
-1166920804
955748737
2072791466
-1736730938
-1712481751
-727774055
1582913386
-1417984002
-979915951
26004297
1093016975
824761761
518930706
332445765
1853115913
-1082029737
-831602603
-1603966667
318308962
182520190
74607674
-740170635
1426907389
136997024
-1027806551
950602500
-1014111237
-808533803
-1273194037
-487693810
-1894705159
511523480
-7959514
-2137487136
-1279865724
670729906
-224481762
1271422910
1533103622
1163334175
-395118474
1436336576
749629834
-634846116
-1896660783
-2137287572
-1411658344
-2107274433
2031527217
510652536
506021423
799883998
-1787477529
1668142014
901858363
-1920387718
1977936864
787943089
159586571
-1423549890
-2055740640
74341533
1084861137
2143811345
705611435
