-840077276
-156354638
-1084907059
-881527115
-590649640
557438072
-1726339858
1153498058
-397121976
1505982261
-1202289272
-790286122
2044255528
-1859351111
-1259311649
1952210532
-1626795126
615703666
1662591118
-1265622747
-742273017
-1986494044
1620279553
-219805343
217036317
1028755986
899233394
-2079113601
-2074480997
-368025728
645057011
-1645021294
2043647450
268109126
-447228947
428273131
1865782876
-1426049910
-418052713
1071094186
668720743
1251538804
10014042
1662505573
208999100
-157661156
-392186655
667316102
-1452592728
-2044354699
-232072148
-1352557458
72792206
-1748240785
1700150171
467567612
493511803
2126273378
1838552171
972808224
655258775
1472574688
-232231176
104559681
598611256
-2126491569
1278536210
-1922528563
-683242821
33079903
-393444247
-1787164667
-1917278942
1717857063
-283976846
1869769315
-1895377731
-792540914
367480667
1705226682
858504206
40173146
730034599
-918523570
-1517801867
-1226241547
1091159161
-1832613126
1343138201
1959470334
82626625
1770920365
1871532044
1807541228
-127755851
-1975730736
-785393715
259265011
-502366205
1267241223
1589406095
-406859408
-2035908247
529121270
1814762734
-793910073
-41981564
-286984805
1655401775
-1707153596
432641072
1557138878
1493729276
1364661191
-2077912536
1645818630
1443097469
-2008200764
1931836245
402900112
1021647388
583328352
-2059397202
-108952279
-1475116173
39671796
-263933245
158847711
-557384421
-2126851405
1144207175
1053937085
683136167
469788877
1380186250
-629298070
1598153434
-318648068
-1372281355
183400571
198618993
-481603486
52359171
-1866263203
-1733296621
756374546
-796148536
-282913614
485827572
-271749491
1085009812
572183936
-400153820
1690352122
585372844
-1233729344
900306247
-1123151473
-735453146
-190601905
-2005050793
-23846614
-571725754
74122288
-1820297926
1494262730
1050346271
-1808498908
1580567552
-995981769
736049304
-1020384705
485240041
-1679729124
-1813971469
-1253199412
-486397373
2081071352
-1184412442
1066120247
-978721494
-60574103
1562683999
-1155549382
227000423
1658713174
-1827017107
1653531566
1905335464
537317721
-969084674
27705544
1466237902
900091352
1188477451
721003296
-292251466
-926890378
226349135
891620073
-1286339228
1705849985
-101089481
-1395516024
417900691
-330855513
-687846376
-410429025
-1793396499
2001319051
986418358
-1160836888
-1216608656
-922943517
-475306425
-1766903119
-797407407
-752475606
-1808308702
1111710207
597033746
525165896
1608244290
1585700622
535880147
1554944976
1480142177
858710529
345112657
2083805576
-978480253
2073099160
-1352538336
460856237
239629710
707603170
-154962903
-2107266970
-1894440539
-470884004
298826636
751481409
1156275054
935652304
-1944753692
1522811563
323599049
986043262
-1888465455
-189873244
-736176399
-1316630428
782425720
-2091848083
-1862400973
-313778727
-701390940
-324432068
-1870330551
-1535811112
-924513830
1085406529
-1481232792
420819975
-1910434962
2138616168
1979029505
-2069211295
-60543703
131484451
398655239
-1560159315
-828446432
-1700639042
303383408
1265784510
-589513452
1084450199
987555328
185448081
201258043
-154586434
-714120858
1651867263
1601171126
462754172
1980571486
-484602457
-1833945921
1776824432
-1514064156
-888712333
-1642488823
1739593302
1191590004
590174075
-382806526
-1909205227
-1318687735
-1649745206
24041692
-418943709
1802970876
-175270078
1819378543
1167834909
-408997805
609345668
-2026408449
-534921769
133606061
-2132163439
-1942474786
1859322579
1533467474
504402056
1835195386
68786782
1921837351
-2003631487
2047856116
-93315083
-19458904
-1663073744
639014384
-85879936
-2125562973
686646602
-1069768871
1155829266
-774354874
1908190950
2034005328
930910520
1978010342
-1356444181
753066095
-584490863
-768807145
1345537027
-1983095412
-1748498303
1165956929
1426339714
-361784497
-615237475
-1530345019
-746238858
824819286
203459211
-1084481461
-523358175
158299960
537834482
-528784793
729105180
-1373473731
-1470489189
-1972289540
1814293621
1492347099
152271178
-2027540033
2107063119
524991033
984117306
-33722377
1266358046
-9287344
742581740
-1381062670
-1520054550
-780598341
-200292785
326853468
-1216098066
-985296604
-1349154083
-1909027361
1996802637
558494731
837008744
-1052465408
-431284182
1228060329
-1782885521
-1116848611
743630603
-1931517638
1537145820
438426293
444376136
-382623299
-729959482
1971402617
1047061374
1075545502
85123122
2103586364
761856626
1936926852
-932099919
33403487
33125062
139743927
1540227914
1018284293
4993086
537267636
-1906999485
-1255099361
1613836307
390160822
1281151950
-800605593
2036871764
886738531
1515051673
-869138630
2081321183
-1223541724
-511947574
-45364584
121113946
1507122061
-2019116431
1077893343
-467621059
-21919146
778640375
-609315494
-912539331
2014226446
1938324914
-729264795
-339809625
-845151619
1503067754
19265275
1527386386
-207653505
994958596
-1937033693
-1136702878
-510299436
-1606443274
-541966288
1187651543
-33181828
-312599113
-106543758
1536244449
301218898
-967423807
610628879
-738925860
641767147
366419557
122452390
-251666052
1191003726
1423909644
1961635625
-1322986372
-1579600249
-1721726512
-143043972
-589118066
-1762609534
772574835
-1685940580
376101541
-255821669
1726974275
-774993283
851930900
1516312784
-1897839242
1846313219
1727816403
196417437
1843607510
1886785890
1392994384
-1570479455
-2096547745
1183220993
-827049169
1747374877
-1393703169
-1823276340
-1271135800
1831755460
-2114954404
-1286813903
-1538901993
664657797
-782539725
749480972
-843953148
1125214941
-337210255
874791864
-2125624194
1823857716
-1680249267
-1890000692
-198333578
999531419
527784866
-1869260694
-2145725871
-1521746381
-847800132
-575364753
1488510048
-2069531354
858837621
-130869428
-327439187
-1299857233
-1205096050
-615625581
1304021973
-606538287
1585755292
2100680688
2073221132
1405486158
541435829
-622082484
1319553405
-310805505
-921192358
2080710716
2075887919
1891334446
-2126563910
251341952
-650112559
781420479
-605722742
-888609833
1751384387
-699270163
-1367361755
137301912
-685382778
1716287743
-876977778
1545867248
-1455681640
-826215736
697493723
-1466305695
61932956
-1502968333
-608150878
620680582
-417564508
1130755807
2084986523
1022049880
-1984014545
-523857130
1630692088
-315778059
313411612
-560343311
-868188286
-1652389918
576037164
1194954525
1066846712
1477600210
972578760
666910333
-1233480502
150961389
1833211530
-1293504422
-716321248
915617167
640228493
-553486509
-714636385
718280429
1045819560
-1601226814
-1688901640
1396669135
-16968567
-892315920
-1614959519
741776287
863157118
1988540491
1097356758
-1235456116
-1424948747
110123767
-227729463
440134847
1470804066
-402987644
-1511299454
-1413870375
-825093016
1207910624
1784285033
947233778
-1429685684
2061438633
1559107233
-1717993897
-1619648126
-200998757
964946833
1793566605
1686801895
-588236842
1688964325
1199623072
-416790259
1376335537
977666822
2057898857
1901778774
2142195013
-239476855
59019050
-1158010881
138902239
2070070566
-2004535456
-895193144
774599055
-1492795919
1785285382
1371178281
627371152
550314666
-1365900951
565125055
-747959298
148317622
-2104976695
-1978132795
-1116098921
1711685884
-1479876604
207847263
459232768
1211156826
31063048
-340324558
-1201344909
-134702627
-2013350379
-1803743959
-1589049078
-880908359
699098961
-868932017
-264510135
-129377080
-741011143
-260337125
-1805520052
-787893535
958701429
2095301013
830405677
-521944225
1798618275
95221676
-1437146428
400995372
-2125389116
85632219
805248504
816883944
388832174
268443002
-1545333043
-315371202
-1187487342
1416994379
-1019270236
1922050795
-2092852689
1978363432
-373064588
-342390575
832374451
-1475798859
-1528019622
72722378
-1235173136
1945153707
2077301929
2047037962
446127385
769449488
-497972171
1061132122
30037831
-1743622339
-2096057630
880104988
-160514642
-1449106819
1820378664
-508299744
1798694973
-508637293
-430211229
76455338
750791091
1447667360
-1709673682
-15877523
-1841069162
1263534969
404534700
-1881152471
610021868
-80263194
1685778477
-685931831
1905677268
1797329438
1693422824
-2014186289
827819027
-1321597101
1607921085
1123200202
295661107
1189539491
961406824
1870503876
-1738690721
-482802816
43207046
1199201775
-836226425
-1549475808
985406520
-600859262
-1318934639
-711494559
-393492267
-1327928609
1223540562
-551998011
1808653819
-768976145
-599132121
1633127061
2025169998
893443957
1286812928
1736658248
-1645412477
723240585
2036543740
-605034362
1039869257
90037368
-89229098
-212966899
-657746606
-644854788
1306771918
-185496101
1875897619
876709835
2059365523
-1715284714
-1596247428
921650952
709815434
430593923
1468487769
652962859
-472252233
-641954162
328169658
-1743248534
1023192069
1933921456
-375473886
169150714
-1030613772
738519230
1150790514
2021126965
1989572578
1864272430
-2049624069
-1015988444
-923305832
1397358346
-1838740711
1516360588
1417567420
-309744745
-427128882
-450468850
-975553586
-1750789016
-164536646
1343619192
-333745784
-155048682
-1039584435
-728018359
1672589631
1104247762
-477186851
525221954
-168379993
78522289
-1640696887
-121909868
1046040333
1045650287
-1146824783
2127362921
1793963913
-223100680
1863955001
661394005
446662505
1554841410
-621013606
960161976
448691667
-34103543
-1282002383
1001263262
-1913292961
2119879330
-1572185262
-440649758
-1279618310
1899886909
1763466887
-186327990
-963042508
1398224914
104671179
-1720669702
1507169596
-1195217809
-1137492481
-553396053
-1253997668
-1026716509
1731251524
-870468918
-2109446046
-583130203
630956982
-1991944292
-922782826
-1007648376
1831453596
1570801075
1649341372
1005554373
948028561
1974124506
1151075169
1544156342
212840013
823850516
-285294763
258912428
-784924649
1745062335
-302558915
1200837788
-1022427221
1398252351
1789217035
-2013961250
1089392479
-1019283354
-556392367
1626307509
-472937767
-92696888
-708556193
-2098528851
1023263788
-128593568
209168501
-338864320
1754186890
1982029185
1812849219
-1149006581
-56764728
291249753
-206341500
2114294314
-20558990
466821772
1176627029
852283305
-1977505102
-243162282
1348851474
-800278569
976747040
3560004
1860929768
-1557108691
1737586119
617604108
-690912519
-1826070269
1839894865
-748917002
1549384307
-132352840
-1108465454
-160043313
2096132010
-1444777353
413511175
-812370136
-216201781
-2130373977
1166456396
582214016
-1065524063
911451042
1863986731
-1222845741
-115004442
731121998
-213999655
275567005
54414882
696384992
-288080218
-1120727599
325971163
1737181587
1263163661
2093871611
-917288842
730843746
1130353870
1474416772
2072273647
-1287388422
1099861258
1418239589
1099029644
317759164
-1161775129
1559876288
-181919584
-2056646970
588433190
-1234334426
98912108
595001493
642810050
-1989849975
212389517
-1936584025
666750971
-1200735348
309980320
2074703977
-229450993
-1934686307
1144198241
-943451974
715134414
388874148
-1631759849
854165884
-1371650705
-1331324209
-665313973
-152259878
-1489451171
-1232228962
-2060169058
-1518519808
879245059
602386290
-1082086066
1706916580
