-901197044
-1459505494
1832564696
967473425
-209034555
1629017714
-1542755996
1872152261
-1395655991
-443366744
2061970479
31203547
1947042911
-2117493912
-1915651473
339367432
301534210
2043542405
-1750641064
139931483
847655935
1753891954
-575738818
32039736
-1564869245
1808457423
774375221
-1192056657
2082558303
-545710772
1876939383
-2109200116
-2134308362
714323069
1667240984
1754471139
333556868
-2110957209
-613102734
415386797
51528129
-642400119
-1323954458
1783539841
-1465813698
1632335605
-690082906
-1663285390
-1354366607
866176307
203766832
-64407298
277174698
1220441701
-177373097
-2108761305
2034291340
-592749864
-132945218
-1060475098
709590489
1791250125
-2065032558
1458585512
903499859
-1447782540
-255935797
108365839
-1586602550
444574941
-1034045371
-2075465263
-1190395218
1978956418
-1890761550
-1363796137
-349277955
-1196090749
-801401525
-1522672948
-1916955263
-1495467562
-885070552
-575424861
-994393911
-734410291
-1093845172
1838668004
1838581617
-959979312
-1101957443
1852438238
-1983041031
1362022184
113357777
1214510775
-634764587
876324120
-1011909505
-1625629971
2053298200
1249456288
-327166110
-1104861457
696682048
438240892
56908457
-1846033063
-409982473
649231146
-1433981595
-1925944092
1034005639
-812048241
-147336069
-2082350338
-1192456166
70656517
-328433324
330880120
1140537453
-982344782
-854053301
-611387104
714935
1942866387
-206317940
567593515
1026054128
217261574
-735913881
-1391782587
-1574785570
477796619
770618126
1449920778
-510210591
-419237416
1554954454
2101104989
-255772632
269997491
488769916
-1264202910
-357192850
-1924890520
1842345738
-1981925345
1045783703
-1571753719
2099160306
1320329373
-2068231186
910401041
-1288105562
1550309213
628226440
19391200
-1269631508
-348008990
-1338547656
-131982673
-405253184
1301704909
-1036926455
-1861966622
-48076654
-850451151
1237147941
1985535890
1083256610
1488400187
-576282640
-360682579
910129409
704298693
1017359994
-1719958560
2014493588
-1628590693
-1704357667
-1238368362
-1752865009
-723080158
-1994970812
1019341066
415453359
61983679
22368472
69642643
-1968210872
-1517817660
1610831518
-311608614
-797848447
1481167527
-1203811776
2096361339
-1217126367
-1432968007
-1742583915
1456208227
1335493800
-729367577
1107510152
1290174876
-127854926
-1777629723
283802921
1213673116
65788357
-1388731327
-801188756
1667706942
58045310
810922655
-1746009936
28670197
-606681226
1850055753
1631448393
-18564703
-2045778518
924145394
-274573057
-444317993
1774122619
-818967129
33485145
2023808328
1871946555
-811518820
-1302624231
-1756968963
-1206186826
545236169
1020078405
-60892996
-52218222
1165477168
-1011790057
-1858044272
484634236
420073361
-1697999304
-1761717973
138370310
-2139039745
-58066477
-1212664261
-608938904
-425307552
-636545992
-608521019
958527503
-1467767328
76507945
-57955399
1637161873
1721580080
-2107473838
1622339203
1142941998
1157591283
-709042863
-1083463329
-1954810836
-1884392926
1138030907
1120856767
-189025718
-415210577
1789746695
-644676289
-1922167131
-1269641618
-1464307423
635846239
-644760997
489572916
1275501205
1351365905
-268540195
301916913
1777786044
551997024
1150143187
-316431617
1753996194
778450953
-87557238
932206290
974544825
-1116136769
2042003956
-1106216128
1191472152
1566977877
-740449732
-890576253
946326947
-954629725
-1268501998
-367067300
-1236079822
-781843963
1631740819
2022362659
382779760
102151263
-1184069306
616639863
64080346
179604810
-239310549
1615077426
-590967144
871896428
-1927140243
-336516254
-186580153
1134303728
688269894
-479524152
740625611
1789056787
-469243679
-2140491769
1583265983
-303887926
880116620
-628333954
2142058065
1352871743
42213363
1040757153
2129223235
715247062
112830022
-1726198782
1395474759
1496811781
900650925
1659481323
919125337
-1279947175
-1911486841
1909158239
561973281
1639544277
-16714568
599816944
1077547823
-359738730
636043466
1062702817
1573445448
-931096175
1537195235
-171356877
-335013785
1657777497
1120469601
251204938
1279185449
1118983615
1987240584
-414929719
1387268330
-677666709
6226269
596944883
389845854
1069678501
1835452923
607198259
713083625
-1679824519
45078701
-61777956
-286599983
-1375752997
738177107
1069858247
1995845412
1996179272
1236606659
-239327294
504468568
957905404
1361972852
1755371104
677200679
-1242247505
-2095164118
1149991325
235384434
367936403
1478462995
-1058235937
-690066741
-1062943061
505597988
2054631445
-160144033
-635443303
725842635
-2137927125
1334091729
-88598112
253790671
-702415486
303931614
2118073143
-1379083624
-1681408048
1690764749
-1813501812
-1499929451
170414516
-1316558308
-29289231
-173860245
-1410862606
-1702205099
-1532521700
1457235327
-71068565
10300895
-1043107440
1208766768
1209828416
782253659
-1344623196
1670002725
1365668648
-179225286
-512532369
-55396796
-644081739
-1182984259
-110157158
1548986595
2137167519
-1730302598
-2002193067
1895083958
547949897
-507630305
-1156254391
550718542
-1845275647
-885991651
546407363
2039219407
1599764263
-636749799
1140288221
-190713221
-745492355
-1117171001
-994384364
731539222
1753758979
49265598
1792825410
374603011
1000206102
-904577086
472733146
-1943502831
-785505447
-211039397
-619278607
-921416586
-436794171
1820498601
-1424418256
1459680718
74159434
-475200677
-634887321
1931742013
1991542573
-1854596975
672897523
57506233
-1474122277
767030121
-1259005132
-1200642866
-107515568
2012917594
-1390164798
-480946369
-235432640
56081960
329329170
396358332
866977426
-1883194263
1732498200
-1597682742
-1459298099
187023841
1954848259
-1702561011
1916314311
85887074
-1911255511
-1274823498
111969981
2073087565
-1918519337
-512242395
-388329202
-2121401079
432074488
-1181489490
-71873034
269610712
790228174
2087706941
292108696
-1752418959
-576386206
-752629207
1721494448
-223703110
1613114267
-443353708
256682009
-397035644
1787860029
340594247
790448031
-1659461863
-1039482374
1671294485
290886750
-707456503
1084649469
643801388
-77377598
2139066437
169568923
1346504650
-1158036147
-183261449
-697268472
-2997447
-153034631
234438576
1468209027
-1368900011
-1505994189
733416738
714480773
75069391
1963728127
2019575951
-2050617375
834516178
30090870
801120472
-499239099
536329807
-324288779
-956494823
-561260284
1359755959
-61868385
-2144840696
-346784691
-1430724903
1398797523
1340405059
1243710181
1476660506
841919663
90558192
1230203738
1072202286
-1596886874
1116437902
-647750632
19559752
-297291062
1856971354
1663148895
-2022602454
-1558825787
687840534
1215532088
543486503
-1395417790
442097883
439071276
383014575
-1780274781
-1249319512
-68196412
-281971395
-493067981
1088101319
1609004504
1276886113
799765346
1077684185
185420719
-1576209591
-380135588
-1828238135
-1755048392
-1827956698
1135032247
508338982
1016916704
426901371
-1735094215
299653403
1358857829
181180711
-905636302
-22777020
-2137943221
-211636968
-1161116826
-363551565
-1893720792
-228739907
292012139
986049872
-505042472
963643320
376252846
1773790488
1270841142
2007857269
519800504
341662926
1134616614
-1093273166
1854611720
1318068876
-1385619676
-775028831
1114498369
-653902234
-1310305499
315796123
2004156390
1491259381
-692523819
1819514048
-1274765844
1215820198
739812883
71934944
-984392972
-418365460
-752083306
-789756897
1159949679
-1099724211
-19281940
-50332261
-880148098
828064805
-475795252
-1859206900
1849357000
-614095772
-940360815
835135291
43495119
-1169971559
-722293240
552360753
-213726813
606985236
-763131842
-391201426
-320430232
-415241685
526372782
1897619787
849288169
242636086
-2084320256
743247929
1331331601
1198613476
1381561897
1388368565
1314300091
876155848
704220576
855379168
481716049
-539291962
-2097345039
1721359602
-2118101800
2079202220
-21895515
2070179886
-1438111247
-135715858
742127113
1903762303
1457315319
-565604657
1768066092
-1733449391
-1649403680
-1559782234
-1641417900
-2099378828
-1670403261
-176279279
556109003
469795380
1717501858
47965533
-1117267089
-1757851834
1908378997
-593769071
-1194558053
-1361700646
260423848
1215641586
-498900726
424389742
282526901
-1727127204
-1127850842
-648707702
-1223749976
798065011
714814927
262380068
-120008114
559307406
-33644447
-1726514814
1637787150
2098564580
691682365
1182582175
-801579901
813334823
-1758332310
1497127340
356749923
-259363478
-1555326844
-1867070708
-1428475381
-165082209
1359868836
1298765957
1329081705
848196882
28060403
-1155384180
-965609353
-1876150361
-128710468
26797726
-1287085083
-1878156668
-664907053
992656393
-1687627063
-233464868
-1858083457
2123968913
-686564142
-1513006376
456105172
1529701289
2010833391
126070353
2046650108
-607935347
418774929
297221391
-291263859
-1214597216
1493783399
430621178
-1281279834
902823628
-1747675063
1058106570
-550770234
375818497
-1517648111
-365235147
-1420964393
-1850557518
1683873628
-2048215402
62535091
-2105080434
-1903057756
1787186113
1058735336
732898742
1231350354
2043030770
-199190517
828009622
694591598
-936373472
-1018969154
1713901172
1090211208
-966921853
82164565
623319854
1735654848
2032857681
1421306961
-19768077
265086687
554954690
1654031484
1821626844
-290877808
-1586448668
-526406626
1426544452
1903092493
-301513777
-843283287
1992238142
1534895047
-1452785376
144457694
1942850679
-1248845294
-1201122122
-1238318657
-1390595987
-1701040184
-296713703
962024251
-428244375
155380655
792207216
746839381
-41958977
-1511887552
-2120117835
-469949262
-1539948462
-590421521
-2139849037
1386335816
1380583658
2139748984
853530607
-417208965
-483277420
-1536782881
1597412601
1792257191
1565953411
97127127
-2062444662
-1092295316
-69081184
-623903
-400184835
-1507047486
-1900808803
565841597
1054671771
1344445314
1479547987
66814554
1102204776
1942137999
-995918974
369690560
-1057549699
1668315100
2043968194
-274196632
978209185
1274157424
1643819453
986418533
89564938
-752292297
1261270168
1395382558
-269651478
1373474043
651036452
-1721559431
1583470890
-1794326895
79698793
-201292034
-43320750
484418592
1598369907
-2082438451
-122554911
1004207832
-125477383
-478784786
776579915
-254511137
1055232525
-1273103215
215683517
-15214526
-1103004844
833370312
1324548488
1213670118
-1503580748
694890761
-1392366711
516192216
603364484
-953549556
281290866
-134572238
-1990567111
1465647373
968406825
-134951908
805407455
295760339
-314646583
1411549170
-1925878629
-160723519
2104683378
-1715329534
-1529787207
1707044790
-1503503707
515107666
-1426466327
1743612059
-28541152
-1763817644
1183549810
-780268466
-535453826
1132730276
1846773844
562825254
-199992309
1830604766
2146802233
421176868
287751172
-110979419
2071773478
470125741
1542919021
947370614
-172620111
96391563
-2010417796
829990294
30921841
-442625107
-1280753765
539861422
-887988659
1621328070
-200920696
-348241315
1876366529
1291156969
-1260740389
165999202
853222298
-26464944
1043923194
-1993445389
1531901255
2053448049
-2146189844
-632921137
-782038974
1243418687
525844572
-888757635
1527165778
592089433
