1122217476
-569068535
-205770534
205125893
-1142059091
-961354263
-41992995
-1269154693
1060699594
-1733674457
579846282
-1269898979
1950146555
-503688412
-1326477612
1499009878
1172025410
1691059166
-680516757
2136039152
702825641
840946319
503864745
196306023
-842831993
145552486
-1364202085
1515833557
314995255
1659756519
-34787862
360391633
873937983
1654238553
-1975790952
243656248
-1100960299
-385560992
-1499166509
-1500888776
-842291805
828865696
1733590827
-118319802
-1226000905
-444630775
1680332762
-872565217
-1600545406
-2055690785
-478952407
-905015768
-1737635169
-150333734
1235513235
-484154052
-1278171137
-929166559
-1323406168
1082064711
-299539670
-1238024480
-845008986
-2140860558
-385050258
1378005700
142116262
-300854058
-1875422353
-93111139
542929182
-148815984
-1483283924
-1872552890
-63358936
1111029403
-526673308
1515644793
-535372318
316299229
1172380298
47026125
450277381
-217508450
-91833240
-94932484
674513669
1215508445
-1112015323
383230497
103843863
1399198211
-1822543653
-2061091363
789651368
-1345364683
1836911820
6424864
-620719090
904400713
470529425
-300228451
1457947252
1558924915
-62169331
-1667394667
-1246918977
-1646921716
1315006746
-2074533920
-208972740
-1858031662
59640179
-286098714
-1512009645
1471658805
1794499521
-1146877725
-1401931800
1522025210
-925316026
-307171026
252295359
6660104
-1151827942
-1863897851
108172257
-114757867
-1443288238
-1178115479
1773400927
-862652997
675207216
-1832465090
-1689363609
-1205824363
-313403071
1222284467
103745325
979390807
-1842340870
1074567523
-1444846888
-1438133834
-1354286437
-2076551129
-1582082526
1412481813
-486701611
804082688
-1464957217
916064352
-1922108034
-1410702019
308571599
-1785998712
-377919435
505834220
1986804199
-919419786
58232433
-351714397
-508445883
1613578881
-1536338574
-321311406
-198310989
770907601
923214712
816560386
-1002140571
-664798776
1735171333
1510896612
561569861
238832647
183609492
-1274713064
-1643921995
1740855376
344619256
2138487294
-881661566
-1596014641
2119369267
-1354083602
992788383
2024666902
-1328712851
-701598552
1302180245
-1878906117
1330916558
1129977906
1847047765
1558322372
1643561514
-1966625924
-839482306
288760450
1634040989
420631620
-1622493976
650210375
1540818637
124561076
744693982
-1442398971
1000501811
2049827418
-1768050895
-1644032093
449112584
1235006781
369751265
736541578
-1768573327
-910013071
2127428110
253668861
1470901015
1902001703
-1811451132
-658838885
-1038944936
1644945720
675521018
554109988
608516517
-357490264
776691051
415788565
1188022160
-492572233
1836581507
885017899
-358529124
-220048206
1897523725
-1018139179
-1360909929
-186327093
2134325659
-1606982830
889183479
-291744486
-1096585510
-1033326799
-468603897
-972376865
1696916387
2098347721
-538561043
1474134139
1157206175
-1008479233
-1860348339
1657401661
2135728675
-1560555246
-1507117065
263121139
-1739623560
-447078313
-83179753
246831218
-2025062292
-1589818224
-588734563
104954851
-9107715
-1108955355
-64437592
1277474487
-1482293533
-625378952
-694987717
1737483108
-697409947
134010502
-79985865
164092946
-1362909577
1669199704
1636505402
1398402965
520392121
1733153099
1269639494
1230355741
-659781862
-142507417
100676746
-1317988027
1214056173
1397262612
35133043
-1921843598
1017459743
225012958
217205655
-771856973
741490854
-1298973525
-1797423636
-713645964
-261177720
1741245186
-398093802
-514460970
-1995933091
2019666622
-1031235951
-1272503805
-1552624481
1723764887
-1587691768
726359090
720755506
1833669553
-1940992004
1267278526
-434096963
1485648454
-1852404150
-1846729765
-285245936
-1566589300
-1754159419
-479535746
1944010237
-648765406
1647869052
469209150
-316579991
-638429875
-1720410617
148760939
976264175
-2105372351
-2076739416
-1779930345
1695263645
672809384
-2074580516
2003671189
-2070892639
1115920886
-2060712925
-1723934798
1146808389
553288689
-1245549384
-1456860534
1237742130
1805347020
-2003324077
1078826544
441850286
1030347406
612721845
116103265
-238026382
-1938883532
-116598231
735205667
-1816012343
1236133096
1820800663
-2058620253
1329499265
-400878116
517339677
699720889
1105964157
-950430840
1617972161
-905597036
-761435522
1278459181
-1336656267
776256910
1654195948
-1532493352
-420819432
-1261697460
339392768
-2121146605
635641486
1486605771
554165088
1025544129
439611624
802624030
-1766960674
-1586938386
-1930337451
848108323
1232077419
1406381900
-688196306
1803410256
1848118160
-1995327401
-2045159141
86045973
1551470893
522979017
-1168050999
823369761
-1690079653
-1128921087
555636892
257890133
204895657
-1098194685
-136139780
-1987304516
1213655506
-305059710
937637589
-1838351709
1144913771
-376808560
-1355354266
-1192049305
-232665064
561786445
831311369
-1728137524
-813947522
232877569
-1624435153
706888825
1606752647
1811433836
911653579
-194192743
-991589451
-1683405412
1133874319
610663044
-1106401758
-947763394
314080199
-756251459
-104772539
-1935205169
391363051
-1049566652
1510603804
-1403784581
831750473
-336042719
1075009168
-66389068
-318647344
-877938862
1501216713
1491525102
-1196243459
-1047951928
1837895075
549840870
1805797250
1053420617
261573869
-1272994653
-561481801
-1228074396
-1664492515
249871566
1963409624
-2108187392
643934741
-1215723421
1847405343
-1783920101
-1898634087
380241567
1749504275
443165481
-1760156196
-732299580
-1729584965
305520082
690522538
1933717908
-1952589664
-1465376902
-167333105
768638518
-1140572310
1016750499
-585999614
916906134
2117573602
1306868811
2098071263
300488309
-2079460532
1533590039
-1609448856
569009852
-1167470342
-2133222088
2113174649
437377354
-1417793693
-1335555137
-1665837468
1211549798
438581430
-1844223337
-261532395
-1240982239
-152512756
113165662
-1697344904
-659050
-1184843393
-1869667432
424026945
-717289991
-571170840
499196862
-80372883
1988081187
-386105729
-1318305736
-307200674
1209394879
-2124465639
-1255714454
-1066640088
1871354461
818070697
-1522128383
1366569135
239670308
-1549552092
-150373712
-1376562003
681507971
1905958848
-1945797582
-699507366
1265208091
1851743190
-190518717
844062285
1487101413
1794375355
-1701359220
-1005183997
1286334338
-1130567756
-693370156
134435135
-598960888
-1775134445
2054345587
305911052
-1291979323
365115784
-845759532
-250833755
589186428
-115021223
590062322
154799917
605475956
1433663447
364668787
-1727738242
-804405998
-367505670
-1559745801
-69960859
487251197
385367514
-1882210078
1037065705
-1168527662
-1472478005
913297244
-282946001
-557168346
-745804216
929919175
-1115820159
-1344204605
-573064402
-1710267400
-155272268
-1535957313
1270860740
-1013139425
-1817823612
-1408618481
1178284725
1261687703
1184801304
-155779456
-1518576925
1684293488
-1450703684
952053829
1290624301
-49916254
315304842
-1756668144
980045312
376991685
-655843519
-1764088129
-1679694433
1384880324
1026425400
1960129605
-1331000480
-1053351244
-394868517
-157888998
-2054096704
-96505776
-924335255
1613230083
883712853
-2008950134
-1171922328
-2118242899
-1685645146
-1140883728
1723509275
-619377963
-269560751
11625353
-2130630962
156380343
336133900
-836770671
-500943115
119543611
-1547824815
1273172795
99572184
705443787
1678400865
360829232
257703130
-1259300847
99524275
276865895
-1617356872
1507181626
-1303448114
643092233
1992299818
1988909850
-1572698514
-1026021633
1080426770
1391166326
1805149112
1498538945
1591317111
-1008317113
1106460292
-765394919
654131536
1046976852
1357543973
-513742900
1475486695
153167915
1827712690
-939788911
-856914191
-1103729534
514872592
1418681394
451782880
-275910704
-1410055131
1286861997
-2113615258
-1057172909
1386991849
-1786883581
-2035512175
-2054748703
1298339611
-263038303
729909018
1357171127
-1247551294
927016277
535923169
316880274
170797815
-1284593008
-1077199873
2034932286
-352007637
-1348518328
1331691999
-1554711903
184355394
-1319488826
-144238690
-826615173
1797579604
1831820274
-795642474
1192757553
1971622400
1576624854
693135501
-1437054356
261256998
-1204516170
-1788673085
-109056748
-458881022
-2120047618
1259064197
-1844779759
-1587257178
1869177628
1324657945
2108952751
-1573537341
-1592514537
-428898222
-446061725
-1124221593
-1140043101
1047909262
865217602
-639740551
-400391232
-92942507
1015214587
1149799033
-45654137
-1988229970
-920787679
1152906257
1020131076
-743494732
-671316573
1526707103
-1125720967
-756664544
-1279574431
-669974040
-1633161380
2025151669
1937686689
322080511
-1038605737
-937574955
-834014211
1536410762
-163374449
2010039530
492920819
1883421370
1149254058
1723227474
-1300748461
-1825759953
-386875688
-84349997
1005898006
-1641476156
-1735915573
-1933622870
-1447918205
276593646
871432194
-1334834226
2114338629
550111962
-2007384012
-1087042956
857557127
-376235730
205673168
-385233719
-1839455807
595445146
1367354356
314734485
2095785501
1208497058
-1694821676
-519426957
-148897695
1791360714
-1219248856
-1988262549
-494335365
1263600204
1755270260
1719985612
-1456091927
-712231642
95588597
1700223964
1923873209
-918783963
677057840
1875738541
54559663
-767610865
45041472
-1523110549
1386250725
2022699046
942247553
1158368403
1771338575
1385735088
1599413021
2134692501
364354698
-158364544
323560780
1494326040
-562289739
-1387142802
1028590347
300464313
1233956807
-561486874
-1991666501
1955865449
-2060900544
486571913
-821475214
-1823965084
-1790271777
-1791904995
980124531
-1595090420
-639145212
-524865189
1962845458
1364665467
-1972190261
-1581706365
-1385954771
1260540054
-269639453
947213210
743965835
-3354790
-1072101626
1203736851
489481813
1525221725
692497788
-358070899
-945272683
-1696601396
950894150
727903600
2108529514
1042074412
-1124124020
171066058
-445510829
-597587820
1178436689
1398451506
60363230
-969356404
1448334896
1174115398
1420325728
-1899632201
-754089689
-457675998
-190117465
-1979435567
-192907482
-203869432
-2109117806
1976413901
-730363307
-304730532
376428888
-243653076
-267502129
-232831096
-1870557244
371333496
-613186171
1037436679
-279372357
-856069437
-1190880770
-760548825
-325273472
-485451864
-1580193250
311369368
-935018794
-1472365985
360131060
-1808538871
285892758
-1283104508
1894116804
-769701270
-47588600
-14990710
1460709415
917599436
-684705040
-158221149
1435934726
-348671832
-2086931492
-1180310460
-1290942412
447394790
-2106904575
1829831414
-1507379717
-167169563
1363153768
-1222152862
383433917
1348327092
2125881064
1046521057
1646322649
-60161279
1950862096
-1367987511
-1277817374
2013676744
-830027428
-503946810
1855647669
2017372905
1781071561
-309171972
158443511
1529561299
819983499
2053579580
-1478547239
-1879160071
-2076533640
683087494
-546105297
-904983917
344321012
684576541
1910553938
-625446816
-1264065258
-712078104
-711408006
405362470
255360011
186496925
991171501
-845328693
799377426
-1278950238
389742906
-1383788580
824530730
1047046044
201278557
1501359058
-1012862826
217854775
-1489075481
1667652867
-160765185
-893794974
375748640
1893356852
1011255360
-695864649
369793616
907309719
-151728154
1363008596
520621084
842049289
-432641691
-1319265114
-870634726
