60860278
-800845157
-291312172
-1812033054
406550884
1794575363
928194268
-185666591
-287721354
-565136256
503614264
447078195
1169192474
336830691
1176797881
-136164409
688424001
-456999133
-1135270127
-646240199
1959295039
703241124
-2091993048
1422722822
1269589181
-1191965569
-1491054669
356208970
-1247567814
-1894994157
-570571094
-918254919
-1206614014
-1886360647
-487632136
-1869894241
-2026774248
-1065894610
-609234119
761380487
-1512691612
2089586579
-354773888
-1835016941
171430771
-1991091615
-554612284
-105262381
276334091
365767091
-1085118798
-1788087159
-524712537
-41984587
986553602
-1230436718
-1750466190
-705359312
556945321
961666175
1521163295
-1975437008
-531404602
1389520486
720725574
-264044902
1381184032
-1845494412
446003539
1897060602
-1995108752
142162845
1400828345
12637415
1346529681
51802470
-1170239610
1748431299
-1464301651
-1857823782
1496887308
142566671
-348760699
1302508894
-711987181
192113223
-917021646
-682797033
-1667617517
-1933551557
1512107294
34588912
2145460286
-2037671835
-739928962
-977679847
-615833473
-337478385
-1137805301
1718031276
-161231366
-790547904
137419080
-2039426675
-552368225
-538855619
-295409660
-256604655
-2091100896
2107385765
-1552229449
609359936
2126025934
418499585
-447223276
809792629
-936336674
-71290963
-2057419696
-744846995
289080166
-1471609990
-275303331
-917451778
-1581518560
-469832101
-689606627
-1934466030
-1292675826
-1847219772
-1836644061
1526086905
1366584961
-1805030140
2017361648
-1599675590
-956049728
-706786874
-243355790
1481550195
612003072
-262471167
894897567
247402348
1850258155
-1038387374
-1370196568
1496428365
1023459465
-577199378
1535685890
-69166091
167743189
909805545
-813044930
2120893313
1992447625
-1197874844
162090604
782977353
90550361
-589205472
664034511
-1505828584
-829183359
790578881
-2042196893
993321982
-873838765
-967009493
-2035124075
-855218211
-1378648097
425271936
-618016481
1528951988
-915801526
-1409497257
-482796818
623841169
1629577584
1125411423
1641849784
2058704687
-2138722390
1174372259
1464684535
2044711847
1346528063
355890826
1167111193
-718458190
206788354
-1202043040
-326315475
-83765977
576202639
796848572
879034276
-51816071
-451331492
1533841563
2003081093
-840548172
1638355515
-2099352652
-1357810496
1763472597
139165547
-2144014703
-50461103
317555164
1095475351
1439746250
-2006179154
1274173247
603450184
684311846
1122841002
-1898622179
2089165294
-2004963442
1228726766
-1184920777
-766968372
1626105477
1501277768
-2039623347
-840619175
1210681634
-758773627
629714310
-2055545292
1597396148
-380781589
536735006
-252595785
1079675889
931397978
-1976528446
936257910
-1090903831
701359496
241951303
-383073798
1037233194
29493274
-1120233936
1156356042
732121088
-2105059125
-2123363527
430476181
-997319390
1760563729
1157040708
870038412
2129134293
-1774979234
-2072927772
-1314384109
-1555478526
-585681641
1895677377
1649008877
1372922490
927305252
-1798138070
-774518938
-2064276417
399862419
1288502965
-1880025635
-120294198
-1802513431
-581320742
-285333861
-1033187297
297162028
-643594312
-1560005158
-758127427
207654380
-1437876045
702349343
-305957345
2010290713
2145690466
1269308602
1110359621
-1028357309
1410122571
-1810259483
1726564625
-622046110
482365098
185758436
477304330
-1734821659
-52186066
803564854
-193813899
-710477396
1109733439
1055519975
1077332137
360779166
85955320
-205711554
204073206
-1474771467
405839442
-678539770
-3985082
964266867
453776739
459764141
421349244
-1471396880
767534318
1575914178
1487388179
803674343
1386171880
1080665891
-857249940
1534586299
-9436024
1770420177
-1208179570
179509826
-1138367174
-593689446
-59007234
-8835561
1216521107
-1193097687
1268191228
151939297
-1208744112
346977433
-635146155
-717694226
150007325
-277202593
1274923556
1897892859
-1625477365
-2007100102
-1688382445
-759451923
-685481773
1441292088
-1711144837
2056212011
-2027616099
1669265188
-1298307591
1224820811
-2057257650
-302113219
1625882817
-680844883
1797501802
445596673
2047702410
-113912805
125247447
306099524
542623819
1529180417
1883321209
889503644
-1728555510
-404990050
915209180
691142680
1901698555
804557636
-348363655
1668292616
801111193
874362509
-1234946899
-1746567903
1373769282
535162324
1600446674
-1808792917
-1704872187
295253078
467570126
1151777221
794747395
1849967641
572615347
1551894590
484370510
850554260
-1131600687
198343911
-325692892
-334551986
-1074877634
553771633
-355988403
107020894
-1981775835
2098072492
2130368701
972653531
-236689226
401269625
590917095
1788417987
411608843
-707953445
1668868564
-2005623268
416339038
2001990800
655078107
-1390589032
-1763333891
632811208
-757904122
-1265495122
-98280337
-1427425737
465702203
1743524309
-1394115669
-88149575
159938785
1511343880
-1984467106
-1822276984
-1089913550
1459563273
1627598475
-487693220
-671110157
-150817321
299521207
-268542319
805149768
-1190402498
-520494679
1001344851
-954352575
51869573
1401560188
-1442169251
-1451812720
549563740
-1044113294
-682171025
-826564527
-600681330
-1973778804
967697174
1628039609
-1330574882
1935688019
-222364418
537165643
-167856424
-1105352031
-2051451511
-987264213
630495330
-1464291062
303514029
248530580
1819557027
1919883952
1228600653
70964816
-1365663568
1074997240
751769880
275633995
1535310798
291947746
-1186875173
-1596995928
-543474765
-2080643791
-1272032755
-1909662765
-1807290509
114462946
680228205
1358037292
1274091210
-665580515
1509688292
128803727
1208166673
557001963
-1190370322
1895032420
-797842407
-1256917910
1439236315
1873022680
574643234
1983532190
1228610262
86036574
74844471
-1258990182
-1611204529
-759480676
280260176
-834720454
-231751857
-1587649738
-1201103365
2051020202
-1324455777
-2070210711
-1563538516
-85135498
1140771643
1602582588
291543515
-102007407
-92951817
2100254654
-860656867
125855015
1311853390
170776432
2004399882
1660916057
-3296323
-342536717
-1732471445
-1290504542
-996904706
-1521725063
2072866398
1967679341
-1143429670
-1526538436
-1225181474
-1225096683
453463275
-511646945
1013538269
-181941886
2012275155
1760627953
1928247996
331443515
1013568737
1983026120
-909105286
-1466314196
-1314475597
-719390066
-1047184827
599011259
1259610571
969271885
-592773170
-851304763
874491872
1442427300
-1605616444
-1050736087
312453979
138660542
1945208189
867628882
-1491406546
-976278467
-582926813
126879329
-1716877569
-1897720097
91443339
-1436326066
1514364085
-672268803
1436408427
-1692525079
-230785405
-1583669570
-790022332
281371923
-2092821203
1720691610
-1275853824
-1619264214
-1324392323
103974040
1035895932
-717248511
557141297
1084880620
926180089
2115734136
1401160441
1130279590
509150345
523308010
699983446
229356192
1774148152
-966231595
1353225888
-95414036
1105787615
115041686
-2027057287
779849329
1976880392
-2007652561
629290490
1443261106
-120126670
-1024884787
-1757048151
-1482222750
-281528903
1458806026
-2029921833
2038231443
-1753216210
1126809490
-548676495
1027429304
-295951217
1736372022
1627337760
1173455736
-1534660184
-1571962600
-171912920
436833160
-1141795659
-67623576
-1495588214
-1997250505
1290600309
162044297
260419437
-1297788286
-466756093
1450572719
-1135559055
-1739108092
-1251700414
1749125345
-1544139481
891821026
-1138798760
-559899506
873428287
936628959
-760381869
373975193
104039462
1787722011
-1988816572
-2126129433
279461684
-1498478927
599884607
-1421709576
452975680
-2053110756
464524938
1945634966
2006830335
-232846510
748608980
70946884
1666760181
-1745899132
-1236303372
-1168076083
-256946119
-284156772
-1455886165
1187658965
-1829237067
-1061388041
893572271
611126089
1238606594
1797241840
581662195
-282919006
-1303908684
-53312762
2069219640
54973406
-2145848796
-1181925213
1275283630
912067637
-1460633406
-1348123431
554124248
1276757644
-755512375
2015680358
1681291174
610514457
551696982
992360347
-1025012367
-1294642456
31967384
-219641531
-672468443
-2118272049
1724742177
587670796
-731996953
-1366774805
-485495129
-1884736792
-1876073854
1184012088
-401268247
-604296847
-2043945368
-1309417299
1527485880
1502555673
-1122435823
541843075
-1178753868
-1625910733
1144874644
-1235655614
-285796863
-556852174
-1503772153
1381971643
-1524668674
-1785664309
2058883045
931387587
-2132007997
1152426812
-706037050
-1629162037
1171842380
1767788049
628239167
1434616678
1632452392
1180285498
113211142
253200279
-621156290
-1191321452
-1697844797
2103423761
-638130390
2006526541
-1219875088
-2146582210
-1387395513
888182919
-1812797774
-1243568376
-1878123468
1310710244
1233849552
1123312710
473033509
1850663379
925015552
1933549346
596556620
-848064230
1889946786
1221899828
769445346
91650283
-1328813617
626027961
1378199817
466085138
1595453301
-1056959333
-1746493077
964048349
-1510462007
540665683
-1855781613
-1098741272
-1131440521
-1171665471
1623642124
113836650
-894291409
-2034964012
-53719406
71638514
-454140826
1115325162
-1395774137
-665777136
-458518195
-1858006145
-258805128
1266812864
-2018621619
-83123147
-1517279295
1965909340
159435261
-1088917601
-1805218751
980366196
-307712958
-1997768222
172873887
434757281
166496979
1175787936
175775799
2001542528
511777261
-1741121461
-90948423
-46750342
-1613711514
-1919670239
-1188335754
-21095120
772149018
1203446818
-2074790028
-540751711
-468541376
488516137
-1364727166
2118074425
-641342488
-56421317
-1724829248
1918853167
429851910
1857566679
-101298891
-1295779938
-720321616
-813795947
535812673
-919340816
-1575329421
964690822
-677708540
864078949
-2123994394
2050607599
-1039677425
-1551865769
-257358796
1749423142
2044791871
-1444743084
-1734853355
-1207495152
2003330270
1307747938
540336611
-1743232285
-108273613
1464822789
324215603
-1351249883
-1969649953
-1569793965
500966515
-569228666
1581103116
1865134981
1206465567
-1280607732
1302702536
882239453
834300357
1578652876
1415219794
-2101919341
-732098356
1315867056
-2012043684
-1206556307
-1291724188
756251044
-1813946175
-2018075235
370461778
1347682819
-555530188
1768899239
1267423164
-1206050354
1722761265
-1797755168
-1787349258
-749273034
286614984
562661603
1001236456
237890913
655399408
-671190379
568398835
-2044266062
-1580538824
390614818
1029669519
-2067617105
-1077637518
-1137965183
-825948729
-1863991697
1420526297
-2046836366
-2074647921
1627779084
-85188008
60961387
-397221025
-255773178
1044969150
-1161667199
1967901857
1382558280
803053654
-2028328535
218462226
85446558
1154022081
-1378404616
894689681
-739927519
382352935
-691776147
-764983742
-170086996
-1248350325
-1976622100
171162509
1814356262
1366498795
1975327461
-965819219
-204581477
-411133596
994222587
565897180
-1652825932
-870194879
-1969801002
1745898570
664175166
1341143611
1792234430
853816075
666432616
1023052946
1971810215
-299406743
650896579
490795138
129702747
-1429293233
2064475272
449646961
-151227183
-531085424
1488787302
568211623
497198798
-1695505675
-738505078
-1406212389
-793815640
725841823
-1288028914
673324494
-1484647935
-1862714868
-1675332116
-979676814
-1924434219
-1513069368
-2047157033
