-543040229
1111096933
-1900845361
-414804131
2001320661
176352051
54905652
-642494524
342333657
507033227
402083353
1329331887
63271840
-2094178236
-490321099
-1633613177
-552597628
-1794036151
510777235
1089077821
-1212665773
-456617553
1911098569
-674599355
-1774702077
830224161
1727109562
1781422808
-77506064
-1423584452
-1037588001
1730666104
-544402890
263486859
516616519
-1231059715
-194586004
-1679497613
-467371264
-796323308
-1859748987
1462343335
2063790757
-8025282
1823271130
-603686041
1813822
-1663479694
25371854
-1601255141
1889762252
69544794
43717413
-1996858477
-388371724
902717456
-411719303
1205744284
-641754822
-630640786
216699344
418396799
633176423
130186199
1335096233
-722094362
433855866
1855702814
-1805960049
-847703186
-1766876423
1216028128
292786403
391726531
-55812699
841627531
-746256583
-619327576
1014213009
-1661181387
1697591148
-1093852488
2118240488
-1799200575
1496062647
-1962745372
-1051110652
1474528158
1805926804
1231516000
-73794784
-1255633333
814241057
1399900446
2033317790
1700641101
105741157
584109740
1845857712
-2039257634
1887203846
1285859329
2100570111
-1196035925
125574557
-533778266
1085464203
-742815101
1203327235
486007186
823598449
-1426944607
-462078091
-515752305
1949418638
-496317598
2108320769
-1790595786
-399614882
594029531
-1007374883
-1385683031
37592409
-891068218
-1032237046
-979940185
-2095536185
-423017509
218413013
-1442710637
2056280887
1321468204
-2059578139
51590336
2078655924
1566346662
805476781
-27423289
1945580619
773361534
-741754749
-777314660
1987692315
-952998268
186858303
1850304805
363798759
-960657343
1750600985
-1074451930
361340329
-2018570198
723679082
-78670795
-91381996
1533302671
-1709058023
-589684979
-580612410
-185587009
267588624
1650390455
-1146147517
-1724639982
-1017163009
-427079601
312957599
-1952961590
756941650
1169506061
-745634170
579487864
1386914244
-1523319027
-1194336869
-432284574
1236501748
2059696070
1936575270
-570314052
-324726465
2090799371
1790278348
1154223055
-1498704063
915721704
-984366768
-224184184
-1478986398
512634640
-869584267
279801421
940499675
-298291309
-562637132
-1288449389
1981967420
804786142
935284406
1935494333
177942292
1460879800
1470861026
1923420069
-567487256
137934598
451026151
-1803311781
-868234928
1455762043
-1748412063
1910974289
1905091828
-559735000
-914308346
-306502269
1527798457
-2132055609
-1406279612
1538935564
1721773626
-167855477
1057974066
633673425
-2023452484
-1987069978
-583397653
-984957883
515514789
590960742
524359569
1877497353
1128971754
-702760708
1856282964
-1572818427
-1774689053
-1219989392
-1591245395
151243405
-1055949344
205135029
-546669168
1676775797
-1511654633
1014305022
-227514669
150526156
-1928982314
-1319262802
-441601743
-73248877
-560796408
20280274
-47897377
546337867
362262861
-1813507731
-1674376039
1786709337
-1923466821
1584283903
-1078516127
-262078662
1786160252
-432307344
316587303
-1585920009
10018466
1690128348
-375701310
-613216649
-730518045
1372321435
2022246236
2046907499
541640878
1468287002
825786210
-1608266558
-149089030
333040771
1497720535
-1214615245
-429119
-828519927
216945423
-1896877499
-1913910201
-1659471688
-580708790
1562775497
726404009
-930606322
-1876048923
-431577404
-1119186833
827040050
-941212067
-678323561
-400481543
1763776471
-1657072235
-1045930570
-1960273242
1666969575
-1798524964
1692745894
-436186971
-816434976
-1209579054
394321851
409922179
-1104979085
-921330575
-1550177784
-854210371
-605866412
-1227765496
724305263
-1360762104
-1207722867
-710377167
206295663
-267792806
-1419319158
1441235630
-826760020
-1632639489
-12307202
-35967073
-382994444
-1411667225
-1319094261
200189519
773259833
-1503460392
1797963783
-2051738561
-1645574680
-659305331
14350532
-1502313802
917861421
806272396
-920165561
910031272
1205379738
4384453
-1593615366
-1025449610
381657824
1014279613
1899914218
2076584461
-2015564058
1214441166
-1391523340
1472554152
1229407648
-85639497
-557011362
2063462550
-628433797
507171976
-1978546605
-677949517
1338068024
-593888008
-364440798
1816981261
567235213
1307458824
472641706
-170078258
-1264512
1736713452
-2101363351
-1364799940
795775036
-1144132200
-40674679
378073550
1753896372
1969563542
520663277
1185613606
-794688417
-1556823100
-1850297923
1279062374
-5978571
-1274033334
1421391202
873594735
-980096641
-1905932772
1651776770
-1567426123
-1355542030
1453038088
13019393
-1856246826
-1364053741
1124396042
-695778117
1282938048
1569657757
1693961217
1807856469
-1061205803
302488313
1355980890
-1201365966
1527193237
-396553169
113985078
330980710
-1363649255
739645122
-188062389
1811444315
-162905751
2131058679
-759073736
2141458815
-1660193220
414694376
418787242
820232549
-2024943802
1483102317
192233711
-872940935
-319890788
-1703032301
1301103837
-2055227368
1294725201
177194051
1337235851
-1829169475
-119611175
2075575718
-14547606
2088027261
1789341960
1764817820
1832200155
-1102335707
2102731346
-573159951
1980214169
-1023840046
2035983039
-1050317851
284595934
-150844175
-2461157
1775918374
-663895433
-873028679
1232690917
-890129305
-2025131249
-1123221400
494137006
1132316271
-736177271
1937100552
-89559097
680831016
1016601867
-112398993
1922766300
1132067307
-981487464
-1814328732
-1581752405
-328553200
1716500360
-1504571909
-395935309
-1890400854
-1403541587
363280809
-1334586075
1126105365
-2061736315
1037350995
602025472
1815221197
217740373
-603118185
-9321063
993383896
-1511524143
2056453215
1120824183
-1429535606
-526068450
-888837481
-1176115745
530449010
2011806282
6423700
-1117209770
1062464856
-803285212
-1338974194
1678744991
1886792635
-1271030367
1149157729
-1501942346
1872628400
-35450818
812030747
-1384947776
-75203692
1324959364
-1626642447
-1531681204
-1596359550
-824691720
-1537063811
-797927497
-1211493244
-94219273
1712984874
-1238956580
-1487876949
-1425885379
-1017935333
439912855
-1083802554
-232117648
1201793987
-854265811
615534326
-2141031116
-1134336955
-452759814
320940303
-374308799
1728239105
987271159
1339375779
-649359713
990956838
-237951332
-1459801423
159420376
-1359944428
-104946809
-985849871
-332417061
2055874109
312345272
1922204322
-1824086456
-1973168681
502258532
2088844807
-247817664
-1157568123
-1516034499
-1095987731
1972291334
317608279
2037562266
1207447753
-1347771963
2048493414
1935937351
-572955129
598021295
-513001250
-2052040169
102648718
1767167772
190333024
-2051871262
307663277
236820028
253024495
2112968566
567545114
804891562
165279069
-725123765
-796222798
1114700896
1648178277
-559824870
2029718299
-1601394304
754826953
-1245857244
1136535228
-347101566
-1804147210
1417922560
-1333989640
1406866437
1265549633
-329100834
1945705627
-1388487662
-4204350
899279857
-1919761507
-1008562063
1646236980
1990969508
-2020166644
1661460204
-607216158
119508321
1486036739
-444887608
1339046208
-2046183099
757066893
-1531716126
-1761328273
659914204
-2004711364
1658016853
1306864218
1472587895
-775827189
-183241149
1586339446
311783479
685895930
1269090642
-449754323
-2143882492
1879558004
-1153609749
476194947
-1347770727
2023914362
816217601
-2027503329
1061010778
-1678520638
-288653296
-493176187
-1871506664
-218387837
77389119
1732107038
-1466052388
993760951
-1428763836
-1670631515
1022913527
-762526976
636252233
1356675394
-747810011
-2133830981
-1046257569
600252459
-1192127730
1964622407
-180778173
415564248
-1938265263
1541059136
-561299298
1170018852
908655700
-1488239537
1731122566
692431788
1075076852
1712393564
-379211768
-742041523
1285370564
-367699171
599156931
1786802411
2065985228
1968227915
-442832536
56331245
-1383360914
-1647699349
1865927488
476477268
-327938577
1576488135
-730013198
2096482019
-1074486354
42533230
524717986
-1149353652
-3202922
1088779475
1425395182
-132795958
-2094666045
-560677362
-642383335
1012005498
1280370675
-1996053434
-1515818062
234142247
1251278783
863731100
572756802
-1730119887
-2006136561
1507552672
-382031651
1508275830
-348530764
-1434965083
389078889
-1004607711
-1441903436
1915579152
-310675446
-1835991415
-1356653298
-945473552
-1821761085
-677602417
-857206297
-1885061746
712535037
182174176
-605631453
1717507194
287010519
635098966
-237620838
-725023
-918482494
270908324
-1143931279
-131936094
1563901407
140304499
1695000003
1583455372
1423397779
-437955832
-2074972649
-703455730
-1016882501
1682078699
1324911903
-1707898587
-428831385
-1859313153
-1155130569
-173545672
72308311
-180407525
-1761593404
1698290317
1518532707
1439922566
-1822859293
-663431124
-623355067
602992632
-1489900006
2008992153
1497435930
-521213374
108207118
-2008850564
2119389783
-1234773484
1151741142
-375689786
404716843
965612097
1138340063
556126530
-1063030097
224622940
928460940
1619552500
163316597
1646936527
990478392
680438504
293224157
970223171
-1174596658
-634083951
388556604
1552747099
619999734
-370976901
-247038377
-1168568106
-2099827438
-1249331378
-260886395
-1375944875
122371776
-971462831
1549622657
752272924
-296775470
-1156897899
311924389
922011913
-816892165
-189495251
-571124323
-766850399
130141250
385271062
862338695
106481222
729779354
1262596673
-416043223
81863224
892240731
1704698046
-1611815792
173336344
-2061294813
-2021414666
-1280241110
1299468857
259417819
-322878978
-1209593357
533730612
-1514467321
852038328
-1870997686
-1549254342
-740435822
-1796218467
-858733334
-477559737
-739921061
-462472604
-296956518
-1880108234
1890034179
-300887426
977214977
-1075233838
203182914
276842454
1172531704
-1878103868
-1914011013
-1338773340
1398759309
-931477411
-1511259811
-2090193499
-2146188479
-60415850
-652398493
1412677367
-1622522581
-384831762
-23721246
-475667894
454806185
-2133014139
337428255
-1142874983
-1825406998
-1866361077
-768109390
1681132639
-1579375327
-1807019042
-1976882863
1792375347
-1206189417
-646681783
-1792876508
221824841
-2077461331
1439196532
-321331566
786339174
713353084
1130693237
544976308
-1116367503
-1868609050
1880165398
-2018558563
1183043300
-1085250877
-1996622620
1698681896
1197792308
-326493656
-682280091
940558403
34245229
-1797145280
-923285019
183743634
-1142676638
-287104929
1667231406
1357323929
-514203849
-400568442
-1784008077
76809941
-1580702122
-2080441907
1585510205
943907228
-746008166
2077797251
295711121
-1214707570
-515510764
1590601713
-300245062
823447240
-734657970
38071583
-1897524914
-483613682
-464346305
1362602768
1704157256
-1469689175
-1542057779
1047262435
-702406509
-535895162
1593091964
1188573075
498750895
1363883729
-672611738
-860171753
394878311
-1691777699
-1091181656
155331056
532000430
1804448100
-845739796
-1823408754
1292247044
-1960652690
517340971
-758138687
573969347
-343521804
695848048
869187917
1455100754
-1536736370
746291074
-1296846539
-865975838
-337676631
1182833514
-1415493923
-2022211399
262947022
644795750
1408598347
-1938352561
835481186
-1154869455
-147616628
-671639443
788200106
1213429069
-2028408124
-1229815570
-1020934926
1715307022
2064785127
-2078849310
-507299429
684087828
580197277
-1101720994
-302749688
-1799673878
