410607116
-416575886
1916557374
-1077248302
-1050559756
-1139720117
-1434726974
-1539850561
-1442324824
1424965433
-304857439
-1680762540
-948092956
-629571479
1043033030
-2067770542
321275536
320598746
80293129
-863355499
1790148964
-476814067
1885549099
-1777452698
1866402874
-260047161
-1122860095
1507294714
-961811222
-442789044
-428784840
-1422766382
-42127056
-221184095
1198891477
2016466535
249862537
-1093825440
1168440464
286807359
1118505338
-491660551
-867175567
-736722789
-1415559484
1448314788
1476096466
679418430
-20163602
-47124612
-573652898
-1200649294
-1598159422
2138222940
-384936654
1477000729
-786052845
-1952667608
2082307236
-1912818306
-87103044
-1641734667
-528057509
1953432355
1320485707
-1205058582
-2141964067
1339747459
755994467
1552467977
58929641
-686451458
1210292792
1443879590
-1618891731
-43623808
-1499570406
854981797
-931986689
1391482684
-1216692968
35895321
-1804648361
1265901798
-1397209326
1063309262
-1095344417
-566573696
1261334412
-911932739
1031136150
547843972
448005949
1444114481
1010947820
-1744989861
-823036417
-1092054234
1469991950
-1859220891
-83609165
1957968401
-817055137
-1141470680
1358218563
1953235317
-397313462
1695044516
1083330603
-1278325187
1891704820
675063517
1865491681
-1450468612
-1547632332
-967983673
-1809764018
1223692833
1427806367
1874608138
1360779798
533412245
-907282478
-1311349116
-803665555
1595709621
-1696966911
-471021731
-1917591680
-1178463278
1731924370
-1995206702
-1033913661
417154441
956160083
-785668664
-1340940233
-491868096
-1221855819
-904160651
-1065781811
-1180395749
1749872139
897672756
-813154816
-607402057
972984672
2059702848
2115153691
-1863765885
-824845237
-247132969
-2018885163
-1509893929
-108727401
382742884
199996226
-1955903348
1178091523
-1971527917
-1493976447
-232643643
1722786388
924341771
-386973965
253607619
1500526820
-622029047
-1107466644
-2017304004
-759356770
755116640
-933421843
-2018011540
-1993914411
1595082563
2060784291
-424566924
1507943290
-1758914861
1521253379
-2006464448
2003234472
1310926519
-1322646889
-2077311090
-276234327
-1021295510
-1048258124
1674851961
336493687
-1619697856
1958335438
717828290
-1657671106
-1853184658
168920684
-120279868
-483751726
950678869
-1939901780
-1770302
1015610586
-21637745
-1536827953
-1037515874
1316862269
1828806067
1341086687
773802902
-41139572
1677994708
-821959153
-1592269891
289289805
-1466342342
1295335824
-346613583
-845121908
1928473215
1149851748
822023519
-444662435
-1870881486
-1887529882
-1768923087
-701128280
-724918577
-45912037
923214099
-122887999
-1236268480
-2030330785
1404546712
1905142572
662445103
546353371
942748754
-579834391
-679955533
-1004772966
2042810530
-558535856
-1529731671
-1173738364
1793591158
1993450894
1986936753
370552019
414980181
-490453225
940805548
-1652012945
1431030720
1799140890
1079832551
768114087
1463978534
-1484258663
-100474792
-1099797915
-2102063974
-1344267096
1419462090
-59412086
-500383161
-1820721077
-2014728634
1160961655
-263567274
586979958
101295398
-1432911207
986805053
-764309436
1476659750
-1684345648
786272393
-1178085368
966503589
1789446408
1371875729
-529300189
1346844465
362434257
-1645944418
-138893409
-1406913063
852383368
-481384667
-1559713604
-1989360549
-2091874888
-1376188644
-1245845645
1050946413
-713107130
-1214886805
1632092204
-827388808
1190708817
-1620154528
1959758791
-337908445
1208353913
-1067431955
-846878328
1865153478
720946061
2142038045
1128917691
1902494520
-728001396
-48473385
-1530817796
-1931188012
-1226259538
-1261630978
727949585
-1152883288
-1149481308
1250363113
-796370895
-1505137772
1663357389
2041005868
1614757645
971230864
2037309606
-795076038
1378817360
-1764451828
-1700937802
1012268992
1195223268
347512478
1941193943
-2043482584
2007881314
31811309
-1769471155
-422691390
1210285701
-1540950104
1991111205
43450594
769212538
1347157045
1389085709
1520314186
-1880720348
405433619
2021592676
-656517892
-1280230029
-1480523709
741597040
-529092110
480365359
525472521
1255695044
-978347161
953818935
1410047976
-2075515739
-1956951990
1290867566
2058059788
-527187238
961951129
-1122851505
-926090406
-1760714379
-539205908
1781454067
-1389489616
-336166514
-1411971562
2064115896
-914480629
2121732191
949599341
1991614803
402425064
1376585647
1651385948
1396022067
-69129648
-1001756625
-1078007601
597270441
-1027797472
-463569629
1787681783
770026141
1739526178
-1818362332
-1596013630
1743583281
1283965793
1336387382
-1086547549
-1275456437
1622514939
843601901
1041652767
-926697738
1803072044
-1422890071
-2107641715
-2093779132
-426927105
148339866
-1224147638
1600945550
876347677
1611980098
575572971
1037799842
1308301431
-2091169374
378774838
1179293307
880681018
-2104826252
848911711
1487729734
1018473898
2114346073
1911412002
245563862
1122881007
-1328501582
250060800
834371136
-562864648
-306470187
-1564151682
-380092985
980699584
-222366155
1651791759
-1150988654
1082234020
-521059227
-101623463
-1923260863
-1341909471
196688411
-2081716174
1735959833
-2036963638
-1298697416
-45228765
1737056874
640867530
155980100
1662659443
472434208
-112106287
1051251879
-1863512946
475595521
375546316
-1675515176
1798079485
-768547971
-843380331
-1979027380
-359841775
-953304559
-328982586
1177102278
-396260999
-450569789
-1646609354
-1137945050
-416050077
-1622231122
853176749
1992978899
395984918
-887719964
-225866596
-2133849085
358836679
1550044951
884497773
-1593658574
134354699
1320728189
747360779
-1397755436
757435010
-1039942492
1593598598
-42087320
-939495469
-1039089005
-567687726
1981844171
-1702923195
811951315
-923243667
-140044310
-863359858
778098233
-1652366707
153314404
597238221
133066856
-822720149
629109721
2126417912
-1952397918
-1051985392
-6783516
-2004618626
542406462
-217945623
-1244361187
1833078331
-1745633843
-16908233
1587228315
-961213120
-1019576958
-1224173197
-764375616
807006833
678927019
-1043355108
-841360666
-2107677753
2007156702
798280041
713829354
-2105150044
-575833983
-1074341283
1684297207
679324907
-1515033096
-1085537139
-1740970889
1857834206
-1946285043
-256044498
-560264391
756831663
-945628866
949895516
1389754530
56133849
-687998274
497506269
138734352
1563594266
1241757546
-33145072
906274916
195284931
-2033025995
2088518979
-1717111603
1489701206
1145217688
1884226252
-2146207301
-1986633414
1964477364
-1949031457
-17943155
1093351381
707066780
1188851018
41846694
-1700304551
343696028
657895152
1969644279
952145427
1895672774
1226997982
-2037088536
1942792664
1539399318
1197236183
-408426163
-1446663830
698124537
-1478221356
1048963010
1975389206
266991247
-1930288633
-1455193596
1763936626
-2072584548
208077966
-1983960050
1825181778
29330505
785568000
-1272767613
-401978549
-2143690612
-1389731892
1660261504
1992815093
-1182062368
1790860802
-1469389502
-152200537
-1314972618
605229289
-883094871
1701917512
-1421780160
1390773774
-69977931
2123745539
1349888996
698452093
-1915906827
-1076083722
-2058284462
925888735
-1099798824
696033644
-3277497
2029009294
-190419346
553207254
-1862853516
-89143163
308928537
1884527030
1145740139
326085093
1126878303
1182509662
74779598
103096375
-1301366554
2042109434
1672187729
-2011585396
304040646
-1935302653
-1715479038
-36762982
-1628404742
14004172
1037618091
-1453859584
984245735
-90685810
1717494191
-238506316
1585611113
-1578100757
-1670341440
329598038
729989201
1189830782
156928103
-789573403
1496033248
228115404
1547524089
-1293698900
-1706477736
-1639883761
-1241529091
-1077150145
99072411
458259887
-708683251
1671905748
630903450
-1766755849
-1209764519
754438253
-1212778025
1163887755
-1094231166
-766678918
408749334
1825460743
-300407865
-2139427089
1347833053
-1566962119
558279862
-2142261907
-150708996
-1404809456
-1047321996
-1322660596
-256113813
834593833
-947069156
1682439203
670501497
2127700029
1924833101
-1126957217
1826534616
-1675559839
-41038121
477736625
-1324813643
760228931
-1180719338
-619652623
-259779322
-1612899286
-1763815781
-1713033085
-895044785
1022545382
-916563584
1099998655
1499546243
-1188032594
2037253752
-1932364633
-1708646951
123533398
592976738
-1476721180
-2088145660
1625095008
-67848896
-1917178727
-871886863
1608131674
351289411
1508710253
-89419799
69704529
1256860087
278552804
1423862169
1864966058
-1534044546
605420906
1091236773
1065712006
-571665861
-1414885883
-2143261022
-1455144683
2112423531
648098379
-1472369389
-585412001
-1375624050
613337018
747681096
941918280
248574036
614311460
1444207335
1443916802
513073799
-2062070730
1589796905
55664098
-138695670
-1489129764
-482166440
2101714609
2123180699
-1183207350
2015011629
574077135
-1998678078
1251021131
-2111743136
-1312378183
1536039019
-235116791
1904123815
-1460625152
-1540069977
2039433362
-1391973966
1905521009
-1937861701
1480834614
1072860385
2090266515
1512474505
381030384
95848512
1677474677
-758192150
-600733462
2056753796
1834895492
459068511
-244854877
-768983881
-1630418267
-2031961163
442148419
-2124059532
-1577329438
1498949233
1099618901
1439991984
2038754615
-188360393
42431036
130455012
1699691058
-1393617424
318899513
-1307997901
1059504960
1212574343
911087643
-613452496
-841723213
2107476157
-1197793917
-1445370249
-353884961
-245573721
-1798058402
581569534
-1359983414
-97219975
-857230292
-1636680151
2114603516
1269127613
1037066684
-425884382
-1088456838
-1296186203
-541273504
503322457
-520572235
-1490750802
1000959115
1809087821
251699334
-1453249624
29357011
-975689034
1543444635
1540128633
-1053209842
-1407616831
199480261
176806148
-2114923619
596931287
-1555116396
1905228184
1478124464
534153658
-713558825
91596972
1800665563
-1370042096
1973283155
-530904562
1676106907
217250556
-798754551
851611904
-1895262627
-668916681
-1762960836
1452814016
1830506900
373803641
1923177760
-1404597205
-2019998950
1907385179
-246887659
312839530
1439130749
-825635737
-273747193
-1534840551
-1850952166
-1043204779
-1456278074
-2050466299
1894780107
-941802675
-426401954
-176625217
-885013123
-1239834086
883881287
-362831438
2007568120
-749763525
912731805
-1579043886
-1032969593
-887545255
-2113793233
-566092200
1618072416
-1072739503
1568861668
-1396580278
-1515351116
-4168362
837084271
263605335
-1452764503
1907097542
85008382
1728470413
516390805
-248433690
-125113832
1803520447
-447568833
-114001209
296706608
786582022
-1052528019
1580381939
673999817
605804678
1256961288
-158728409
602801817
943343884
304110220
-860464593
942399245
-1210317611
1239924810
-2023490993
-1711801366
-1607298315
1683488985
2030877453
1114342236
-1806654928
11040997
-1009306053
1171119778
-1660591839
1453992279
554630078
1877220454
1284126415
1435524643
288347688
-1515506582
471705480
1772354884
-1132165199
-1554875781
-1482453748
-562243253
2091606068
-220327381
-789799874
1409839182
1807389706
1032067907
-2027674706
-500295611
-1143143100
957218602
829092982
-1352206019
2104977094
-1658141738
579076467
375950001
522049765
-137259277
-89859380
1485945733
665423945
1200212856
999646226
1477271832
-32845594
-776622709
1489102121
-19906246
1367826861
316541433
119143507
948771305
