-183557479
472070288
-678425299
217742199
607112382
-708145390
196038268
-635328008
832304051
-237590123
-535141829
212423759
1806023594
-289142157
-1815381373
-1060530636
-769112639
1540049034
64173463
370629086
1285854050
652083103
-1047662683
592800046
-1532813938
-1642340658
-2083381092
-442188850
831617388
-1645552802
1383834238
1626501160
537563642
87206679
-548093472
-1808173513
-1969829218
1276017181
-328524684
1203218184
-666026120
-225984692
-478429297
1411633851
1261054178
-681712280
-1344025768
207348139
1076090327
-1949127555
1019033688
1128915743
2144217680
1872881458
-1999556988
-804036316
-798587066
-1358087511
-19318767
1005433573
1726286676
-347320259
-1169723743
-2099056836
739292446
573726590
36455162
2042602575
176307135
49660018
-111183811
-25422681
958242865
-646820441
670786332
1288692061
-1554170245
-1833255586
627851502
-1446859944
-9102964
137280737
-947625294
-1290609572
1329854222
239405292
1033172711
699667233
-1731111117
-243621003
1286190906
-1242756883
-1238607167
-599717032
-1274949892
368093100
220545769
777536599
-1425722299
508359779
1210758463
-2116915038
216415392
2068433187
-2017992890
1597374598
2012467809
232398679
1850986114
1040232643
277184833
291287579
1617785362
-1776724408
-1970047239
-2107837602
-637156830
-821499720
1630489409
1287956670
-644174139
-712597574
1200610900
-517023809
-1448746085
-118938742
1591096892
432738514
-332463780
884906913
-578745465
160591555
1467422471
1086046855
-1403768076
2068943408
2142696901
-1368722276
363146634
1216621039
1286173202
2139824924
-1541668142
-1460421908
896016790
-378944173
1082520501
370418444
992281150
724260969
-1069690140
1388728989
-1249366734
224783278
-760556504
275259353
-1531808527
-478190352
-670082100
-496193642
1425177978
637241307
-1878291750
197347514
142281946
-374340045
958370405
-1399759082
1811749289
1207194581
570402319
-928973844
759004223
1134274936
-2143073431
937444106
591792412
1095719554
2039793243
-707308473
-245816132
-1242359306
1213712832
1295238629
301834206
1404265831
174338790
288886102
632140255
1884856850
551981463
542370213
1905810230
-1208759267
-861176606
1449012718
-2001751225
-881308554
1464294
-660741973
587499530
2071961665
1067076100
-2053664252
-1810843675
-1406915799
-1066918293
12204325
-1330696570
-829654561
-1971049615
240440764
-711419246
-867637399
1720332969
-58651086
-129107847
-1359815543
636467974
-1903613265
1249351983
-627322745
-480914769
-849292677
1978893250
-935179226
-323294322
-37654657
-758604232
317129114
-2698261
526666635
460016704
-246253323
-691350790
-1144467218
-1098678428
-1387386850
-1675067480
131410335
1280071393
-640857274
-267022699
-1924323051
-656831583
1775212525
1360093062
-455268168
785713929
286528924
-706480971
214538375
2010767339
1071356304
738085075
280796616
1358844691
1861235016
-669488747
1865927238
1001132972
1826860250
255121651
-265288454
-747691425
1159961819
1807149481
-810271042
1276193376
-1127872549
-188262378
-127460992
2001292843
287426756
919367762
-1953889087
-1755298607
2125040989
-1776340625
-493196328
2000442030
1848359704
891723703
660463515
1913191534
-1050789262
-68908000
-1248012528
-1588787103
-2110258373
1081286135
493964137
-1287124779
1888318583
292794918
-461712019
927180411
723999361
831006239
365011731
-253354004
202655780
-1323113893
-602000768
1611575440
1114107425
-94972607
-869297867
-305290461
-1098471358
-149604279
266496280
-95133592
1220869618
-1983344029
1490556631
-1903604318
-1578392965
-15729017
1071451280
1936358053
-449874417
-1853550285
1743898085
1168639791
-926780647
573566318
2077711698
1175520783
506991875
-1204224092
-115862761
-1411485238
-1809585455
1965326086
1250973816
195838327
-2091304461
-1430369281
-579580728
1343792474
-1651619208
-2089446791
571111875
-2038925304
1305796704
-1812541509
1912855268
-191014790
-161415792
875994496
-2003428248
-1966142998
1691871776
1718546885
-301983850
-1103679321
1972528027
37188726
-2115854515
-1168349496
-1658378922
-2096122369
-420177145
471357389
189459791
1903652034
553212042
-1298589715
935703315
-1679691539
-1400870708
-379461304
-507112513
-366265431
1079739899
-1015910599
-2137540365
-478697309
269412262
-1469572085
921447116
922611859
26971211
214764416
1972855002
1217619307
-516375415
923564749
-1258237218
-740416266
-763845524
-1402278039
-1224668859
-1959166492
-1273335970
-565979554
540116130
-392845423
-358920461
1873473341
-229724981
2009301119
1481474045
-2077502110
796168471
-175762696
1772414620
-1069735149
-949478858
1423962022
315800752
723610871
1644940145
-2145941157
243511027
-1729274187
-1935510043
-599897218
-1932636354
-1945504558
935295769
2001361238
-92455438
-1544422377
-950402488
-1882005992
1140937484
1435403705
1826620726
957536416
-210228874
290419583
-920924768
-472068779
1827509655
-293331654
-518076984
-1625900674
643250807
-1063870974
-1227524376
1398563401
1657097525
-527085136
200589709
819647672
1321935571
-2093873004
1890073501
1850854969
-1675643042
-1720927796
849955728
2033406739
-1690853816
1636124106
2114697430
1616618742
1393642286
1129014466
1655058524
-1253207701
118257417
-2008381980
-1400730229
-1028729570
2128664337
1543716832
377011045
119182028
568616456
204114189
-1584256381
-459392316
230001681
-1067466533
1232322787
-2088121916
-1939500032
-97538442
920091425
1675152571
1820943857
606068783
531857519
1180265094
1934105792
-2027648152
216443687
-1223291961
894341798
-566755475
-1942361662
795283158
628076747
-1096088056
-2016594650
759458561
1262575174
856492253
-1526744054
1067630265
-504587880
-1130903866
-2062132499
460587881
1967412987
170632937
1966882558
-480639470
-976804744
-1984252003
-1857889910
476167594
-2050302199
1806999194
-1565547259
-265014391
-1751508968
-481185673
-1231498529
-1563683267
1515420400
-1139614069
1241494241
-1132457228
-2100153510
1257600942
959354408
-75721632
1853831311
634990007
-1782285429
1997339908
-597626563
1608032807
1092940812
-971078357
6498012
-1503579781
1803215728
1122518951
-1833713388
2031480661
-1843083391
1842230618
-1235646818
-1780491165
-130154251
1473424982
2067414681
1577472805
941085227
-1770399043
1701381799
-1096185355
-758056480
580741439
2017562772
-1760675028
-1930263563
543953949
728624430
-1869012488
-1339518724
1231213018
-1553216841
1299357704
193063366
1845808733
1468187728
-1042952647
-451617851
-764189261
561904955
880805271
1970325944
2002411201
-366418805
30677090
-913879414
420563870
1873200214
-1847705649
1534672544
-1826100163
1721975783
1742058534
-2015192056
330221846
1153634925
-1959391325
785318779
-1989839712
-1636182493
-1870556920
2042259214
577857565
1102708469
464392316
1304482793
1525466645
-751604765
2026612991
-1711370199
858696649
103207580
2110366726
736746388
-757889777
2060526994
2137486368
1321435079
287583403
803135136
-2084598170
-1749697345
-1915830522
-197787890
-1892679893
1462109608
-549737865
1000160880
222563583
-1942347297
-1775600186
1387845540
-1438817803
-46236949
-1712388834
1098106083
1862960007
-1855098902
-1052402630
974237172
-199219062
114234207
1167066975
321165560
-563631770
-1917108899
-2089721545
-36390663
1430413739
1671373875
1847976681
827649024
422389844
-1234335507
1891300753
1234764722
3438195
445145947
960903715
-1269274189
229214625
1039617137
302414031
940952042
636375396
-331048643
-2031659653
531899564
-328827843
-1573373562
141253372
2147156604
925368445
1281898504
344406291
-460054890
-504880219
1628450457
697143347
-410760763
568131419
1592723862
1987762495
-488924574
1633019259
-685004617
-1664322969
-1672308720
-892443239
891576885
-814399615
174323032
-1415769973
1230619098
1405150107
619428516
-1692471128
434612675
434408181
757259897
-2035101400
2022739200
-323009227
462316970
-405026855
-597674407
-1989262934
-2056553409
-2076192781
172515943
-1986225972
-1177303363
-729044019
908424022
3484425
223062987
-1765854447
757027899
589555996
-2103184076
-1480415168
405565145
-1446939251
1429276667
415487257
-1139020819
-1682450167
-229765654
-813674220
1482462216
-2028283939
-543265360
637167427
234692600
1872388525
158626013
1133089426
1219294333
-1183974288
-2015020547
-1103870873
592853121
-1863626201
-1300906584
1189759446
-1819022643
-1976773858
-1092595149
760913411
1395313905
-2063172470
1596740948
1951211403
-172190918
2088388889
679495567
1417701645
317264216
-376243764
752169837
937141406
861740223
-1028487196
212262431
-1830692435
1449947668
1464887327
-1833264898
-2052979380
-152888802
1644276289
928113428
-1001286393
2118334832
-168199986
559887929
241757721
2093428789
8044555
1748106355
-1512257959
561585341
-19140593
815592646
-817342257
1330998913
-1862635339
1962379956
588325341
-1869959377
1433547811
-576031967
326356462
-633978503
-1434304515
-261513454
186911452
-450486174
500184569
500598360
863941431
-1780794055
-1197871447
1298284391
-909272867
509525752
-2082324858
1239536564
1809476152
1097885621
-610343228
-256319564
-1776343389
-231025323
-2098207091
-1192960883
-640968036
-1594522015
298437311
421510395
1372510518
-1648554587
443615120
-1807627706
1040832589
1179936393
74368072
617401259
1166121218
360826587
-1416870709
1057332782
256269586
1938455339
-259702447
350363151
-735750166
-1376588861
-549887904
1165111700
-601335435
-357916629
-1487613898
-185583004
-1328418619
-211232768
449169137
-30504534
1582000825
485173378
2140164520
-409458371
1045971689
1575105644
-1186330579
1933989159
-49767924
-2088620636
-1663610701
1258312443
-1801775465
-1346588626
-1925253299
467488717
1174918475
-903649723
-352834816
1701821528
1727156352
1906074081
-2058665783
-2052221593
-959993276
-2930170
83098628
-1180296451
-847580473
-79870159
-62754295
243544178
-902514396
-1417226888
679128011
-250559774
31645469
1393464713
1132094273
-135513580
1485944239
-1532722463
-6980597
500262813
-374106418
660052205
843981127
-1513249072
1841988781
-466739672
893426796
-798547841
-1965126822
-1419099418
1496378464
-1368485076
-487164967
214299523
-480255277
1850458728
1933825040
-860285268
-715765024
-947889607
-594185692
-44924714
-95239121
-1523365930
302579976
-1975795840
-404160237
-1375187197
1819963052
450418821
-2117342337
-1738252290
2037518746
2094683413
-1027519116
228660036
-1699417061
-1948141686
733505271
-45692813
388066212
1582276134
1869171149
1024993459
1064674992
1934675303
1094702652
-1543557812
1561388950
1744172721
-1356448905
-2042999959
222411913
-482379879
-15412475
1403012765
-1833607043
1443337331
-2104935247
575049275
-1107971772
-284269429
-61153292
-1280449023
-1749664741
-182026247
-386854519
-943848210
187137901
-756008190
-2115717446
-715871292
674575495
930965301
-4207442
-1834251177
-2071152752
-984060813
787528546
-576609962
-247003566
1353109882
698893988
682925841
1536575466
1031134796
1704554836
1458057198
-541728915
192829991
2134021076
1788982504
1244720558
-665837161
58794201
292473050
-949288727
122997903
-839902554
-2074304435
1240882170
1920675899
-856945297
1647989212
1502010855
-937865052
-145563213
1598223614
431627192
1916201859
445616615
-1442753133
