15268682
2097839601
-2027781357
-439974361
-2045951306
484596839
1423124590
-1412617070
-855004455
-1191294695
833398842
-910149586
250808027
-246174261
-1366659805
-1888069057
1688889417
-2054790211
-1291771318
1289330923
826147866
208452717
1164537590
-1418477970
-1902694480
-1914413659
-1492650087
-1076085665
1022732725
-2026192716
-955743987
1858853730
-862426688
-1604572283
-522502243
-1294701771
463326479
1845163071
2122103803
1123329586
-1623544294
-37719830
1725199490
2115135617
530711000
-1276791959
-1501494047
-264484127
1953252423
-827792408
334654687
-2019316328
1345665335
-1785358470
-686445827
1200242677
-1069336953
339120407
-1349771013
-1648005278
-1597106817
-1587769465
112161142
-1066431301
2029579181
-24939511
443807079
-1246920339
1192090120
1827588689
-978301754
944745237
-452033916
-1253112688
-924429454
990853521
553396113
336806911
-2132593518
-1105853415
1543508430
1514325979
1824104192
-660147601
-1423420086
219317381
-1582470937
512077886
-2112641450
-818794968
956940741
-1174711043
-105735007
513286796
-1332226233
-764228092
-905672678
-1743960980
1886658107
-1600556987
-1756551762
1863381162
2100572719
1003964628
-1304151949
-923512100
938958412
-2049725355
-1471441700
1086613545
321522840
-1273470140
-697594027
605465456
-1814518291
803664923
794923935
-866923166
-2027525057
-1507092492
-2019351423
1843786067
-1720983911
-765470980
1497481629
1692695159
-708161907
-491467116
-638465468
-632611609
-1388463880
-1736660594
95923552
193199877
1205562645
1131187376
-259114705
549216746
980988047
-1422960077
669002390
-1782588698
1133977645
110542845
-1535727580
-38030453
724723632
-950669078
-261112446
-479098398
-1969124240
-1823156757
-1153006236
-1019935989
-715362231
1153604931
-259075463
1644929649
-1840828409
-1959021788
-185113836
371354737
2105799601
-434143573
1208438820
-465187973
1907348545
372688904
962492631
-779072185
839990482
1137971210
-1814892767
-1645924572
1263482560
1938119742
-1170757669
-1281578456
-155851834
205268975
827073547
-1919646477
-480441677
-2116753681
1770745380
-437386979
-292509872
-1345250932
650551394
-1414189592
582177071
-1322143185
1089723180
-1195552031
-449836185
-1395702482
2060409948
-845903774
137812821
253581548
1476037540
2005983024
364024010
-2108878183
-1547626983
1055358200
-626137252
-1601018039
-603088102
846992065
371804363
2008063280
13499770
78751765
-1826642020
43605213
-855540499
-1871761171
1402681674
1126828820
-1750908517
-1267386507
-125281973
1047929153
-2127499348
1644215995
-514626511
-122507397
-617508098
1753328044
1629957382
2116661716
-851330647
-1502245273
-1755864900
1647832578
705061280
1019601658
558787285
1915669225
304727800
-195719844
-1849945202
356154207
113345582
-1634040761
-911647320
-2042886265
1265127723
-1296220201
-731980169
-1569651802
69733022
-330958811
1541909981
-1237689791
2063385824
-1607325190
-772784258
1592267428
-1370125810
1106572981
1579284626
-757694168
1018770130
-102171632
-530528789
-148928536
-87429738
1071339294
44336390
-572653221
236525847
1941930168
-802274953
1056833575
353518053
1464432594
-1998241330
376716215
1426479669
325342011
-137378726
-2129627936
-1879727311
200975830
973911681
2065305477
897557313
939609214
1792922919
-654889650
-559145222
-67991421
20615874
-401753553
1817287394
1076105000
-362426393
-1243958170
-464115417
-1449760827
1762968862
177691896
686145988
1052192617
452619917
1412133416
1267579430
58574291
-1835661402
-1743216552
82656665
871998844
588777200
2073272864
281394093
-1619571085
671294699
-1679044477
991528525
-7167677
1190908562
1481169203
-1644240147
-2023553142
-1830748793
1014015471
-1292423808
-361010797
599248881
-54899532
1643769285
1223243453
-254372279
967268506
-294394385
-332661143
70858454
-544556628
-1286027045
798406949
2087051517
657465337
1051019302
-9319908
1615654042
1896515446
-501763866
1837779084
-1371439681
-192466441
-946223440
-472478345
1303074015
-1896993948
123093299
2100007701
273474906
744034101
532366089
-1858715771
2098030053
-1346904550
-1573242739
2141543109
-1045526968
1505395350
-1122266198
1850556364
-338782024
-1004149030
2091712021
-319476809
484362655
-835861249
1637851747
-650701137
1345518801
1620483066
648752741
-126233307
-1640428426
-170221839
-779489260
1599676895
743946132
-1984445513
-595041185
-55960216
-844243226
-1797823995
2094017390
732743631
-59409121
-1749279480
1653645945
213663059
1747539451
-964245676
1814033519
-1939723367
-802621041
-807810822
1780488128
-2138629070
1032387494
1812405908
-273904802
-1463902891
1020600527
-1900336347
1384382285
1018058523
-1706819514
2114500387
1889669682
-1699804721
-375015983
-1361272217
-29894368
1582332755
-2079701541
-1334137721
-1728781224
1059327649
-273257093
-632910769
-57274130
1886592691
-686997226
-615901654
-1052956521
-1497760118
-692534270
1827567882
-966811412
295045584
1185430010
1104204472
715025412
-1616292627
1752641074
2133260004
-1922357563
1535227998
-898847629
1227994690
-1990740195
-1749880625
-179517494
57776482
-87879533
52321070
1149392746
-1428425499
832916158
1346383913
12293700
1480941722
1380097924
-1539081441
154503705
-879938658
1025082545
-461616850
-1991217953
-359449158
819309977
1538653439
1253496532
1271019528
993882837
1287819455
1197830655
1023967444
-1795006888
-667225598
1469131682
-807276223
-1413221536
1608912617
-647091212
926693822
515058730
483923491
1141236908
-691948916
-973235981
742665468
-206033503
-277253136
703402025
-297099979
-1983988664
1336438867
1799934211
275140389
-644490972
1653479208
-1138583314
490552395
-1855612961
1801174584
2022094131
396575072
1206463448
-950504816
-2019010797
-616178430
771966521
1786722237
145161008
-891816368
2041848220
-1778718856
608356550
-1127633672
835637730
-169321647
-998117763
1390271012
-760201781
-1799313138
-2118727722
812882813
802639687
811867760
86211238
-88997846
587554678
-1236569883
-715559594
453434387
980406769
1353357114
-1986745166
554930032
1837877505
1248794152
340159838
-2004304397
-1997829666
38945867
-294962417
-797653032
-1783036015
1462942139
1310935393
-2074939696
-2115460478
-1861674127
-1833964321
-1608760177
-1282123294
1089899168
857718253
-179726646
2026909422
-1542452957
-2050971721
-1194641145
1920258910
-361144535
-1232337725
707759997
583109316
-1030070135
430923470
91273568
455919342
-970451719
804064359
2048104441
705346031
729208177
-388580053
-962232064
-1101629563
1054403321
-757098112
-464380303
1119850695
1262605121
-400278685
922693192
-68762468
-1905431750
1271922778
1382883008
842140536
1986640277
-60532189
219914550
-287886999
-1486948236
-839929413
-1980898032
635960766
-222562549
377294848
1001505599
1173927476
-616399451
-1976258377
420002436
1595962935
1093502502
61991474
1429064179
-1509628028
1421634024
-1909235133
410136920
707028197
-264891424
-1888338020
-1060791283
-1667939327
188648697
-284978267
-920782210
-841536242
-1997027138
-1321061856
1279177010
2041944586
-1433134122
1921205321
889352384
1939951031
1096265853
420756623
-1725114715
316410805
-1462062087
367736046
1343761886
-1975571247
1590307855
-1177888129
943273283
-694166029
-1563041139
351571994
1448674409
1019590058
-1247820396
-450015206
1759716798
1013126468
1947252050
922959429
-1680993680
-1219124551
-1302177513
1680493543
-1449587402
-799704170
-2003553958
-241015757
-2132206783
397734137
741061527
-1396345067
-472245174
812251714
-1155972924
-1192179169
851326494
-63320402
-145530941
-370633922
779050648
867662687
1783831739
-1778961732
-348085040
-827187647
-227778114
500752923
1236511064
-1175640364
-517324902
1434451056
-1983723892
30640659
1567949500
-107326922
-834620861
1412759197
-2079298611
1676248526
-1771381494
-831165478
-1101266747
1911742917
79818790
464795248
-765559855
-825341915
552403255
11181212
-2103077974
780797519
975424731
1260009880
-1507086144
1523250401
1580392614
99241305
1100179817
1994694075
-1590629591
22936536
830198901
680385195
665353623
-2004920085
526981968
975142519
-608021263
-1183068665
1025837934
-735732009
-948817287
-1106128240
-1291349131
-2011317307
1000574104
2007899708
566947575
1756891705
726017704
-802850057
473822961
-497592912
-413778333
256027000
-888113710
-1764195105
1395483487
-168659517
767507082
-1550628888
1827792201
-463622912
-1815339451
-525221246
1592761958
1824405911
-691380538
1122327407
732977636
404844243
-1627098606
-2118725557
199027357
-741067713
-89734295
346813564
-66582309
1730635982
-73463891
-1012344848
-1782020808
140198272
1790596969
2122506734
-525237340
-1505522386
-1260453878
1614177580
-439499714
-362136726
-41463795
243028378
499689979
-1187077851
2006450889
-1163195056
-373308465
-2033687421
-982418211
-782399051
184997498
327379455
226884068
1513349588
-1509643235
-1037645687
1508026576
-733575955
-63961886
-1234081350
1839553364
265308922
1898835435
1284069443
-1562064079
-778801581
-1302958076
495608385
-1964983561
-1608653395
-1937326619
-1324656623
-191057925
720385024
63044519
1886268510
1753693179
2115883975
1202462906
1741820084
1836328588
1975944550
1399694250
-1126607335
1628184637
709986713
579472877
1716019027
1523835729
-2081200024
764252206
-2100659647
200068193
1097404906
214394155
193674609
-123470130
-1872442512
129987650
474789586
73135379
-251199940
951793698
-761805137
-1574334418
-478771341
-1827862779
-1620349851
-1066498989
657161153
-501085288
-858234847
-135310325
-1007624741
880840538
683168553
92054343
-1359619307
497031933
1407230179
-391808950
189367276
-1140037657
965340846
311113546
1762135623
-1756047595
1098556005
-684255320
1306609111
32148521
-212587950
-532042021
-826796196
1616302163
-643000304
741711549
1678478775
388913269
-464080050
-4672938
687719069
1866893881
-572660869
1870408802
1145530385
-477080034
-784181673
683589091
1582927196
-1880888537
-551106338
2043131505
641147454
862848301
-712651601
-947732349
1128618833
1102695717
-808584198
505462953
1784260956
1087264320
-21819597
165016403
244802901
1738345423
618180584
-932715669
338585652
-946502275
-2066608362
368266550
-1889377050
-463153802
715056892
-659088307
10018850
1869688521
-236160399
-1013969709
2013206202
1365890452
45641173
1993335024
827191940
740300096
1343186743
260496085
1692494511
-831730805
2005980828
-226331975
-1375356809
-500922311
1616331945
-1130358451
134816115
-1798817399
928666483
-1356431856
-120533090
1624108093
-504559785
1973999385
-1522825791
-922154076
-1998897610
1670871199
-410352283
-900616115
964841122
-127153633
1035180632
-1582130135
1641312452
-1924307171
119949358
1467613380
-756532101
-1484439084
108059264
1957798400
1423684107
1091533143
-1345373190
247694841
380752148
-1968504367
-1548185276
1632159927
1735877752
1757350618
1729813974
-1015511409
-1725735714
-2047187093
747240468
-507962723
782121699
674080875
1332346901
200558061
-1246448338
-214889849
-1128354549
-590759091
-1454082648
967085327
-1996868209
2094021768
1292780664
1502662600
-709609967
-1574580335
466659684
-1315083242
1639037270
1678832235
292945181
-22622720
929788248
252197714
860498846
-1450061431
