1702885066
1413803977
747391685
1022047506
1434153375
330685967
-749286290
1727794450
-1000985995
261100690
-1667028029
330979342
556392599
2006262819
2060105148
-1205229104
1434823130
924934319
-538265851
478849460
1727708280
-204772777
1306577861
552508722
-1652424553
-1934696603
1757419009
47439704
-285804132
-864985820
-891055979
-753464691
-1042188948
-1103411186
-496421229
1965311456
-2015446870
-322729509
2139364103
1453397172
621110593
887716534
112656647
402480234
1415537403
-502425225
1436365942
1352596779
-1585515370
-1412281934
-2134758308
-1342849711
-1346436849
1045924123
1039994556
-371384785
977822
992800914
1872404202
1151782728
-1474538178
-1076530574
-1027252503
-1447157243
-1253308714
731746503
-348028113
2081043589
-1210935769
600081812
1642578663
640007593
-783092818
-2145414366
378197484
149154349
1576852810
1076638536
588752453
-1518862737
-1869317996
1617218758
1130940619
1330149417
-689007898
-889402273
380779340
1834355465
1994732307
-118940191
1070888656
-1294250368
-1356852698
1394572170
355611340
2011226778
-178322003
1253764335
-267100779
1152064805
151530724
-1480323381
1298364726
1483164245
1432263924
-1270518795
-663513409
-388384395
-51624851
424199845
1736438728
14429027
452199457
-1947903095
-289263891
2040316444
1876413099
1991623314
-1630312228
1278504033
-728930792
-808867111
-2124925845
-1427032055
-1201449147
-885551492
2099386188
-453214293
2138950198
-293868244
-1581907083
-444931971
110155724
-686616338
1389439030
-90997746
1905224451
-711076845
704494014
504115332
-1889783835
1242571211
1829136857
-1230489100
2125473490
-1870561480
-998020419
-179424412
-506646920
1082280670
1155286194
667138496
-693916106
-1347630080
-1871160407
672911414
1335137370
1077307689
-643361078
-1133996243
224118862
1248005790
-1393300555
38029869
-582743293
1880449167
1254867111
515631117
2097697906
2119843053
683090722
-1326389892
1995144168
-2098367847
-619565881
-584728312
-449207829
-468407853
855191592
-173468149
-265219086
-1889179324
1121856692
-928087520
-647677279
-1334453229
-513857102
-1048043829
-928352283
-1060908533
790338611
1891344042
-252706076
1681055283
-1484222458
-1795213684
339406580
-891794603
-1083236402
1851804547
-1857443242
-1079344862
-1761456016
2110802225
1445326141
1562681320
-493897669
-610391059
-42350813
-518902868
746498454
1151997475
-938530766
1987228712
93602614
-318137141
495133139
-588560153
1061596566
1702914489
726023387
-1934713211
-902985515
852174779
-206359203
-1697465462
-1929277343
185084931
1413310575
-1486277719
1053349522
1761541645
1092129153
-2012554847
297412783
205358264
1196971568
-1043235570
-451605208
91623656
-858299474
251725774
1173480202
1595424439
2093926034
678829253
1313813729
-1131474450
1924161464
1625400523
951670715
-127875116
2019802746
-60723832
653517785
-805078873
-1015740316
-967521765
1958677885
-375587384
690257785
-672191978
1955458589
187729049
43347563
1727070732
-370910120
-368014462
-1471807765
944916189
1015979945
31827372
-263224022
1701380429
-569647902
996431528
1298358080
-1863423772
-149655242
902376521
1906360108
-1933040873
1668165768
-1635606490
1818122064
-926430913
-787632823
-842511600
2046875175
1858738523
603990243
1968136773
1776233722
-968005170
-1937755606
770740100
1547743636
-581734679
275155209
-1239488947
-1618635945
-1065530884
1134620855
1659282450
1861476027
1791429736
1844028287
-1389973385
-199954265
734468916
1325369634
117655339
-1028028369
-247565864
-120612247
437893420
2117802441
-745545401
1242520881
-2106431247
-2023217141
2140242736
1808955929
1730894463
-511276033
1324066665
-1203966453
-1761873167
1919975436
1332084447
-1126375066
-673976871
-831685848
1300718852
821235382
819981965
-1433875351
1783603095
1131950821
1446989443
-1475752009
1118520227
-998532173
-960521704
-1267398115
-1630505464
1211972805
-2076826793
579388194
1433281706
1114754662
1072292056
-466100270
-1440500995
937530049
566864622
-968970054
-1970583407
369417464
1976520657
1690498762
-244341159
-1934979319
1475611775
-1940095247
829054220
-479279694
-400644250
1784746203
701950973
-806088637
-851355249
-1114308178
1239923599
2115287995
1085069757
428557161
-773861118
-1990531879
-1661158356
1365366332
-902731695
1617144210
1606164592
1587263981
-1993620845
2087036339
2079446754
-1108328782
673443920
-1060809140
-892971265
-2133894201
-638303614
-2079239973
-1152716470
1320336192
955396776
-1277897592
857434020
259491775
1493908987
1450656283
-1456603822
1571466582
686257873
-1825504105
1475848651
-1449890104
682292511
1862871790
2122138665
-1441575155
-21705784
-1071949379
1637957843
-773821350
-876167311
-58737400
2054112847
407985303
547203497
-1600472100
374789646
-693294948
-2118443328
1337140992
177058281
-166377775
-523877065
-268848340
-155061248
193249902
732722762
-1620102272
-2023855600
-197584901
2068009958
1919838093
-917826343
-532232078
-1966892521
1082311156
420140130
-272334203
133962896
1097276951
-610117570
909736955
-2056917655
2071829168
563055796
375367592
-398458923
959357218
1127880979
390741950
1824796342
-509882
-2014389311
-581417397
-905794413
-1328897726
1874900660
-209792157
-1893507373
-419324210
-1298615863
1433577103
1399143312
-401215620
-982742023
-552303079
392285018
255456993
1044027700
-1747977644
2114580639
1420756360
-1456867910
-945280386
1683554486
-1580629462
71703360
-1024775371
-1514588289
-2035762003
-1196772906
-2049562780
335092024
371303762
1015599430
-1793911646
1029084221
565340915
262639908
1598590741
1595508020
-47377566
29787135
-1496143874
1339971609
-490734135
927021082
-566182685
576673866
-86679132
-1592712852
1059597588
-201585617
-576228300
1568723954
-1163548702
-1359508555
58074182
1417317977
1004632397
-169227915
1747565787
-345019850
-1455676276
1993133159
1176019259
-79310777
350476753
459637043
1192146803
1430730965
-1826616037
1473246787
1609477091
760690401
-345327564
-1357417345
-492972139
-586235686
-2147273947
-839090781
964434465
-1568496092
-1847113655
-1060494784
1600734569
-1811709830
-1666703929
-1833957053
828561160
-388364227
-1382542791
497369343
-2094629330
-971033646
-1790899362
-1742144592
-263703397
-741141103
-1021229589
332201941
369424640
-962442942
-1247947292
121010497
-773308786
-419840957
-1518269382
-16520483
-1638392333
1890790731
592422556
887901833
-1682870285
-142656389
2003525502
-2117880923
-1926594925
1402796064
719339384
302153015
-540435065
1848507709
-273690748
1160075033
-1979587000
101489976
-2071247175
-1329383377
186176525
1511658473
-1042001934
1709932320
-320576331
-1745405148
-971229539
919164163
-785943736
-907309550
1410810859
-108617973
-1834475881
683690866
1657952834
-642661514
-1181669777
-852150176
-1811338777
-553735445
-1361970068
413827134
-2136922452
762505937
1391220194
-2012066087
1528295795
-1649564141
-1087289252
622539735
-456646798
-2089728222
-1779422386
25508871
-1093388356
93832006
-597239085
1361179829
1459794428
1940849135
2088495556
-177012687
687772127
-1787862152
-1482230817
-1682790258
1194336823
-168773063
1957276305
1113002510
1854297698
1529806588
18856482
-671772959
372306007
-277335767
-1098645761
-1140930577
1273429025
150512505
-1177387310
62782173
-1810954260
83607800
-471023698
1542083525
661120613
704845874
-1301326535
-1334025861
-1140149026
-109227921
-1606611432
1155073519
1923791204
-306096978
-2097932886
-1271092270
25149610
-2075193288
-2022884368
-814768800
-68192639
-1018072530
-1229302297
955830916
-534914810
-1804700267
-1489501818
1485116321
-2005201224
1516881519
-1327533357
-1304497185
1551726101
-1022970533
-1657108448
-334736662
1766946867
-1904790100
-249404605
966505255
-373996472
-497276786
-1731179669
331470240
402206948
1489357830
-1177551187
-940227717
-78393679
-756938199
1483580744
-303693527
-297600876
444088744
1314533133
1494692568
-125929679
-1913036770
-787680522
461173505
544254321
-1199154073
2049621222
690646426
-1569624136
-159329620
-67797725
1718426816
-1238296201
1451138305
1643863469
-386017293
-61241178
-367024078
-1861021985
851726643
-91620221
72037748
973312211
248245376
-996602359
-1368197656
99463487
1835315381
-577491513
1527464445
1653399300
-696901322
-674761514
944449953
-1158942853
1706070281
1874648412
-1786635393
85021008
1184000377
-608830688
1521697626
571652051
-1251229823
-974295258
-1300143814
1336232057
-579887838
389639453
181816943
-15051624
-1955873781
389026032
-257335594
-1746916874
2014015401
-540231653
1316361997
-1335204158
-837002717
846954812
-11984159
1020554021
-127758129
1815382978
723733920
1805885902
1236141593
1578065911
-503141206
-65208752
972918529
-1724015539
-708064003
-128215867
-1616194865
-2074285979
-992379200
-1259879271
1301514026
-1291846052
-1333595902
1916175412
-1190187591
2098060316
995571134
927337420
1932793717
184808994
-985672259
-1557429502
-1070083193
196526054
-2085470509
1866565619
1292871620
-305083746
553150681
-253928680
1144173711
207863617
877032798
-503278192
-1671715745
-40120167
401991566
-1844661290
575311309
485852498
1870748903
1414990555
1923853030
-1230785668
1173709680
-782849044
2090874436
1948914739
361111556
2060747545
947600676
473418659
2002409176
2061670804
-1568446916
1861419622
1597178394
-1337146177
-1079633829
1497664187
-1474827080
945033466
-725283752
-892458344
1865583396
-867645117
1439591223
-714193105
-1217395551
505201235
-1197012890
1481661657
-26960551
1393587512
662081654
507404664
1297438331
-2081574614
-1400870190
-513786447
694741693
-1033451990
1561586059
513257645
-1083072056
900159925
-228609386
-556670877
-1948453973
-246260167
-144097618
-2009654779
46087951
-1730848353
-1436871858
1197537338
-1981884880
961593086
-1736913417
-1092150286
933579451
1499545463
-297830736
-1404865551
1037032406
-756090133
-965470259
155156046
228229418
-1998085790
-1783990951
-654731061
-955259508
-1755729051
1049198119
-726009987
-861872708
-1425473486
-1661165884
-146558872
1639605838
1405982001
1911761659
-1582074259
1368866440
1487415875
-295861917
-567241296
-1565734963
608647741
149398706
163157175
-1577750758
-846040155
-1174052611
-560604860
122163688
-1172639055
-86981018
-17124390
1249278624
-1443271836
-379302643
-748945925
461018498
401402001
-1457929499
-1776400182
1720345747
-352012959
-1902971725
-1486969813
-1542626068
-822405855
950418018
60129696
1506470098
1042781429
1557739714
-1255039218
-1549319396
-108007777
-1279217448
-1357155550
-929584229
1234578932
-2118149139
1983318662
-1694414260
-1569960689
812795924
1800848620
1303428439
-931260858
-1504382968
-932168059
-1449236448
-1553694625
-1187533976
-1262305633
1851640842
-1818236530
-1403032395
-2000580838
-116147204
1531500743
1778528588
-1550665508
250802452
-1879447548
-1316284912
-480580178
-930460718
1877245660
28516768
-1280773310
1837670046
336825629
1497949789
-1119296034
-1832979656
-1862148555
1865646683
-1973866959
-2084924675
984623272
-879338219
647508553
-2068164935
1128316253
-831357966
450099913
-653939898
-1650191131
2039498050
-882865555
-432569757
-415683980
775509810
1624091363
295139580
1124199047
1612379951
-264876704
-1881690517
1470873247
-538788467
