1116103307
-1552278305
1246342168
-1106494253
-563064539
-1079472274
211243960
1937160495
1985436521
1530792670
740359694
-784437770
312986514
1919054184
-695925897
-1497767731
-1277200213
-2028108561
-1458529087
452363246
-362421497
-2053171499
-1990436369
30004908
617422049
1414376112
-1444012160
472824100
-175365158
838843525
2001533450
1729754797
1685393934
-2095740860
-529575782
2019932330
1541269331
2016963755
1624951134
1879899024
793625462
-894021904
-1759441687
1407467650
1986103054
937106398
2055489139
2075963006
-1136320965
-6258914
-187222536
-1188104125
1367168744
1483706554
348438668
-1483970127
1605487500
-513847714
-1010190684
1414870268
-1118059087
392030840
-1750493037
-1343164159
2902847
-757863217
2092971385
1296809368
1257819282
-2141931049
1954829459
655597253
-830062361
335008105
1931604129
-484236507
678045517
554253816
830615932
-77962136
-1638759679
-1533503047
1161774252
1885998152
-826602639
388788976
1054317402
1834369283
-1634906537
-1912304610
486919912
1690274334
-1585515435
-1418714800
665554026
1768820277
-1127556972
-9291165
-2001976295
-1637094584
-1355005742
1998040437
724266664
-1112270726
-1271180906
1559329730
860881789
-1515903383
1343548110
1114309701
-2059956959
-1288788406
-242690051
1759231709
1490285572
-1039342146
272646929
-1134205857
-1408550567
-1209375864
409349469
784462361
-504158526
-207351839
1037665796
672520287
401798174
572359551
-588768798
-1504164363
1981856248
1815531447
829788695
1021638932
-1141106982
-632139168
1773344540
-91160117
-1898668464
484173676
-166905642
966530722
1229316540
634430555
538498986
-1940678808
-600571611
1526353975
-754127510
984053778
1074507392
885830772
323562296
-812595272
1821804653
729695624
-522048816
-59775122
-1257449020
730778011
1452828080
667402903
740283228
1415083662
1373234455
437174302
-1264906728
-1697983520
-1711811042
943633956
1845506764
-2136541889
1635707364
1226038489
491513696
-12373528
1179712357
-36811943
948975036
1940732285
211490532
-377181301
-357356762
485799511
-1163862562
782691177
-718567798
348583259
-1196213641
-1218120748
233612449
765393317
871581074
-1998917188
-19531838
-1486170394
-369376227
-1952035522
-1629509322
-1025520850
1118392570
-1728950429
1274525618
829800442
-1948797302
-499826207
-933968873
-1240126379
-256539797
421675885
-659862409
1982248991
-758223249
-1527352115
803274244
-1269338863
1052917925
-431894838
-1188615936
1904411508
-2145791737
1474535426
-1131931457
-189946733
1517333194
1554669160
194949288
2007290418
-581018085
-859232049
1509827152
1144020820
-1554941206
-856445684
1835618948
-676046171
-1590148845
-1345458823
1276676230
-1974172256
1869232617
1236152455
-2047823906
668747378
-106936499
1526389123
-1713568934
1012885015
22338846
-143059241
830559198
-1702458917
-1743927738
-919659110
-1912267047
-1418307158
1247022917
986601761
30173484
-2120840313
-1870125825
1480846996
-2122698073
186983670
1314203797
-1870158317
-1542909842
-2088698568
-61011365
1164529056
-1670409192
1324387221
-1094044447
217006955
-1124300668
-1873224431
87923856
-992966048
366439722
2021004738
-1232432429
-516170027
-1643179683
-1461871381
331980407
-695786002
516382066
-380755119
357392535
-1094370923
-531608938
-554269946
-530089690
-1228777823
-709325280
-1937902047
1004996993
-1718593842
1789639129
-1138727367
-1700495049
2017193438
25933522
28763561
-2056828077
-677090002
1468027864
194184290
-1467842644
1927640362
-1616230304
-641822582
1982447582
58002409
-1623070310
-1511427875
2014044722
-1531643410
932380720
-342853776
-1038851248
-1212339465
-1456570425
1635397525
35642330
1964437551
-1234977901
-691061067
1347041399
-1762793522
174555925
1735445691
475986483
1999102609
-2002197636
429680749
-521926048
1292374730
660990004
-395571987
-241593133
409725688
1299510609
-1426647598
-992457212
588308188
-2009617261
-221887168
208854814
-1135717542
884181640
1791082117
219058551
-415967536
1212302103
1893855381
1338371605
824273756
1270495512
1173091866
143591876
2037770080
-1808751456
-2035158035
-1384722910
1305964253
1278142518
1946085923
1600834821
1967463915
66830165
1608267209
1085228765
-1725910989
-730304797
1143554740
1816995483
-1423764244
-1150837289
-1750501368
1623495565
175945868
2087547723
570558567
-394339477
-1265699535
2088238641
445748838
-788363555
1769382828
1974768026
-341089460
-998979044
1075685624
1317976606
520383763
266709820
1723015087
54288593
2143158156
-356959896
106317076
-1970923361
1847234627
-2069583300
1442612013
1466578701
1621750581
-612894077
1567041611
791633558
502163421
1873600525
-2074334975
-1330687554
-629722502
-130488997
1400171248
-1006620855
124074301
-18958345
245862641
235370931
1073870635
-785625509
-1702874243
318997181
-85324204
176431761
-2051200517
73536327
-993455244
1576619278
1782597760
1623126132
572723872
319338575
486245211
-2093767173
1202828801
1605324300
-2108660587
-1553989372
565382531
-428014351
1920809732
-1347115847
-253907935
-1076122501
279255347
-1249985836
-140598488
837571917
769998281
2090291731
-327381289
1289201587
1304293290
-560180876
-1485482259
-1770508372
579658239
1907230754
1859508095
1478962577
223113902
373289609
1092196275
-727683496
-379051164
827059765
-1571847121
-1051561456
304646672
-1482037418
1946222416
274505491
-1825106772
-135879257
1027781857
40757739
1179903601
940596059
-147756343
1722635015
115012190
-1621357019
1936247671
-2082617980
1267281433
509452401
-1764278519
1862054675
1348942023
227169166
-395844920
1602711164
1659169509
-1792589896
1600591589
-1449236322
-1888668848
974863714
1197658634
-705359033
-932093832
438325104
661961399
-282982116
1465592449
896590181
299690990
1764400486
-442820825
1238939420
-1976609953
231975838
1100529072
-1791188987
-43715958
31404664
1972113902
1594227893
-669793617
-676982826
-1240920828
-1003628834
1969505586
-388685692
-1321271130
1898013012
-108327164
-1301259138
-1119899812
-2115075387
-591465471
-1077767603
1899103947
-702005509
271934637
-1830071451
804547549
705859188
-862619302
981839179
1543206407
888183096
31407532
-1908532783
-401721559
-503120301
1127399838
1738296932
-1599722132
1969719004
-580243517
1446504785
942795243
-441175643
-2059215955
1793111496
866685361
2042137573
-1453597096
1606702332
1197157611
1802780546
-783929796
-586305643
1956899492
-462371431
-652346310
696733372
687531213
2032878595
-2110804985
-1804717971
189776523
1172729085
1502520286
-1387459458
-1881482460
489771184
-970692913
1021055045
939922509
-561680698
-679231561
-831385783
929106211
-34017911
1016747683
-1703155578
1554034018
-137771110
-1797019143
-393654519
1585119620
256528389
-84379947
1897532794
540053305
-1079157631
1240240448
-929644263
689779207
-964186089
1407210366
1890134382
1385841969
-1875670942
1202743924
863689787
-1451012918
-661488478
2141566065
943146831
-1440785977
1569514611
2046485936
-599870632
-1961703443
-1355672493
-802021052
827506345
283301744
-761236317
-376101170
409375035
677451168
1724685194
-1207785828
-663103225
-1500942468
70573781
254559551
44818051
-1386921904
1499190754
-675599565
166704859
1402372268
1526072732
-519661316
-545637750
-476027786
-1520420758
1948042743
-1525783298
-22237450
-237621280
-1241092564
1220162895
-1943433445
162000353
-761491373
-1999521219
-1263325688
-1438568194
-1799639432
-1590938555
979163199
-1415242539
-32850686
215885497
-1377008968
-1346431227
-1165789957
2125273945
-904174861
1762983723
258699262
-1582402383
-320070304
1356070719
2020708218
-1351813848
-1745142602
458268748
2050427122
-666042188
-10333332
1883437186
-373938140
-1528230880
1459966208
1910905734
1488278297
1459168131
1794296444
-535971120
-1493807147
1984542215
-699039530
-1147588857
-1802422284
-1147397789
-75549598
-1494164843
280001651
-814536201
1699833764
1424100693
-1569552828
1661538650
1883110823
1583355295
693811454
918378317
-2086415942
-1900322868
227262716
1669656100
596334486
-534710162
173312251
-1934053626
-1869722260
-1271627648
-1862881857
-669157930
2011455909
-901885057
-627128104
2133190155
1186260307
-611030890
-1288691
1034241421
133080810
1284573250
1022957965
1894586618
7212981
-932708833
1298001207
-1128870607
795931549
1985261720
910406837
1645341112
898089228
-555691847
36523783
-959002671
1176189005
300926536
1028730781
1267401182
2011935228
1269327896
-8982827
-1524759706
-2048486543
1543021706
-1730476143
2117828523
767440463
-374391248
717922849
-140672841
114053405
1701188556
-983272600
-1693471318
-747855397
1390798306
-110311779
-334325566
1908036445
2074302840
1538846097
-1639237432
-1861039051
1968710144
-286054138
1111049849
-901158285
-542315927
1144178366
842210270
2023406389
-1156147281
-93601228
811395588
-445367532
-1127148048
-1902179815
1905857154
-1978362633
-1409547489
1165551786
-260111766
-2141843046
918554127
-1357930684
-1322515442
872561826
-443178798
240672477
-601873041
-788529508
476994059
1457822522
69983135
-1325289056
-1758740516
-574776569
2107211068
-1230257821
1194243713
1686267984
-1718214374
-1538291885
-976564805
762889335
528075640
-1007311695
-1753173512
1515089495
1959494422
583461768
808895238
-272762344
1648511443
-665185611
1252812720
1614199976
1232906345
-615238284
-1272048100
217661877
-1004744378
-1881431340
168090620
1390215384
1120378800
-1765668666
-1830156419
-1636107938
-1400341537
2117850758
-1201747640
-413690146
93373297
590074702
1292758471
-534760826
2110961650
-961508188
-1701995919
452528195
-2025827477
1201763887
-421281951
-826882715
225906401
-531185254
1770993727
-262483785
-681731892
-1770118006
-1305416494
-1595027469
1827848510
-933255806
-1142201104
-1139906437
273284679
1501134602
921560634
752433094
-1500618589
-1280945984
1087755353
-460200712
-999634357
-378842982
1669854189
-2027149623
1446934198
-1634579045
-647053283
-982407972
1903647781
1346870776
1823129595
1605932242
546348962
-1842680283
-1300789811
-533306718
-1476032301
-1323863966
-2088811219
485348361
1909783369
-1132773
-1890871493
550717286
-2064150787
-363539011
454146966
-166984614
-1054458694
360311956
141139061
-1307133566
-295935166
-1211355599
1820242803
-653287746
-1202838526
-918486834
-397132283
-884013974
1531216037
762171281
-1529565648
-430063378
1099768343
1807482845
211261423
-1117236311
1217353470
-1678300561
348454002
-1742889367
-1146660733
-953273820
-1678461630
861420991
-1373378101
-841527008
142472126
-424913316
-1379235881
-1036319788
1236619731
-1675788899
2075066450
-1511389202
-1494869013
-1801860660
656496543
-1655939603
-1442974162
888841412
-98896387
-2072900954
-298643168
-293689258
-1098460229
92342249
-1575206000
416392738
364800451
-325478467
-1202222311
897354987
-596719290
1887660736
-1750025887
1471403055
-1943411315
1735184570
-1369918396
-1107113979
-1527335689
-1888576972
-453877513
800622841
-498600982
2018281436
-978572068
-95484009
367781264
-651915897
1263187684
-927667114
1369961903
-1825000316
-1551183966
-1700674155
-107782738
1003511883
-1445398437
-1774157090
592095489
964700134
868140305
-2029595806
551442972
1269199620
-1676556566
64146579
-134730660
-1483353281
-1825957239
-1103415260
