-548306511
1633075453
763717469
-1347032498
528904091
-1959029599
-1310186278
851209276
816116451
-536470926
477601151
-1371144599
275193624
-1516365280
-955019352
-1944522770
1351554349
1332659906
-1598715325
-426691691
-995351223
869813571
-1872527710
1135555028
-39429095
-2060009738
129058505
832567297
-1686289706
-1243074518
-1822508146
-440032925
-599956364
-20099594
-253098939
1790802309
-554863212
-324378783
-707233473
238337701
-457839354
-1649096829
-743788721
680775718
1801653076
1847614198
948198948
-655670034
-1640801369
-435019292
-1315952702
-1652363704
1470164039
-254609416
1171358173
714912467
939586883
-99338940
-772593431
583979197
-1560244778
1508132264
-1091482338
-1222772206
-2003095151
1054580331
-763261698
-1086660198
642172054
-739339147
-647045641
-814955134
1941483598
-788118081
-1700407201
-286159731
-1341844710
645443721
-133582918
2095230239
-969834439
886310901
-936618142
-228926204
453912434
619052351
233967560
-1181666372
835341616
679313040
-1959078167
689661699
1095180877
559285945
1141694823
195627237
1184872629
-356901806
1742868656
-104023318
-218413269
324705451
1347502624
-80786121
-2068574715
620461627
-761131042
1500580505
-1880749755
1570169259
-1485832
-2095369708
-1342796472
-523084645
743776853
-851437133
-246810308
-268355578
-90303978
-634823585
-1562887843
-921609739
527344465
-189333838
1796016448
-1783770293
-723634921
-1630028443
-1370000261
-2079235092
-2040703314
-1133781945
1588827393
542703418
1950063379
123355281
-688739852
650784325
1573232618
31915083
-1275785486
897729691
1670312525
-2069438879
-2024686686
1165416146
-1335005517
-1268975963
1414284330
991664774
790839035
596019309
1345727248
126466449
1407554305
-527064534
-1179601184
747537891
-309911658
1775305651
-731135061
1286684764
-153547070
-1438498037
-519343079
977980299
-1579904698
367447663
191614065
-847818994
1553499254
1004996554
-106106891
392402211
1418644580
-1770785214
-396571069
365346268
1397784458
-2033912121
-1911150493
1162403140
-256647336
737289335
-1698957112
-1048088728
166494189
612145264
1167592713
-950792159
-1957119370
805221203
-1555383532
298953200
-1174725069
1457782634
884636512
235846264
1161097748
-1422756092
2118952371
1206491334
-2044760946
382390699
-1488792899
1878667731
-1327034779
558398243
-1053836176
-1714547449
160453772
-865971910
989636552
2015256731
450867317
-205328777
-1213723530
974882010
-1740568905
-1257917094
-940659825
-50094896
461741943
-56196998
197701797
261080551
-1755595080
1342841988
-374783667
45905300
-1993181061
-1765032673
-1697201188
1621516904
-989298080
1026930654
1830091911
1415121822
1343907306
1337769462
473827479
259129958
2110419226
621277218
1020784188
-954733263
1708880404
700072110
-1770784629
-1813931898
1469718935
-1741334963
1440695977
-1362330049
1579359242
-935183616
2110814867
106177059
76663910
1918263860
1106567098
348642493
131432781
1418060966
1407572125
1277511988
-260188556
-227219306
-88632938
-2127753878
361399545
33213107
888583236
-1921429429
73627923
-1109305291
-1819189601
827462109
357555530
1972482304
-1488920665
-1392819485
1496366304
959761300
815569141
925162105
-456609928
861024214
95999432
-133910198
778830071
-1849450152
-184119355
688702106
-637279783
455086550
1670982543
1329539691
-66876983
683667011
1123141624
1822528486
673988125
1935523837
-603463608
364022331
-500310543
1851824077
567866056
1347004769
-1887447365
-1886099132
-1348893027
1710052471
398864584
-1936615232
2133461249
1206555507
1168565642
669499755
-1705074827
389590090
2002160431
-595731465
-1227457513
403606506
1630312378
-2109257913
913235307
854597520
793168816
-1875424158
295746923
643092586
-1440246252
729152428
1000684160
-36664479
1464724448
590249422
-2048701830
289164473
292364765
-1524019424
94025639
526968839
-459945158
-1773955708
1706450158
659116784
-379816270
-1706019256
1369700068
1677483595
1534510994
-367859737
708531836
-918189731
-1247399607
1804058596
-1741472184
-868509280
-1425905402
-1038096483
-972130021
-1225174384
1997734176
-1822467454
800337860
-907746421
-1101421927
1171724027
-1881806509
1967322636
-1098841298
-1878863461
1110884454
-1407521429
1100685488
1024076273
807172246
762905471
-1337917277
1473633082
1760938939
875445704
1941527625
1089245592
-1743455789
818860518
2086747922
1337715013
824589186
1400358645
-1204645955
530346260
308701803
646834296
927436783
1672909731
1468289984
-1845765960
1643601793
-1376859726
129672847
1513988008
1024625978
-169284712
293897821
-1151027202
-1522901572
1056312494
107655061
-1355368802
-2056483244
1337768076
-330388148
2051750181
-1438667217
-1453028526
-411931630
1820074012
1699910504
-1027585249
-257287700
-785699623
1099012113
-1942053133
-1656242467
984689105
1645133819
1812357253
344368480
-944440479
539217998
-2041703492
-1750338938
-1425021379
-834372871
-1616482479
-1549314498
1987476877
-324857289
1943442764
1131528822
2024863856
333216017
-306516562
2059509616
-763177668
-1707707316
-1418053108
-1708032747
-1387482274
-74823516
1136380187
-969450877
-1522453079
-655106335
908149483
-688981362
-1645344255
-685396705
517207994
528610284
551060772
203838756
-1853266241
-1039595115
-1653603340
837986483
1525974259
1292004338
1733077541
1724024229
-2270354
-1874559171
609568013
1684647033
-562745784
-1508155432
1915222064
-493043980
761933552
1153023317
-379128006
-1503787733
386221847
1786606257
222848718
1851723837
-1010498020
-1837452298
721074592
879543667
1321671980
48419058
-894055321
-872112233
-1712538273
-1908809819
-501491280
1522764344
1700347633
-75157108
288620695
130955179
547233857
-1435261092
1052031619
329471065
908342546
717140127
201087601
-525071893
1125905076
510270013
1831544751
-850359394
-1978965237
-1948201000
2038341947
1443380621
908634931
1098549521
-1438689861
-1177862401
-2063952459
1898757366
-1231904462
2128751763
-352808890
-528277243
-876245664
-22466659
717416424
-1006681035
1374217765
-137197718
1824770312
-1334277688
220125531
-678469293
-1579151320
-1774760894
2140695658
-1228601882
-332115426
1320025597
1341061496
1577804555
1283248460
-1671676529
-1478352141
23660641
1935333176
-224874191
-1617210340
1252785184
-317627408
-1900524845
1470883219
1565568736
2131825173
-996190680
-46551643
2081431577
1604815166
-900901958
377199846
1401087201
502269268
-1256603654
-1817420141
-1850941953
-293921103
-2007283286
-762220392
-268801626
-1772864248
1702722823
1448593079
-1166574829
-1397327414
1723426310
-2889867
-1224976122
-1812357646
-761253275
2013087259
2131027365
-1845860752
249205043
888394749
1240802843
1251040354
689833496
-1854111997
-1849906149
-910366268
-1384594306
1664448052
2044830184
1352027984
-160275674
2146376582
-1974140773
195384654
1392931352
-583048340
213595188
-396569858
-674330227
672892087
1633940430
601018518
868372189
344009488
700517473
304562445
1131943604
830157707
-1495472440
-915785692
1910241193
398480141
-1018463517
-27724133
-1238116765
-1434849581
1536305382
786274720
-1144695668
689698401
-1155131907
-508600396
-2122632034
1355466251
36651187
2049910677
1182416090
1619227259
-45734894
-1791825918
-482721462
1395940991
416441073
1646359510
-725009416
-970345303
-545409020
-1783628653
166283938
-1240468286
-1410168658
1521916314
-1669696364
380631606
-344464885
1006973815
1844895331
1320200666
1326820749
544986174
-1247074612
-1710861753
86011153
120122483
1906012901
-796152073
-2124856151
1532440245
-531743301
-968102852
-1425230398
466832837
-21694792
-1176996387
742123674
-883259245
1463744859
-279556122
371653934
1030065485
-21033998
828037335
-595760027
1721685346
-552969719
1957768275
-1473210561
-2113737599
-1723209546
1979927517
2134491846
-1117712250
-1163142823
-1212238260
704542794
1138641167
-2058404863
1763802873
-1910208867
436735741
852321438
-1358844296
-1628958999
1561879969
137567527
996022046
-646289677
-1389513150
1015984546
-157191105
-886826350
-2116460592
1993268845
-140039503
-231267431
924854969
-1060539770
1669075064
295698411
142049993
152663182
-228727503
-842118384
-1768936068
-1515399059
636408939
-2135022158
770292181
-2048281505
-212469379
1992157728
205690836
-251839259
-1193019885
-865446936
-1358758036
1737419902
2049695164
-618613651
1449322627
1406878181
330096794
222728881
-56146651
659502982
773350729
-57984754
-1123057830
1259010566
-1875763212
-13929194
-2004601795
-808686418
-924887008
-2011007522
-1707929939
-2107091800
701765266
1354229941
148473300
-454854221
1486681191
-549175574
511694657
-692817869
280778211
-85719671
583039166
-1461501283
1463069742
1541600610
-1678266742
-220455377
-1726268305
-464053820
-516274350
-181066614
-1460171107
837391980
-895627848
-897608925
1971546773
-1797904601
-396357441
-500030526
-21004159
-2005880268
68279540
-1179922056
-628695548
117175445
1535704932
576360094
-620226770
-1440745032
1645519860
-326854166
168160561
1989183686
115624809
1653072223
-64188052
683699166
-157575580
-220789581
1939179633
-916067185
-604497074
-131831943
1711598206
39324239
1939923414
-539179246
-1352028909
227509645
-1382298479
733277651
-1858294243
1811238734
1430612573
-478682651
-527025665
-1349193834
780958096
1256659076
1232251994
-320036386
-2011972206
-101218984
724711020
398802318
449347834
-505327130
-2042897627
649210006
825606565
1680998488
1852755010
-1400540740
-1008484945
-1951114236
1757216432
-1883365241
-560333970
106194663
-105248500
585268471
1333356703
1447592750
670573738
-1856537132
-1459159805
-69334117
-913294612
-1981858176
1069396469
-926057738
128509664
1731793731
2093729933
-1931528728
-1876679808
1094419927
1508075737
2083746707
-1412483207
297907628
2070841891
1127525508
-461802339
-1390631717
967729110
824486276
440653682
679664683
907622347
-1269153809
-657040822
-556354488
-2079147712
-164244857
-808655387
-1300274080
1792527880
-2036292764
-2012773137
279622956
-433409765
-157518456
-1524207859
1759846534
-694959197
1625163110
-779181829
-631865089
-1143806251
-936720639
742431056
663408617
-1875202821
-1553788042
1169687045
-944400946
629261182
-1581466649
126249507
-2105494168
1657820280
373653973
1385072319
-1883114080
-585536912
986009508
-1581618809
-194890941
-940757100
879795707
1285843454
-427854074
-483837132
-533689303
-1367260317
-1450259993
-375174942
-309447833
-1466298824
1749607673
-393561645
-676087223
-502491613
1697503406
-1567727036
165582547
-1345874277
-942018822
1850471473
496485045
-1529155885
-1410793205
333897121
2056154438
1370223761
-383879466
-1304844412
956162486
-54045062
-166846067
1370864888
748644606
213016770
-1461019234
1362874184
-955322661
-1214786914
-819256169
1859647809
1196218836
1625875625
368831232
-282113764
1992056014
857007952
135291608
1722102586
620001507
-104166104
-1376609199
742074827
-1107997018
-1832625732
934830303
-2097942721
-1142902913
1478013425
666033261
-812657319
653186748
-1068815352
38797634
-1223950298
-1511889572
1993384064
1508620010
-75089996
-487605248
508387713
-729322436
1543902763
693854143
549619147
2069256060
741135693
2011305160
161177278
1498823341
127722062
