2086923675
1316739058
1465549906
-1608441952
-1916515456
-1919476423
624437576
1454834191
882475938
-87963426
1590079733
1995099566
-1241291124
-2102848852
-918757225
-371711478
1239826010
-193319998
-1153016687
563435678
-833669787
-268329588
96910354
390972014
-485756825
-397358519
-805600827
-601101513
-2137491503
1927252702
-218122444
-149967317
-1915051289
2119298153
-1559742302
-672927469
398157524
1195706252
1012965532
-1784633435
667826149
1774117040
-720595642
-88567943
1334364684
-1319749764
995357152
-461901190
2004890748
856758248
442674102
-964264032
326336936
-572269276
539138581
-633460638
-1077020307
1385354893
704724009
-564141282
-1889134590
1856664346
1311828121
-24283562
175686074
1061898840
-2009770129
223122950
1844276541
1292220356
1601755937
-1955739916
1423328514
-138284390
1479608426
-1442270360
-406721749
-526098660
-1974396124
-1749667834
-1675397379
-1036842396
812914058
517929010
-2137443415
-863938728
304697504
2138987189
-1580311626
-902518855
169201608
-158930609
1116106195
1713148789
-171063428
-1733455307
547224546
72045394
1984626611
-1718938695
1011737858
2110039315
-593260382
-2033293720
-482166136
-1470163621
1387278467
-1412574084
694856034
-490818255
664293292
1367955482
-901480671
544631225
850407210
208446093
329198372
2004197766
1197370407
-1210994426
-1051714829
1930971554
1241902105
-711711263
1043853530
1486829104
-300483288
521853058
983647577
-1912303108
205043868
-894060210
-1042500030
-1460213030
-917689272
-1721854121
-561506942
247615604
-825726448
212742543
1776871758
818846558
583533672
-1371782483
-1127604034
-1385010869
193609892
-918263134
1166233294
476913893
77050667
1702909179
615407612
-1840712032
-152241639
596251271
-986891995
-1393891253
-1883054143
-1663636730
-1222990545
2002317910
1018294816
-2039201311
1386675555
1979647214
1303583726
-371885748
48391709
1179209786
-1638009840
-115989231
1506878074
1341116368
1249125536
521583526
-1924457815
-2124111155
-1844402239
-666988677
-357487835
1800772249
-842246009
200942802
526378862
-589819537
410105504
-598536710
1435257942
556944658
1213753518
-1712070032
-2044453670
147352363
-1291551222
-909420877
-1804081446
1701266238
664576335
1158319182
1966458681
718726636
-2066087300
-1295282088
1553671916
842664672
2115411843
-1659427086
-847422996
-1973962231
788327846
-1651514955
-1206495839
-1875972831
-1792726885
-456389581
678027536
-1956426783
-1379355636
972162909
-633583376
682423254
1094723540
-1990732098
99763884
-986085310
-602298508
1936586957
-2045788330
-1807823953
-1779509715
1456712688
1921833083
-444906978
-365307852
-680044297
875758824
-1039531313
1918578844
875525956
-1191874853
959793690
-375877482
-2038113055
-1112657688
1561272640
-916454064
-1127321756
-243343548
-348056215
1742755596
674152487
-1494608635
688429726
-1524370077
-389473898
-1620432380
1604796123
1583269406
2086813592
1797212412
1569441727
-1600412892
1157893587
-1574736182
-35758917
-2107496304
799316616
676802902
-366047877
-1203449596
-696005042
-1236455325
128318118
928960014
-628995564
1874380426
1430099524
-659004661
-1841325350
807239206
-842095829
2126099329
2037394029
1066787823
-1008687475
-1215579827
-669045501
310494632
645801909
582736424
1441144152
2059437081
794251059
1976701352
-1793690024
-493782462
-638922023
-1158250652
-154813456
-2053420068
2096849301
913557474
1333654060
-1431973550
1662614200
2116031661
-533519153
1839750483
1063847599
1327779811
112927319
311238980
-514963160
122469396
807821345
1856377942
65073979
281203210
121551577
-1874867172
-1438284625
1436556094
1969037797
1703358722
25825540
-1628781989
1302299478
1767191039
-1330509319
-1079915553
-627952310
-1887955380
-902224057
-2116244545
692366145
1599246011
-908479155
-17130678
424015716
-664149155
1653908743
94078362
-1749881035
372982584
1914142433
186590484
311397984
307741252
-485293305
-2022006903
-564600294
323818108
-265108323
-1006810334
396550653
1051105084
-15830662
-1882655736
187423096
-183569322
2008642276
-1291311791
-1847856585
-2142588175
-153963389
-1633992834
-82045768
-1400352686
-685522074
-1325761770
1240095649
1703502517
-200614051
-1382510394
-805567797
-135847371
-1161592202
-1746549151
1336465810
1549508055
-1995454842
-359747778
-1447056706
-1195951586
490589082
818199576
1350525803
-58231581
1780938222
657782254
-528352544
420477612
-508003607
35975832
-421126102
-1883651833
1814362593
92216711
1154753663
2016491206
108030702
-1783485572
-1102954225
-1406432663
371507978
1815375064
-1410898729
1321955267
-1213274235
1070550957
1255079825
195672530
-52053078
-1523600690
-568933307
-569388300
158106244
998834322
963202086
-756685521
1023569097
1395231361
1162214994
-1097212866
-1048807300
-580805257
1351720119
1446723296
-119157276
-1285183379
-816831388
-545178663
-385851083
-670723531
-1708834663
-147760195
-111950453
-1182108350
-1265159116
-20367314
826645270
-1463961974
518855645
-1596267486
-1548834277
-1797097962
1832703082
-1847288991
1127900157
1955065837
1455126769
-79910503
533472923
-1580351812
-1273886918
697488587
240884526
141943215
1201058852
1697448069
-1650660641
27845708
2000968296
-1411796248
285371375
1131810736
408553866
-1731386393
-1241465572
1795778714
-1345937243
-1064042549
791508719
-1587558103
-1822782515
1182532338
-2080438355
-435787419
1181926808
1065690951
927942913
1643539359
-635842951
-1682862889
-1492782440
1591216742
1139087942
-86074353
-1742482253
157098785
-374666918
-1181334020
1964367410
-1432404708
-1707320330
1942811746
-991203636
-976278568
1050754796
200766533
-853617634
1964749457
-2129716121
490263731
-734497610
837426886
-1964157751
808061153
1729178260
1326083678
-747853491
-381485288
1484409442
-777373270
-756247275
-737960950
-977296469
843662315
-1306339355
301228368
-1341149570
-1438324479
-703922123
1888094806
687855455
1289948676
-1880623350
-1683287727
1722458933
-828794665
-996288534
498198954
2087930060
1591065091
-510104671
-1582526750
-439148718
-1689299515
1020971924
912944946
1135105766
773078372
-1494510012
-100522111
-552549195
-1775393564
870604137
-251616928
-378286491
-1117397381
-1876698298
1067961304
1845153731
-1854130371
-1323485982
-1214285801
370109261
1914213964
2025923636
1421504160
1602808990
-2137230675
1097761783
325238663
-1080688428
-1542823563
-1433369904
1138737897
59626597
-1849345106
-721888154
1881681929
843811515
-1724107257
-942187524
-2051105890
136081997
1471205374
280534461
-250230486
246272979
-1384108304
235050615
-1527992390
1026914793
636897154
234956291
1018428873
-1394444178
1881049686
2143276521
2128202221
1214482405
1782233091
1371131255
-572085698
872085666
22455580
314428067
1217510545
1746269904
-1974105055
1121545963
595379393
-807349804
-23587324
-369830661
-1442624907
2132048302
-275286469
-2032317067
2072207594
810863855
-1886619713
-321775149
1420950632
1799857810
-1360191478
-880076689
-187485035
44187988
388601029
976738199
1751349104
-1702938024
1817238727
1078888029
-327861134
-1671415237
-466921040
19189252
-798833671
-1828642358
-734662123
-1354361765
926341836
1492286103
130955161
1298182542
-2132459534
610836555
-1965842921
2045115718
-1433367177
472305114
-802461703
-925359539
1101424094
-1443006887
-902662923
965004640
-657404732
1060328734
1321354490
-962436578
1629798965
683468080
2057411028
150491548
390724255
1758991834
-6089345
-1758620556
1048315963
208988645
-937316134
1533603925
-1518012732
77237300
1926458934
-738743435
-460490935
-981163294
-781264702
1822755713
562176209
302524530
-197449396
-362371387
-1900623991
-1952422544
-133406412
-388916777
70268894
667942629
286007067
152282809
1664436734
294904780
1298077365
-1535133168
22330451
726936685
-1033677692
777886509
434028056
1528402200
-211652448
-1984247252
-1747294704
170852152
-649827007
1932466864
-1244577117
-1105549452
-1778489365
2071959156
-261705008
1395110166
2139605119
146501009
732538462
-194540210
829265569
-162407286
-1533276863
-934332345
-1309747058
-511654144
346541938
1097016199
-1107628761
139527373
-1999331897
-677841352
724187687
-152605353
750418516
-1559658042
-772518563
-534711918
842865685
-1934774427
153929228
637634071
1527623549
-31577998
1086219145
-2141608314
-587438569
184822428
-314320808
316802339
-1446461805
-1550439804
1940697294
927766916
1210316243
-260924020
-1193061050
212865427
-1199535582
1865591842
-1753434375
-426305342
-1882585638
-719666058
452979876
-95374239
1355471004
1203602611
-1958600806
-734189635
1385914174
-1559292908
-1994715976
476688056
809631703
547041082
1191766825
-1861201696
1248496850
2132295957
1812199842
-823545744
332329911
-720243331
-1365825006
1730068488
-389625021
-1569091291
-706987031
256932633
771252870
900794474
-410299355
-779415726
-1811601953
1551255671
-771831820
1224849167
1336937983
-1672134056
50641150
161888518
-526553496
1449071106
1713083541
707745923
389167386
-17775033
1275058778
-810478838
1995161219
1376045228
-189043135
-1898724616
901839813
-858576213
1666846914
-810601252
-716553707
228399316
1473477789
1095795179
731038249
1063395685
-1133494128
1442079549
1786767953
1507453972
-90521326
1687622496
995233816
1985963927
718715108
-288761297
707229123
-2083729455
-516495950
-175181185
1198168642
-1883190240
541687507
-1768930065
1551104144
720665223
-1226188995
-469235891
-525877486
1760789021
1115988930
7898219
1990070609
-420463905
-259251975
-2119438032
-1072986130
-1739341024
1277244318
344704037
1846992198
1871344072
-713221500
-1255621571
938096600
-55409828
1278735744
-2136845474
783266331
-68496620
282418980
-1618673640
-69113608
-822957891
1172996
1434892304
-1317939694
-1239714635
-1755140154
-309938387
80438638
1146013353
-2070651891
-383320221
1596730851
-939682904
1624633279
1540232645
-1338380968
-980000726
-1204423316
2024747008
-540974775
373403182
-711929771
-1995968023
-452689115
-1366209124
1704675620
-968084508
-1322256360
879081038
-434398075
-471218035
-671010450
-271700989
-1310728183
-219394586
-217257065
1834588742
292321105
-399676805
1598122485
-179037704
1764938740
1438235332
656080324
1722910912
-1782330837
587714450
-1362001330
-602063660
1812931462
1892757616
-1932257960
1025751917
1699868373
-2124889390
2125691133
988979048
63381605
95919702
784684133
1652902091
2058178406
-1737188797
155506450
-1275965199
1071060543
1113514136
-766214068
-1342635344
1328876897
1121612205
-653509810
-1614145779
-1949824836
-193978567
1344506212
-1156545747
2124525222
1707976907
2047634162
671904150
-894479687
-1763343208
-1074929969
409164342
-448030076
1647840140
532361179
-1393093771
-1955475213
-1385336562
1168371104
-1323695297
-1299604723
-1630161307
-46729020
2000921858
1487039603
-103962637
969470383
1036448212
-68673997
1753135195
201452309
503245881
1737807075
-1966659951
947416025
-983141267
2045677567
1661750541
1625064044
1803722654
-1207593540
590356096
-1458022652
2033435112
1601206897
2090118900
944966759
-1259240112
1829371022
1428287119
1567411489
359305489
1118499335
2099182959
-1235301994
1386254917
-2117126207
1702151360
-38871100
-961567882
-509380500
-1379181868
