212775066
-1606876078
-649256742
1929111044
-1689156991
1265640754
-1896449083
-1655696529
1830045106
165126306
-55695075
911812890
-93872680
-485703489
-1089999749
672243747
-422334617
1380868746
1868920639
813572872
-2070928743
-755539722
-559266106
2074224070
1270391990
1221409280
-827502433
-944786655
-946633339
-638015421
1067386500
1950992192
1799159719
-2029979363
411412893
-663604893
-1207987939
1572265067
1217918058
-2026229464
503868584
597337244
478850232
-603889937
-1931206426
-1179185622
-1925171286
-1915679313
-1715149889
-1422702006
2051967106
756652854
1340602407
-1917315113
394653016
2135898539
-948951046
1460958832
236033530
-2074399059
-1357539815
1417722557
1228628329
1509880416
1534043669
-1900929722
-582569268
400049444
1537267716
-1889772231
1380807492
-1263859087
-1929565956
-1693084256
-912942572
581540156
-659479580
-1304168140
-397003841
-1199156413
-1194623977
1666323613
-1964060525
884345298
-1677787258
1829582706
-205245583
-1528168360
1468860860
-269838410
1487523702
-1239800969
-816377387
812529753
1126862805
-514974102
354275588
-136817588
1505004887
345138005
773445419
1216317658
-817307872
1286664304
-1393704624
-1603156906
2107029767
-737604271
2035963312
549970032
1342799330
670469861
895775218
659108628
-717928987
-1534371636
-1796326924
1879365747
-1334048554
-1976141220
1724359406
535283544
-365124533
-1090021945
981097589
-1430895711
-1768409730
-2133938677
-1130837159
-893054839
2106195641
-538743467
-1040569778
921255902
-672128981
535532499
-560209717
1931198618
1172794008
-1924857059
-614403646
-1917450891
570178234
-1347353836
1304246444
-912979228
-1266609892
-839246414
781564389
1312417010
-342664588
2091177006
-624020954
1109019097
-1249663068
-1611532602
796228035
1528545403
396162346
-1744600093
-1192398786
2121445745
-725171036
798066394
206716258
1478447576
-109053964
283335613
1960774648
-507231625
-760122946
2111120070
-1956065325
-1504001027
-1170408155
-1272015897
-734802852
1478588934
-284486803
-1099089212
-2038120369
499691735
-132386773
-554058977
-819896726
-1265092609
787010700
34774621
510969559
395497690
1790433089
-1587673742
896445406
129043300
-319130556
58516765
632958890
59889870
-1326971514
-654572967
-888372671
1514579216
304484808
-282119935
-1408904093
-646488047
-1349421907
-2012933016
-1163799459
474630111
1713906305
175512177
1976583972
639709240
1329379196
-1325022852
1877283118
1780720614
-266364757
-1667257558
2571823
1214111715
-719576491
1745280474
-174405879
1788585944
233098755
755044437
1422929073
1031921275
-1687980355
-1848840343
-1270247405
2062964870
-1208856786
927534554
-98207182
-594169508
2122816309
-863155056
88217643
-49739926
250695215
1735989709
1526018265
-2106814639
-357987349
-439068433
-678622005
-1871315907
-1901697827
-2116041877
847765062
-1615366948
-276634142
-827604312
639391557
-1620474935
-1482431528
-1459100691
-294289364
-1503636175
394754699
-478990700
944967392
2064163024
1992582775
-1051825067
234504200
-1422033167
-1724882052
-1869646561
1371791776
-870851346
-1648887995
-1446652131
1570634427
-94356558
-1948242351
507947916
1820533831
-263356675
-838778397
1173346013
1420696886
-1747410397
-221208115
881766743
1846577367
1706661140
682229745
-808806747
-199848308
-717154181
-1852039618
-1146551957
1274154915
-1132847020
-2097758370
1702656750
501675806
-1620888590
-997595935
1417066637
-25314841
-293719015
-1287955733
265981889
-1499383956
191516653
1862767268
-936703258
-1686484571
-1906180856
-1073162200
-796788354
-225876396
-113199198
552418465
-873160792
-1121586949
-1147273401
-1846509379
-2032919032
1328935111
144286413
-727947082
-1116398399
-1902448051
-986362857
890895354
1948945713
-2119600453
1270910077
-901737243
-1500568246
813890978
1280105545
1336550511
-1500865103
580007920
1332916775
-116004942
-1958390446
475361979
-405507106
-390212793
-1616211896
1089142888
753744981
1173017772
-612716936
-1679323533
547975469
1324716627
1744226986
-712489680
1101110142
-1177694339
1131447712
1456790364
-1429660683
1637666908
-864541135
-1274883307
38529057
151842461
286878012
-586426259
1609071073
2087637398
1965692091
-1946726178
-2146912611
-627734047
-1451851433
934141661
-614371922
-1857726759
-426667680
-608337365
704855243
-1599507939
124754647
532263733
70804507
1346258688
409557024
-889711946
197564821
1312821638
1307697309
-341961289
-1101336971
1383186827
1564176218
-438083933
-1417982820
-376383461
433366598
-747028368
789769532
-1159733517
1463085511
153059144
-1359270992
-899102443
142516544
-177466075
72844680
-1616941799
1508847433
967697757
1847900333
-1863036249
-1847069863
256175065
-127842012
1412913865
-528293658
197610953
968622804
1326668748
955503818
1550862664
33311925
-350980958
1571875547
-1679620477
1194596369
-1206035755
269361823
-473731129
2076805419
420759561
1329281273
-1386526942
-732618358
-497550983
1062124797
-665666366
722124392
1117067259
-1153091348
230041816
606437696
443139222
-1340181632
-2106043469
574218202
-36419327
658393876
222828067
1973139357
-1967642154
-628385065
-2138518976
-1899389158
-1033046305
1251567870
1897053350
1194429311
1749398493
-458724633
-818282972
286464418
563836694
662563394
-914536818
-1053793885
-398043963
1911840180
-1591734633
1485498825
-1868060376
-282081968
-2132228862
-71124855
1967517429
1508500391
-1504349916
-272696394
535071953
-1383514603
-1738441792
1330228108
-635757904
-206374328
-1204302406
-152477311
1839518807
1766623511
-445008302
-1747264693
1698896096
-753220537
1212545422
-517456312
1995992919
1209515558
-1724087573
1144078779
1827291587
-60511046
1996520845
-1826424688
-664759039
-1099042175
1243798324
347814969
-1818956514
-15739738
-1477894035
-1895480783
87423696
576216704
-1849836119
-260513587
933938597
365286954
415468133
208282116
946479201
610651536
2065171522
-2139813967
2053659490
806683492
402541400
1188855899
41376315
-348746003
656643531
-287833878
1005024734
-1681752795
232635626
-1676182260
1896548000
-122656768
-1199228970
201209776
451489909
-588437124
-1335314104
610999844
-1597023159
-1929287245
-303330805
-352371986
-136718398
1738061324
39576484
272720725
-1413017236
426650114
-875129859
-1797150327
894065461
-201922501
814804223
1871780153
-1411991792
709581485
405732830
-1450322476
-382771537
444357373
-663153174
1064660802
1426428872
2137859636
-1340187624
-1802876197
615928672
-996148897
1288387499
-1610177856
-1995726565
-1873044526
388013398
229178990
1516688545
1151350922
195369668
1251995257
2132295416
-556651546
-1361224450
1445285315
-417634095
1533671769
-1672571462
-2102814171
-744025250
496190017
1559881719
1329157865
-1976859808
-790301423
-117469851
-409280590
-1161565037
687240654
-830850720
-1978530095
-456966287
1122156190
-482013710
1104143345
-1644758956
1533408617
1124619201
1005684723
-346831043
-999564325
-2146871409
863580646
-1190610822
1854211287
1384077516
-1802749898
-1049865647
575795472
1850876850
-116998869
1032490280
-114945736
-465058580
766459999
-119902733
-1951783784
271525309
591625347
-707910577
-1933240074
2099721721
916395103
1026003564
-1056900820
1833785176
708082324
-188188648
672784048
-1576407084
-1398456310
-1900446526
-884025584
685226750
1848211238
-1769810253
-292280774
-1438045827
456396713
493178098
-222845813
585898896
224650496
718360818
-1884971731
-1741579741
-55950286
11062129
-680275691
-912873994
-456280449
-1217653870
1589148054
-896685018
1031178245
-2092349775
-493271869
-1358452052
1607045968
-207183735
-1099331377
-1797442233
-417673841
-75326485
-303650515
-713416189
609419062
649732204
1461428342
-1126168981
-1402022593
273761432
-439739670
-1437068887
1351605926
-1509524049
1550373240
2095509221
-783304291
1151211764
-1114062085
809741887
1651694505
2038862869
-743411023
509309376
2002619645
-1008165308
1516217404
-1807938496
1839825550
309834614
-1678473876
-2097282536
877816099
-154961547
1897247922
-861923228
-2092808006
1344281684
1194754109
506212108
-2084142021
-384281258
-1787445453
1894430288
-1226361372
-119063797
-1785969083
1297011574
-1318832904
-1335208818
524741054
195642796
1698733670
-2137758321
246269192
406293641
43204645
1472209096
1267083353
-968981739
530127904
-430755366
1786960999
-1332442490
236460681
52423298
886243677
-1440714473
2002088635
789197542
-10727699
1928060799
625152486
-633449493
-746612630
-612027720
1533433589
-804560258
-150636050
-1055447717
-2020077580
-388101896
-357806419
-1947111870
1249298648
240146773
-164054955
-1573004320
1890980072
-61266688
427191551
2061108335
640670901
-495364775
-1840339056
-1412276647
-1776030499
290978642
1920662301
13152521
-1473572667
-319871529
1340980150
-1487419420
1202217701
1076581940
294301285
-863904325
122542485
-936845528
-162423281
-199966708
-1580313102
1226276245
-1407081030
-832862667
687847497
-2146848553
-382891133
-1849464028
984183533
-1560217624
-766122635
-104899322
693003180
817724247
-649236483
2043285333
-421147872
1533860979
-1627274446
-2142984152
214643006
868470048
-228777029
401289217
-326890867
-375178758
-1932902053
1900359297
-1185459941
-1064709299
630606662
-1720134217
-269569661
-1596365145
-1267838216
-596397804
517210663
-172418939
-53287220
667128581
736734741
1034405844
-944973115
1445749945
-1632593834
871256649
1038687495
1063054693
-1582770663
1461209745
-1825108137
649440767
-1845187819
1619187769
-513090200
-2059849813
1221428087
-1487625877
1150992505
1645157984
-247419842
1319832825
-1387312300
-1140133840
-1890802903
-1157603588
-825382075
-2141194504
863610374
-1028591523
337206042
-1764001792
-288392093
1553922674
-1767309298
1263262599
736285157
497426872
-1172276544
-1717061425
-1091898718
-1141251133
-2085910304
-1348028817
971834666
-1466566689
412797558
-305557466
1051174835
-2119409264
-1630069886
-1027568915
-1641407708
-994411136
643886322
989212858
-1853036209
234082394
-2061630422
992460972
321558264
-1974976803
-1959938927
1428743417
2132965462
1790586732
960959363
133514176
-1886965786
-2118226555
-488274415
343230693
1427093672
1024465744
-822307504
799623377
1925112513
-1209314596
500910844
1676820730
-2056460264
-1630203379
-1174262656
-824079064
1918693657
-1962863759
-1293091631
-14815111
-912677047
-1739887048
-796181179
-1363385670
-303183622
1694433901
1640170226
1536558624
-10957002
-518107160
-504001276
-206425794
-804040896
-1785017209
-619085621
360256924
-1122853145
957217726
-802187166
-1256931490
1342838812
-2073682294
1914433874
2112683526
-1279312537
-1899063751
1513261475
-1589344084
-1822729163
607867338
127943589
-1306984751
-1086935695
-407899883
-1952193988
-2091213174
-208910060
-73336060
-1856597134
1753736677
932056972
-1883278867
-300627847
-919722679
546439763
1635740856
139990606
755802805
924353694
-183351342
-9995347
884797802
716662572
-1764472149
1861616510
-457398084
-1777107161
1345165694
1975303088
-202118775
1360008175
483502222
-1831905457
1923906676
905709497
2101663747
1712674233
327630424
-2005211510
1032296410
773349378
1866581044
263006148
1983774953
672221536
-1442396224
-522537902
-146198750
200740458
1932514259
839588666
1863853465
635780736
