-319548514
1110760723
-1573942596
-825652858
-660436085
1859961880
-319800661
-253953234
678483929
2065897184
1891647666
-1057835350
2015661678
-717550004
-807974805
1123712970
-1979880120
321742286
-856503117
-1379902231
1682286692
982308592
-1623345785
-1328622080
736831951
-1640394804
923300203
-1669474027
-1312149615
-199412176
1845771189
409210719
-1856193980
1568869674
-1774593173
458118738
844039038
-1637670703
-1431521924
1618831032
940485022
1055332772
-890499650
-1848374920
-507014943
1344464473
102325232
1508013167
251914710
-334353699
834030295
-323305318
282689675
-120590538
1391786261
-782607879
1737814417
1780763039
-1264285618
1008549796
-939506547
1096498301
75839292
-1158805581
-1906685503
-1546207671
1327308648
1762535240
-1296730367
-2001015399
-421678164
949343944
-967503566
1573199073
927530278
-1040286067
-702578846
-308206560
-1868653759
-111972477
650164271
1793948241
-1430251155
434656504
-392178148
469875590
-1898526756
1062753388
-1050484738
-551696496
-829573478
-1674719204
-1434234604
-1252393419
-799978653
1766447668
-1775484323
485276468
-254890742
-1335499780
-1264718013
1657344862
-826399119
-1492135519
969775393
1026234999
-867814013
-601442661
-1436617158
280353533
1058748204
436428405
1402817751
1615963123
438841775
1098976024
-1789025894
-1230904830
-1284522217
-217615040
38978273
331884540
412600990
-1385933754
-1098647455
1685271447
-1322169060
-263454549
-581200206
214347068
-1111910733
112947160
303886760
597026903
747259301
1633851617
1347508251
1456894313
263308709
1988910078
816407150
-136332686
-1319230543
-2034934992
67966028
1717484939
-1758567055
-1112823129
-892244003
1341079128
-631160607
1972550959
-1605352007
-1776438049
63854922
785594760
502654163
-538392026
-85335165
705634321
322375325
1775384927
1299277712
-1859452602
2047866823
-1813485052
259850016
638163251
-1295747245
-942937152
-2134449091
446010831
1933260928
1876202619
1103830385
-1810666411
-552264407
-163650053
335428438
1272708317
-1421848361
2014086238
-1075661887
412792119
-1908661089
-386959295
1712308214
-797292051
-902865867
219412149
337681998
66194982
-352822508
936972449
-1421611554
1187303726
-2146136349
224455498
-1066221731
574023255
1538215334
1755969267
-1237477719
-578655538
127459147
-2126071813
-6138984
1741301501
2079126987
1187672260
1666060467
-259460545
1287060867
1160018781
269937725
-159308341
332862465
138148761
-1453103079
-28234379
2061317136
-2062274702
168607762
70213889
-1249019025
1403920950
856681180
-1533781680
740113828
-1616903178
2082507218
-35755120
2054852705
-1745454013
-773339360
-1647040285
-735717330
646299350
1317023840
-1758568727
866666955
-147261476
-1952786420
-1042525954
-1357453320
157939704
-901466490
2100379491
-1919051393
-822809027
-1323848020
549570730
-1364924823
589246166
1250273908
623313455
-1386338827
-772826540
-1940879150
-1755093552
-1764789856
1846752021
-1163484843
-2141510027
1809530850
1934130284
1194720234
1787592313
1633734162
983880105
-1477162405
-1847018287
334105566
1352714732
-1884262498
818107620
1023761172
-915858123
1875071867
-1074316047
-1020669535
1990173521
-1447504144
950019455
-908544040
-1925965371
-2046692878
-132650723
745733630
-1443851710
833116097
-520396961
-135900504
-1505816918
985513464
1562998559
-1652622578
-378546835
-1203959061
-1518332573
1343862235
-507637778
24156895
-1882316044
534228826
-171656950
822643256
-39697769
-1962570492
-1128790726
1999606877
-389547887
301370219
-648331221
-941408225
766354531
-1107549150
657081353
-9077211
884572445
225979860
-1125101937
416829508
-403542579
-319286616
-966324917
655942073
-373920368
1452561894
-1246340990
1800590518
-1915743340
1216643677
-1983331746
1313612657
592590851
-1968480283
1358633371
-1577753098
1256893257
1692329968
-1827525661
-713500520
14566245
546220835
-1782827146
1219304583
-425568818
-1905189041
-782957847
699386865
-1473895982
556592629
-1590907672
1055641282
286258447
-1017066829
1460649695
-604134011
2066971520
492764265
-1178057821
672735981
727934929
-577751117
-1541516825
-1529380449
-587561875
2049680686
-1621858864
-1924523345
913685821
68005695
53237040
-890563820
-478910918
-960490063
-2009590400
-229993526
-1169013238
878744240
148056338
431364163
-1632809700
-280673168
472577837
-1740756141
1799301731
-1649600042
-2091595683
-1304804852
-1610146450
-1249562154
573738126
476079270
-1643871978
882856475
565115072
-1742760202
-110365000
-163082035
-681356617
884942522
2025886867
381728212
-109333434
-836934977
-2137272743
-1627208019
-739550602
273616591
1275828901
2048425140
1071677065
1216940442
-1886015495
1348426212
100681036
-826935605
-2025466128
56689930
-433050883
804100089
1762013807
-181521681
647891291
246118837
2004903629
262063789
1575506074
1835331744
1389642617
-1667881352
2110389676
655299654
-1473958109
-1322570196
1774810892
-1598529373
1997463279
-1287203160
-1390438745
-426211026
1605681621
-208000967
-1469951609
-1609134708
1643657453
-746907461
1964267341
-1756134443
1583238544
-40542842
523875175
-228556995
-61543457
628404737
681511975
1802462133
417684147
-844562211
1605354807
285733896
-562491305
-734167708
1927248662
-78153430
-1268007012
972950660
147212686
-2080437336
-978679650
-339798351
-642439748
-1813634387
-2036098656
-845660554
-1829248063
944844249
1489830675
-908751351
-1135385761
1743194786
346239012
501609329
-781771154
1289464842
-994757406
-1669704659
-1812398886
1934547538
554218461
857095203
1023612284
-1505485329
1811555224
-1768039486
364792619
-1619261252
-1257417721
1429815894
1296328656
713436833
472557185
1506083820
1775637461
-141196558
197552076
-2102253144
568524520
-1507644935
-1747470717
-1251557547
-683593230
-159629024
1967627347
1689657158
-1463654478
-1878749814
1198038251
1248883479
-1736898216
954530798
65816049
1643376745
1242026743
1990766884
-642151251
-613241694
2123231462
2036665753
1755022594
85067375
-535202028
-1961881939
1852327489
872945195
-2025113300
1714946899
1882855786
-343452891
505127025
465631579
260887116
-678843182
-608398154
-148760616
393883924
563670918
2109433756
-1110918194
978527573
-2109376309
1646584174
-1720575028
1182050474
-2113134153
597000442
1326936014
172658614
581095168
-366354618
-1075455938
110621181
-554273847
2011912499
-1848547116
-1673103722
-1719522476
2131979171
-1545130681
-666569436
122317002
973414881
-1353681277
-367347933
537109263
1298967682
1492046372
648493291
1123276411
-1365237065
750546424
661666659
1791137428
192749644
1858455310
-1134000747
1518884761
-2075029202
-470117363
-241849001
1506424321
-942602482
1215059538
-18222855
-401022241
-1964701274
-300459613
-459410174
-1247575318
1129868125
-1332707246
2103492813
-356436154
1863395446
1869979188
571874723
1918179579
922164286
1273540989
-900580639
-1586137866
800308129
-2062285600
2053157482
-1284599138
-85636454
2102950138
-923168030
-1260305781
-520891737
-267473868
1012709282
-1158209295
-1804265377
-218742551
-300209052
2003056368
-68426581
213382846
-745135137
-1649959594
975256664
2049972146
-57119363
-981496759
171119124
-1423751035
-754207212
1495035053
-906122054
1530658088
-963044501
-1986967718
208841145
97057523
841301498
-569822154
-289651888
-1217852058
-1779111366
-1184832321
-426841084
1080959040
-2031109544
-2000612881
387388999
-1950560922
-1837777793
989619707
1157097769
169738768
-674305306
980931957
-345346021
-2051093853
1139028526
-723009472
-1650074596
186836614
2140587255
1096474211
-1088354855
-2005896239
-1262958900
962435937
1189628056
-124538328
-23686416
355221283
-1625683711
133234415
773754892
1863194687
1136613492
1176931022
401119563
2014555549
1450201265
-353436703
882560126
-599161961
1432640603
1180088895
1415573628
1768923049
900521889
-1277376202
-653057429
1391237944
-679999164
1040783373
1834383854
-151961512
-1314177395
-1103177188
-1725504381
2044585076
2073423067
726566621
-1404711918
-1437720480
-1520236839
729113343
1831669443
-306825963
1013343312
-1525028852
1726098832
1273644343
408609649
-1797534621
-1994795574
1361145282
-1728468225
563765618
1638007599
266252445
-252854208
538621955
-1926191103
577512204
-654549479
1461318422
1109231308
752076779
-120407573
372381514
72620530
677242111
821724165
-42898005
2055044399
480178055
35494973
1197505548
-1335823981
-365888398
947612335
-1220668423
-640500762
1970520679
-445254637
2106105263
-869723402
-987732178
2058166970
-104807161
152199300
1163753998
575046914
159007618
1271047765
-527233886
1346839939
1210637894
-1640587622
-1587585962
-1930495131
499946834
1032667561
-1981359894
683137186
-154971597
1916608735
1939447748
1286846179
-516182637
1892203790
-1579207942
1492414206
-1534506557
-490674763
937751696
548789831
-141682811
-1425495928
1013741349
1809945535
1750591941
1363650096
-1444369942
2068536801
-1104643449
1012075441
-758339751
998186289
2064159448
-1660830157
1604373959
1401617518
-799680141
-160743674
-1630187959
1574531018
1384804082
-947916166
789466359
1573284238
1473285062
1888586480
1498763931
1013424666
572315968
-1226246788
-76892963
544914221
1941603629
2082424270
-472130795
-566914327
-1956754269
1340167912
-1964164684
-276620996
833397692
875628398
82074508
-1879420169
-318259068
-1344389386
632540091
921746474
-782747900
-91460790
-1986948901
1705145511
-1785212338
-1753377937
-772877034
1049690285
-1881142735
-1139631124
348574361
1926997527
-380743603
1692710291
-288259664
-157610214
1444492948
-522442875
1996621943
-649736399
-1007515350
921927039
-32313775
1862382200
1377089684
-261417716
760454007
1049377844
-2047096383
43800447
-1165291045
-1292038000
-496613170
1863942021
601652951
-1309826062
-926516153
718608756
796587338
251560810
1533046678
-1358508185
-1930642824
1703431127
-811904474
1507929310
1248127266
-1282046179
-103626358
-1911742268
444901268
1911130970
1087108916
-189577953
-882585753
1498388363
290000364
396509052
-274675126
1515035690
-871665966
-207839618
1802951980
1189168405
1835395575
1560704095
1345610879
1964111994
-966172762
-749192954
-1363737903
1815152233
265834958
-1082724734
-1600879838
-2033364926
-623530200
500199905
732783511
-909325005
1364357469
1323430967
-615451758
-829922938
2034984129
254608456
-1117776984
1347640424
1900357420
-1423419563
-962431368
-612992981
-829036998
-1864204210
923685883
1470164558
-1539919677
1941920470
-660675935
-971914202
-1425406906
-195618902
-1318334281
666012464
441126816
-1072389113
1345626732
-1158161184
-948993434
472498725
797633251
1475848078
224640976
1406483849
-87822159
1478800809
-1032834149
440247945
-2081790616
-1300074131
1578885175
-1121609285
-815771482
-621052448
-1381298403
195655086
1126101849
-2041555846
-1932634497
87390012
479099307
-1468983457
-175931675
1660746688
1920615508
-1211087794
163325208
-300118493
-915733782
-336880972
-1042104186
-743389902
-208166223
463919877
1727154451
1821048366
1484414030
1906037570
1104764030
442413896
185274572
1028971085
-1506161657
-1615091629
2034778450
-1262255126
371915765
987210361
77892215
1414399236
1897670271
1685998011
-214711217
2126553654
1190270152
154976859
