-1367399331
-1909299477
331794928
-2052783566
465213120
1141841895
-1089490597
1011060631
-701826508
1958363427
1980587287
-791670861
-1207371834
1780911398
-2091377872
-1103833670
584266807
-1504588975
-1338108144
-197286273
1156446767
-664328681
-550451818
725888239
-1285074786
-1658052200
-344784216
-1079595775
157197331
1398284725
-2087939773
-916801008
-2122940694
-315208567
-86176012
-1941885697
818164548
-1016684184
108943237
-106298808
641048949
960831895
-1048116502
59711819
-1275983770
-1594596891
-805809467
-623186822
1858621936
-834532177
-955232615
-870364841
1384008018
902471817
-192851840
1606499034
-1929806158
-378557205
1760780144
1407009300
-591589941
-2006248361
-1597927801
-666578754
-329441946
-807418108
-1019262348
1114671266
1646816196
1129227845
35414578
384442878
-1690686529
-1989174744
1899575906
-1353190649
-1407931391
463041339
-208480044
-2055395364
-43945778
1531731417
426501221
-729565432
1259194517
438690272
1601139021
898482008
-855154679
1079105851
1368851778
262906413
-621663347
-1310776607
-2096841211
1142699461
-827194462
-489572270
-2132800554
-218779350
637370178
1087462924
647566904
-467442638
999663917
-1078310391
-1379491876
-1802501502
-1292333684
2043829979
-141402613
1073425579
1663917898
1517997804
-946777104
-1687242498
538488873
1310200280
95337169
-625250944
-1564150416
1527540337
773284547
-405189227
693668671
-476057910
1618343066
854155926
-861575921
1857381016
2139055742
276308119
-1112234197
-1380915134
-744199201
-1132915091
-2011376968
-420893575
107962831
333607521
2056182780
-312291837
-1453099841
-753122579
2039264364
-500847911
-123939262
1071913270
40967045
-2031502354
-1292705501
-825167364
458768869
1963750934
-1084719785
1657917918
-2147224442
1709126757
-1258701146
-2051089780
-1175875102
-501874481
-858609264
-1529815514
1637153282
-120363940
1393743538
1813084389
221411232
-1671918358
1817222378
-2128527612
-298983088
1226163703
510612510
-1394615880
-743069158
-1613055875
1411008697
-866503358
-811810661
557827647
232701219
-1859540683
1579781599
-591652988
-1363994845
-1250141467
-968619010
1741968334
460780974
673853687
1693925295
866609918
-156853253
-505217225
-536177994
1675804474
-660090571
-812423800
-1827330826
714931028
-739071740
-1715054760
-1081346266
-1497758406
-670831316
-517767903
-1503206699
405656847
739289856
521712090
-931872037
110730900
-1086887312
139201910
1183424756
446806042
1525481417
1851074459
-1467473240
-394884413
1226349973
-1205847034
-1768382420
2539955
1193780112
1039175191
1382113681
-1593711782
-1966465996
840218777
-48640547
-518977745
-259616873
556282421
-1996506845
-385002974
-1259704162
1771892376
246931338
928434379
558129574
-1711061213
-1067575423
1666764054
-232729541
-1470674913
111317046
1503858006
930818237
1970058745
116913759
-460307740
-865570711
-492630924
-1995319075
1054625341
-1293315569
421816281
1484227163
-543575248
-1963875941
-1860432187
-423430829
-1402741901
349258537
-1160394798
219140525
-1854554215
-568914287
126393629
-182630013
-1759476045
1850864555
-329603925
-908669770
1963996556
-1111516561
-1983782216
-704472745
-920125301
-519185633
154006840
1954261611
-1116904534
1292708751
-4907541
-241001201
836078723
868679758
-1544389837
1674433585
120515571
219486003
1612979959
-1800003966
1211863760
-2093409185
-830560388
-888448526
1476749980
-1009318152
-1075970343
1390138126
449253060
-895857972
1498067893
-421022598
-1971984954
-942469586
1389508283
767745747
1467326383
1081114865
-1475794514
2047958191
-2074551910
899826224
1215677363
255206912
441562090
1428385246
-277530016
-1440133420
-1849487583
-1073957755
-1288127386
2135874991
-895195143
1780376385
-1265453791
358978255
519957473
-1703092880
-2112426777
-2103681133
-2040328938
-972223956
254846857
865790249
265817184
-864945851
-1612326574
594690507
1434542352
254044621
605153380
2036236203
-500592958
1211238659
1579711029
-230222995
-424840083
1511661523
1319402119
-215666172
-1181254769
-1505213637
1935976480
-731084028
-801687452
1317123509
-1073750253
-335723520
1695088495
1681510079
74635497
-1776654125
383476347
-1630894228
842877034
-343115089
-1812475646
-1055555182
440775812
-2012405027
-142764923
-931962989
343029619
-1313636916
-679579487
1180885786
598094925
785692701
181879853
453502551
1448596067
-1512798871
-1160242940
1136354735
-630838183
-203587328
632171504
-1493393382
879140128
1256701446
1973142048
976274588
1966278675
2021682905
-1305874163
-1885162291
671767548
644616337
1102164411
762601911
1460103051
-1280904668
1279164395
-1389050467
-491514433
-1758835691
-244486938
-2115357969
-1997635923
-901618310
-1589932797
1201090766
-1739819540
-1699553
1343412789
-2074154020
693142925
819424170
398143792
712206109
-1350501328
1261408869
-1994967984
642331052
-1554959899
-1772536211
589594365
1767078352
1723141693
-140614135
-1213685029
-59815553
1476098949
-2097142169
912717156
582053305
-1953927842
-226486017
-2106326908
1930483540
-792927936
1509624790
1648429233
-1326174334
-499431202
143578712
970869544
1300329803
-869313827
2000830237
1546929617
1275961455
-1635501306
-1136719849
-1140993775
-1118522
-490688120
-1013541604
-664661227
1064731117
1343309975
1059856160
-147645424
1353815674
1378665940
1182671125
1633899706
-542231919
1813966379
469225798
-328064137
1308537536
2096637300
-568213875
-706373531
1065386878
-767058383
733607139
300866367
119750216
-2073193661
1123918939
1032462001
-769846224
773956721
-1644186583
-141995191
698865878
-1257103676
1942068242
809360421
620810448
2007608324
1972049404
-1436353625
-665770224
2074324003
492111492
1713606487
-1681860714
901639899
2077922550
-1046480263
1971683720
-83818784
166149228
1324325142
-590982153
-1962610962
1992224773
1651536107
-1372136595
-563582104
-231129344
-1579836729
-1434492835
-1109272644
-1148621149
123924981
-1245433568
-1348096704
-384918055
-57339406
-1476834363
2057805368
736917641
243668156
1323833216
-394154593
179440517
564042370
-1596819300
2056050312
1750268625
-295163159
2111032624
-385485656
-1084805637
-1884456093
-1034373287
891470842
1156406267
-1728644605
-905778422
1197992965
2106763138
1672652167
-1513107294
347708343
-1860760895
1675135755
293973492
314784458
1168319466
-1959710777
1864384278
-356197311
-1424820908
689641993
-1277983523
-1730485265
1169034308
-1182501188
-1787109116
1005978721
-10020579
-1989444599
-770342004
1983319458
1664815625
-1870572403
1678353038
-383833581
346867129
43582427
-900577684
1267966080
-1007915414
351380827
-1704840663
1108328500
-827390993
-297616812
-977126160
1387970236
1416353437
1015906508
-179774555
-977858535
-575541388
-422399268
1158458105
237488905
-2112078362
-2106765448
-546738455
-397395399
621382595
685254138
-1777485543
-1947031227
-296960824
-756519719
-144880285
-1959437442
-452898518
1642820624
333652407
1739753768
-1200806651
1575738355
-995923243
938715176
-1369924644
-790465038
-45334998
2007322731
-2038753728
1304886967
1955083163
-309842007
-179177872
-1086957931
74666803
1231871916
-2092493313
-2144405530
989932224
1027029977
72446578
-1213009871
1129316552
519291987
2023576241
-372062244
-62318818
-1695117469
-1488822836
-311022524
1766126053
1074932052
-1178495177
-895997244
2022718647
-280313676
-402271474
-1990896092
656857641
1977873845
-1104317338
-2055207067
995270829
1932046957
-1861832921
743316885
101382094
1946794243
-1009828474
-1559525294
162107203
-366642352
-492010325
901113737
-592644949
-439643185
-514276278
412891998
-1550598500
959620865
1553917015
1113474293
233855878
963305915
1119273341
-1354510231
46676166
-294647689
-2067563485
-2095493628
-947179889
1212447331
-846683563
308873284
1785603577
2096340787
1168764550
1259619366
2143780342
-1535252766
-1174967195
756542834
457357809
-2146995545
-1300512494
-1614846713
-710633697
-1180108233
1512304396
-1006164024
-311942752
-1425541142
408264508
-1411881185
1251966112
-209624031
-516856983
1338644615
-459859073
1260288598
180176442
-215077107
-761502561
-1740273411
1477919069
651320183
-490381597
-1904595817
-575883494
1503524464
-659345669
1950950451
1087744181
-583261124
1945926201
1890636548
661351853
634412053
-1602158755
-2030670159
2078573147
1310921687
43843942
2141228728
1173614899
449533947
885409001
1937414494
125894660
1264604370
-2106936680
-1763870926
1728291857
723442872
-1224066149
-949875737
-1719844835
626977267
334867904
-775899392
-1704925039
894113607
-335711198
-1235780218
-1074598692
379868487
1431549697
1320675555
-438975302
954083243
1336878759
1672597818
-1364124
-1043833181
-73821273
-1079913485
263289980
2062055307
206181597
-725711990
159738106
2032758166
1840819460
-611394166
1991029896
-1023512866
-993274529
1844666067
-73040901
1162299803
-1487024519
1551615239
-962758693
2056966821
140332452
-761088408
-282176493
-1798707287
1379726053
-1518353338
-713910302
438265425
297941134
869391111
-1956724431
924855983
-1516243506
-582092551
1881215913
-406045159
-1721609870
1089194844
1711622010
568191270
-692764233
1018631684
-1325846891
-2034681851
-514402220
1554437831
916100836
1564588180
-619789022
544084991
64542633
-1653587926
-1907369800
396728262
1049613225
-1632653049
1603263732
676111460
-685479139
418350699
30142650
2122503525
867330721
-883763903
281741329
266355205
-955701343
-371913526
-1962249085
1123365866
-1497571988
-753505387
1012060
-474421620
-2147259368
-731816667
-1897780379
2021333981
-1852147993
-2057063770
-452700054
-799432723
-1650087281
-156969995
1599102581
-466851788
-1112845166
1132322071
-1252463424
1150348012
-2030009694
72408358
321179760
-1573108193
366172019
-1612359879
-1961246404
2017850278
808184328
16613020
-1369493543
1413702277
-756091930
1837514187
-196326488
-1171611208
-825217888
965340376
601876754
1465654921
-1942465626
145798095
-983444706
-1719461521
-493679314
30384314
1325685919
-583146492
-963250305
122029694
1606687955
-1745336644
239759047
-145371488
999843326
-1456690359
265756196
413093509
1364028760
445187202
1610930456
-68087469
1094614597
-934866007
703306779
944139679
-340979993
216073582
-384639410
-860038560
181643299
-1018704652
-1189336849
-629156298
387120702
-906174215
1828351748
-1805830528
-1565290588
2102095876
1245281348
602017606
2042190340
690259553
1653870789
1526602975
-152954558
-1907753334
1377365607
1915858667
637719930
436630464
-1434958247
1095940835
1104592403
1101458541
-776138477
1292109164
467570801
-227594454
-1689803373
1673010881
689009981
239629043
1132798450
-1208865541
504505243
2065747454
-736738191
1501767282
1198667535
-1704759101
-1764914441
-278307874
55473954
-1920360338
-1922945061
-671605282
-286308659
1599319086
772558518
836842571
1992882016
569082587
-48457841
-442552934
-619330225
-524999138
1873924585
-96392762
-1545848760
-908522899
-132268520
1005718470
2066975044
-1489905059
443421538
-1973349354
-966298487
-1745283389
514826012
-1898765982
497394256
-503896930
-123682499
-1677918557
1064183248
-1383862830
-355532021
197238852
-524395641
-776476328
-1974390795
-2025035697
-1745389785
-1749613507
-1335043726
-1303989557
-1521619211
244148244
