-34084639
1217682127
-741871918
-623926286
-399078929
-1205098207
632447480
1843162198
1355738979
1777636279
-394492628
-239839206
1188671296
-569193144
712172610
-591784849
257011854
1066296002
1998260024
-2129765400
476544438
681664437
-1362983740
2065804581
-1703618939
-1131733706
1808937882
-1638934790
-1121270694
-214605019
-1380057999
-123585698
2092625154
317561696
1171631692
-1080034058
406093296
-789347436
-1179413757
910084116
450630104
-142339005
1016712979
156739967
632566994
107964479
310578937
1417011301
-188743032
-1940448243
-1525859043
2139396635
1403477828
348056413
1190163053
-1953288147
148490475
127856216
1680179276
-41584263
-539319010
1741228055
-1698504230
391886599
-1429149283
-1817309183
575498181
-249113409
1044576288
-1255020851
1462585548
-159207092
372375748
2096491337
-1422267646
-996791219
-1757740287
640527441
1601981373
-587768859
1275932241
326719682
52871488
-1393310620
-33330187
-2076115711
-1236905427
1896936825
-1331555877
-738640669
-834076162
-587745304
-848003600
-1552528688
538622335
-1032599365
1017635316
236712404
751865242
75146775
64168261
1621226771
-2132555424
1050367737
1987065989
279769104
1314141104
-887662492
-1496347778
-924842184
1373110223
-1369448013
1301134396
-1788233043
2128821125
199483329
1530272337
-46637114
658742660
-2090622324
-541197077
507472231
-940758869
931108681
123073767
1880988861
-1743180060
-958141718
-1221007783
1958861970
1786803968
-1956210161
1586462917
1060292499
1147178803
-1644928793
-1016780232
1758258090
-1563548438
1154941212
365828646
1296409611
-1124030896
840656324
-1424505866
-1875946930
581067866
-688578734
-1531921899
-1335242483
-1364878247
2017979771
1054587989
1039760807
1819133435
510272760
-2124698742
-2000980370
1307189157
-478190035
826327746
-844652986
682460885
502653507
-112867100
1344170503
-973372436
-203689441
1324790647
1373379019
-353489490
-1641178887
-1364785854
-378065848
620125825
-415026104
190205873
-29321627
372986951
1704333530
428914384
-687752593
992298674
-98736160
1677053112
399114553
-1168422306
-676707653
-740014126
-260500048
1601624022
-258391577
-242235378
-1935397440
-1258545115
-672050324
1049312987
-1142314238
-1926449181
1653583643
-1748204050
1874527561
-1313565809
-882236453
1459483435
-1442497933
2006004575
1821775024
-753993922
-1302024784
591836536
-56314037
-1763096911
-1918379734
291041685
-908984506
-1261609585
1173615473
49287840
-2051265188
441945697
958493652
1607160886
-69421148
-2104640619
352020535
227493918
-263029786
719398448
2048949727
-2039700018
1348432196
1565111682
1360415809
-1952372801
954398492
-2001500000
835846700
-326718025
1895567909
413012114
-1259575724
17593187
-660413418
-1969960465
1958015123
1690224800
-1129989945
-1669760958
-2042012075
640255873
-136856755
1460014119
195956101
-1016676544
-468814548
-1794031243
-853569494
-809424952
-339147103
1229160872
1195727201
-699811581
1105678657
695042988
-796120372
1812603356
728876028
2025186577
1161073759
-1467529532
-1585125231
-96551174
-272405145
-2082225879
-999347528
770216238
-567253857
-604262480
-1887337447
-1176638923
-425069256
347588805
664739443
-1859593513
206312205
-960991861
-814613122
-1124357560
-996016299
-1687668718
1683029667
-1732157040
1012611210
1252510579
837302231
-495066913
-2074962912
2131870904
1027744854
364393277
-1294878025
-1459256200
581737570
-1798876298
-1328620300
-2043083880
-1178357354
179762257
1839895021
-382141210
1775223462
834856212
-120178811
771611355
381055450
-330312868
1655107523
-1488632607
-1058407231
1210796241
-861584424
-1638465261
1994834394
-1615558989
-1891744173
917478394
348847055
-2126440118
-1229374423
1047547608
-499966639
-396192001
1078968158
1734192613
-2106137733
1322097313
710158827
859273412
802584617
-1390805445
-1699204455
-393824614
-265966084
1135213691
1196267028
-1791511953
-1029941065
-2107431704
-243504092
-556436781
-671239156
-2060509449
1909882525
-1608398603
-378902323
49902681
-1932473810
-745862528
-413431064
1375041798
509581223
-91673346
-1025736892
-220375449
2002558023
190060755
-46101262
1990912212
1128575263
1198054695
-232407982
-1281804668
1041679476
-1376665397
-794095228
1059729993
435682079
2090676399
309685775
543960984
-409153492
572995412
1426181964
-2023190276
-1469629670
-1486408887
1023289881
314102948
-644245374
224156875
453316316
1737689785
-1979627097
-921385604
195885106
1936359145
1844637162
-649440131
-176104318
-229001194
200067511
-2058524378
-1608587601
911852587
-598860156
875282976
-1151714035
2084360092
-2122032328
-1965382807
198082344
-1726792453
-1235340116
-744012563
-864051690
74844738
361356137
1069475849
1153515736
-208919279
-1863277975
-304771350
-2056704967
2041069629
-405151585
-648529349
-284628112
1382734014
495015490
-1131088678
-1015156778
716018027
317529355
-1384512557
2048514852
177181887
1695641586
1855753399
-1486717494
435644240
-54888739
1117084019
-1687898269
-913727537
-1146717042
1833533925
1061750177
-790832066
133468334
-1119583396
2113523384
1716475074
-1585289670
-276927408
-1360544137
-254914861
-324175129
-1349883669
1833174268
324675923
665601869
-1774976637
-1703230241
-2004266038
-1692343225
-1750439654
843816289
881662747
292200116
1866467826
-1698332623
-1358185200
-283066962
-451791240
1392483657
-1242753913
-1974064508
-1635483262
-1879452975
384962772
534473031
-1630845179
-839948722
1010762092
1088934542
2141860528
-961566266
-213928196
1380704836
-1134965635
-626531862
2113253855
-183835536
-158611571
-381153961
903146089
269697906
1002184468
435400079
-830318077
1497102077
-26619949
-1196833269
1675282983
-547782158
44684489
1167299531
2090281532
-652133476
-186628826
-800207184
-1077213534
2144922813
-801573509
-1167039820
904877283
-1551297391
755302525
-1235376157
-1399799596
1244526873
77923292
936546048
-397487914
733170214
-1301214298
-434744247
1913953961
1052507117
2113314456
873265958
1766621247
2062619454
-869944779
453654510
-331595131
633925889
570349846
1087066832
-1064398354
-642367185
1827905681
-1798910609
1431659828
846970716
1094418540
1891903907
1942861262
-966954747
1385909814
-1906936611
1523138533
-1789592339
-579392845
-662602122
1467542577
-1252428528
-1162259182
219951395
-1246271079
-403868062
1280282614
-1111912620
540406346
-1129471525
-2083979584
-1321468738
-126761475
-107964553
-1552471252
1269797035
-8133267
889255864
851214546
159303759
1189949478
-689722990
-485963278
528372862
-233949811
-1817012993
1806784989
-1112902397
-3304223
319476687
1090316826
704278038
-322394649
586380704
-1946363566
-346784972
559756075
1724119630
-1490184207
-671713739
-1997050001
1564888318
881576304
-1099868373
642707129
763032959
-1268698535
-2147344045
-501858213
-2078519109
479406884
-1688161336
801584247
1482663076
-347747296
-1904184778
-1551380205
-1183803592
-614042846
1386594573
739474875
2014539982
-1559736431
1793339746
-1221976870
1318728075
1905158485
-1798278862
1518358585
1420404168
-1979543607
644232111
1015326071
1984205566
-2081671426
-395294288
1458816539
547501764
884184166
707876466
-440496585
-480321570
-14953377
155677375
-1579748343
820461571
-280147658
-1888107509
426806309
-2120334898
1292115890
512880495
-105167641
2119701447
1314588212
2026407503
1676703196
-723737857
-400573992
-1091199021
1852840529
-591274032
1641089421
-788604494
-1099746873
-1389311879
-1426521160
-1828602710
229501999
-1650730951
-939099976
1223625658
-45870943
1638474577
1786421969
609702162
1806553091
-699090512
169212585
-917351585
1054765487
-699930421
-1633961188
2003106428
718599499
915912540
-772819109
906719500
972266627
-706723164
1753065768
-7219669
-8331080
1195788720
-96911795
-909153332
-1368350073
-1935350733
177080385
717572697
-1400607793
1030299244
-2074976528
200875447
1624281934
-1436930821
-94730651
-1131455647
410260990
-230750952
1658924927
-1123710667
-456684464
2093679513
469662665
295494725
-241119292
-1958586026
-1912985109
939668038
526940913
1130317481
-428189711
-1322275893
-334894084
1004539888
1975687772
1221399584
-967875729
512971836
-1259398664
1665994479
-1290284279
334788286
1725736308
1738947741
-1055555760
-1124913395
-156232994
43068671
-2119386009
-662733371
-1147556077
1558681996
-1894859641
-666107975
-1638297664
-2085543558
-609742928
-1308140323
-1110964786
-846356302
2107763775
411966141
-1444305293
1810885500
-939148657
2077740732
1861037645
515368634
-1695102836
-1290719912
1119677103
-1492339094
1615044074
1245100078
-491791281
1806126247
-574969093
1626197427
-941422138
-163154346
466995435
-275573137
613533877
-1230372942
1789034934
873520521
-1702732951
292654837
169079144
1200737726
371015785
1611365102
-1695166557
-1351511651
-1547787022
1264017007
-468545570
1868951154
-1504631191
286831253
2077409410
454962480
264389238
-393126632
-622483658
922485769
-1780656244
1004235368
-1823297348
479948577
1207952663
1212324922
-62516981
1099257677
-1880894539
1493050906
661334738
1816734268
997901499
-1274074665
968961931
-723463701
-1649558232
-1512147775
588896829
-1054921747
-1785609425
-1609884196
-897310774
-670124277
127429587
-819202402
-915862484
272278253
-209530587
791153381
1221664381
1207275683
503290264
-1214131546
-80700909
-977967191
289422340
1853658926
-1121411751
-1702255751
-889830944
-809779277
-768409370
713896063
567443157
-604558649
1964514991
-43550619
1710590166
-1027636092
2094417922
984336690
1387543366
1698142888
668899284
-705888242
-859068639
1457079887
-2018266399
1095467974
-439954434
1307857786
-630620162
801943338
319323450
-1779246047
-1768991823
-1678544645
891671205
-569428009
1054586226
1224100484
851893210
739650167
1601920018
-1744993012
1628921545
-715361952
-58795718
-1384638150
2021555752
86366658
1295124481
-734296312
1452230361
514442410
-728387810
-1228117932
-503771685
-1187712100
324934502
153956144
220000687
-1203515620
-1994539956
1817276295
-1018148499
381359675
-1069759805
689206293
-824021039
-1877901104
589883316
2092728916
1453622255
-749688587
-947864218
-148332200
-610274860
-145660868
195884301
1018153559
-2061810298
1083815631
-555550739
1864092536
886673442
-1249918818
1062565213
-2047302066
874032569
1281773509
-1173858398
1472053533
634147843
589379389
-408536544
1675471115
1275328027
945392350
1805802596
1224598078
58700036
-1636699272
-1332939175
560630414
-730373052
-1135802685
111557858
-1671702331
41383308
-499166166
-1598715518
1095365960
423373268
1346234004
134058153
837967161
331146984
-129748942
-57238996
-1440478709
-638657186
-176615401
-1180164380
-1541805465
-720573518
-1287636395
-1163437863
1227982433
365010065
356916821
-1124467040
2005435320
-2033688041
-654285367
1766591845
-1225032772
1600686888
-205385523
-332952674
1016780519
-921231392
1643330107
-1376388639
791978714
-1276794003
-706023849
-1245510840
443480728
-1552928271
-1727834652
486505034
1870098306
-1526865799
1022768498
-2087550051
-396655266
1127547154
951649462
-701925947
-402200067
94361457
-866843312
1040960328
-44607808
2140979787
-59939447
1405282923
-1033224003
-1215176319
2105530994
-1025890180
-263139489
1046060681
1315565781
