-1585924574
-671176601
696378447
-154463233
2127703349
-1571826836
-954455771
-1644159425
-1889265852
902728835
-13134462
-1840153300
154502224
-1649369478
1056507091
2058569746
1625529242
1222264113
1340571639
1446204961
-603025646
1851713216
111358148
426601273
-950823776
1498479366
-285633680
-1747375221
967815867
-1678437962
-1944168270
-271945875
2050392767
996812804
312919107
-188891137
288757205
593336252
189322327
1720138895
775139937
1336629431
-876667463
-2103745918
1028148459
-238153064
1579906155
-277694074
-770569999
1038871537
1880050110
668546816
-2063958863
-1253110479
-2003115612
-519654912
-473346375
1334326776
-562119236
-1617865289
486614106
1900304751
-700261292
289951265
476158536
1205088997
375821585
-2144281388
1181802676
-2079408063
-1625055051
-57234007
-593985453
858249997
-761091717
400180459
1931156360
890794444
-108897691
1643032808
452563522
367842289
-622885680
1222625659
1253124030
1616880485
109416815
-1352034138
610655898
1928625706
489379223
15386026
1245811364
1906954477
538581999
-990634799
1336101496
754142352
-1825579416
480814082
-838467620
1639187459
-975375734
-784358058
-1633743241
2056595516
2064337962
-1119334958
-550958832
-1255290180
-399520578
1930612528
-626674319
-1732150170
1171527249
-2022612773
-530776324
-1571500535
-25275484
914415091
-300123568
-65609581
-1584740906
1191521565
213624743
1991168326
1599931183
-750300113
1020349360
329726216
-1998578085
-691393161
-1672145155
1657142122
-2078927668
-2027635007
-278939332
767353098
-1803240164
1820960323
1695452256
-1771190914
-1515417548
524468756
-88409625
-1335902415
181825762
-865347902
1386878183
811517630
2099666838
1009424626
418497023
645252453
877025497
-1193330086
1614912227
-1221562662
1084152645
615263309
1345875070
-2517415
88499096
-764333500
-1553416608
1887397507
-545109173
-1561424259
-1967671690
1511906995
-1943498917
-99386734
214251843
1496591104
-1895613986
-2229012
-2005656817
-1660283393
-1480027415
280504780
796601248
2138084489
34450296
-1908549815
-764474417
323004518
1587480958
343218130
-1500305582
-2041611216
909953175
337207575
638681357
-1897373840
-464132940
-639705449
-583767652
-1096245346
842043456
-1650577764
-1501607347
779093514
-231914570
1651383703
-787819370
214469729
-2118154656
-691164560
1203190936
1794631279
410228165
-69569433
1032460842
-696531257
-1431035128
534436472
163535227
784894748
-819109109
1242051573
1152111834
175425101
480350027
-618705251
-64156039
1800193964
731734070
1925417467
2141252667
218528364
-1932105807
-813792301
1645423539
1813737127
-1508838277
21561891
2091875796
9020349
-1909938781
973446948
22864024
-1669165249
-1404772857
-642677569
-1790126750
-1944817117
1752169063
1408935917
1461364742
767046901
-978431766
248779864
1711562493
-806838836
410352146
245603712
334388624
-145018490
1918031699
-734959833
-163183744
982352429
917159590
-642100165
1023647521
-1567376522
746323300
-912553185
1029929337
419101307
-1088170520
21558863
-1442733445
308442206
-60749161
-1418892886
-1896317294
98836551
254633746
889960597
2138598640
-1969044659
914966473
1084620672
606324884
-1106041424
-793510123
-122519934
-1695148225
1986732841
858101152
-2057888959
-1736543398
-1887452926
1319573933
719584513
-1375201543
2064914260
-1042148887
-1605021613
1797701905
2021986497
1701116928
1919225285
692632493
-941434514
120670658
-1554638903
2021947061
-1338376676
1512736191
-2118613349
-937466611
1500445701
1118911980
-430783875
980163548
-1724163127
1042379907
342144084
803812989
1280976170
1510314137
1765393502
123470139
1476903056
255685747
1766219360
1283989771
1253772698
-1980163111
-1716629995
-1861319757
403000344
-1492734893
1151635009
152405222
2133328653
-913913697
-1415591160
1652365573
-621745703
780076039
-279080693
-1638873082
1372981498
677455850
508607541
1260097507
752708741
-1348587674
-450356990
-448667035
-962548462
858274378
-652105541
1415437665
-418629978
-653519391
-329475783
-1701836972
-61243040
866792722
1991903111
653266895
1664491129
-1724485529
-1286692777
-2007567274
1527309390
921577939
-1245797488
-226807654
1043201070
-269422115
1072205488
1625719781
852678648
5848102
558639481
1577434687
-1275615591
-177872460
-1155292028
-961978086
-28467261
-1926335454
-720842798
1771212502
1778441132
-583580311
1321552608
-2041089781
1451796737
379939070
1167899367
-679817266
-245435821
1839354559
1780388871
-1839407072
-365268076
1008232725
1688178584
1625707113
1663044670
-1216362272
-1172930293
521678480
1453295185
-2032283666
-41919986
-699039391
-177124378
32667275
1857951066
-62723153
-1384128277
340948989
-2040696449
-1224824990
1361859508
1717856578
594059625
-1378061751
-1450318972
1982892063
1984139420
2038514813
-432273369
744674117
-1644738972
71652222
-1207516793
1212450285
800352414
166166925
2044237818
1190618716
1505681926
-1848410615
1559322690
1091489851
785165833
2017633462
499571843
1653316978
837284094
-1932274970
1754410044
-1331960149
-839798882
791553295
1702810832
-1812118403
-35409120
1097664355
-1818264422
1586468962
1317888698
-2027273315
1819240619
1742551546
-1534115807
1182526041
1382419549
696717743
-605341769
-1706203576
1773612924
-1140915906
-1433985304
1458279307
1899400356
59184614
-565123369
-995398053
-241727603
-1441875711
-1461240668
-890143879
-1736944717
-694354314
786947930
-1656395858
-2105971273
-2094566877
-1238331304
1905862990
-1327347492
337177185
-662224281
1733355641
-1360350048
-1174847988
-751376088
-1535575092
-1771035245
79012372
764494165
-852743565
1247264213
2042891701
1914411037
59649358
1101397830
635462791
1761417918
502872841
198611674
-732842775
387202132
2009035062
1654454459
-599684455
-1894181406
-1241624658
-1636481669
1965872093
-1534599260
554995152
-1045381599
-284208942
1338790635
305923719
1977600206
1152069961
253889590
-461809495
-907684748
-132870075
-205616535
2076283888
-506033195
-1791858364
-238917320
1966991758
736320155
-827036190
-1213214933
-1826105255
-1142659313
-64133679
-1584819652
1443445220
-788098077
-691698648
-1165226645
1820858993
-904386541
-922347341
519789630
823183041
1669710121
1557430723
-746349308
-969632141
-157287443
1654951257
1190271820
-1493012216
1310524397
64145674
695216558
-1733570375
2047135720
-1295576757
-1200779462
-420079175
-1636745956
1138737390
769686506
-1981163799
980472896
-162514244
-1983382046
1020911014
2091181193
-1367448742
801023581
-1281533423
-1055878257
-405353231
357327562
-1071494077
-825197463
-1982687975
-900793093
1649277119
-483256082
546392204
1849603567
1266454567
-713069060
882322790
133775696
1653205828
1927859128
-2066952092
1503604736
115894953
-204840783
1999064852
-975920896
1329777852
1150160600
-909122655
-1367415900
-792776711
-169931685
1423556075
1282361828
1609711367
1561259504
965473502
307884627
1949794148
-69095444
1784322834
2120228359
-1978108947
-1287829971
280844435
-1557009014
-498723994
-488689632
-423867834
495497470
1335065087
261960169
1572068903
102141321
-359724001
2027503084
-1043793299
1480171093
-1347811952
958379050
-863044120
-1342402766
-1646752816
-3514398
-452852934
580807612
-386178874
-1783905671
1695838312
1756156035
-1873216961
913755980
-1451102308
1822527580
-372257733
-979119017
-1073508769
-1093382631
1822733256
1709456286
-1699995267
-627274453
-725123368
936516556
-1799540752
912340300
1375940582
2094368844
-1614556628
-1760527011
-1369487780
-2137897755
-850770252
-369872781
1032420402
-2052680638
127772767
-1015952221
-640155453
1947387334
1528026595
-260074189
-2008449201
-1531628348
1532941644
402428773
884067479
256954837
-1011925363
-598586222
-1453927254
-390021894
-1593314052
1805369491
608496781
-864349400
510246368
-1236970886
-1226914637
-273567197
-1583414450
495519027
-167082491
1480271009
1973991824
1677845569
1282481854
1065655930
-834707186
-1414041399
1765340781
-803774377
1449117120
-440404304
-920453761
325592443
-800393364
-2114500857
1983171586
-1794752790
579593942
859948404
92876268
31483955
-1332436926
-1954430749
-2009596789
1635758617
-2036498974
1004776261
746899714
-1048732911
-869034543
1843981016
1290928710
-1944355547
193727043
-233482412
-1999482447
1253140699
-508661014
1437790625
1961105201
-1232420165
1242278759
-1003228120
919767167
1743086925
-1011588642
1232782754
-371166125
1833772103
-2034812689
1055186617
148148744
-941061418
-911256034
430887100
1846319150
758876027
-843732048
-1754553428
1658453177
1336587130
72807577
-2100287578
422378148
1388674054
1140971160
1479728712
-870339362
1898294949
1854445945
-1752415096
-987910784
-1157016435
-2104554451
-1722325825
2079464737
1794032894
1585623373
-804293886
-2112736019
1910260169
1893666065
-1603730096
957757663
-91678953
-605940533
-802400833
-707183946
1780453190
424333410
1105917561
1119257677
-85041919
1924727290
2059902856
155137373
-894674377
-2041404285
312191072
-1524791708
1669160566
-809939404
-1991874401
-123291797
-257974679
90785645
1012070519
1809420910
-203009986
675846615
-659625835
-1078218784
-708197930
-848174226
-388022005
-576898249
-967874373
-1089255173
1962240518
-58696652
425881563
-243581993
-896688330
1073665762
750021972
-757828924
961950922
-1627666850
1310709706
-1727946612
1654783368
549553792
672802271
-541529924
-975345660
908906815
1287014371
1570102624
-1341701
186820236
494959274
-1822662606
-847417608
-559765295
1810610193
-691004602
-1654469822
-483994668
1311424098
-1642155277
-787651827
248531038
-597570463
1763710883
-452548820
2076043303
318216805
1732856391
-171872115
2034004501
-557800957
-495519506
1374401770
-981658507
1506521943
-1996670527
1292213254
959467736
-1087920896
-282750679
1423986556
1444952917
785366456
205734802
1232745513
-1475928651
791955515
-1202276943
1121941897
694727554
1040674779
1001761589
1746293967
-600852757
-1869424408
-2110424856
265297058
1873314008
251185095
-663621107
548915869
-325903083
893900419
683035554
1851253283
973586917
1655836416
1641801996
-1010735860
1456822614
149413899
1060033340
-1277569307
-1090286020
-1076441994
83618595
-2508292
-305694005
-916136177
2138183283
584296807
258190825
1434427428
159079433
459108748
979532176
-943238086
-945366015
550744348
-1797716026
487833084
572510819
-239301742
1666528523
-2106569551
2129377070
-231601701
273904781
-335598219
317490707
17574345
1071040770
-1376637435
1568457349
1802169971
1644167244
1729376056
-294905700
-260352311
-305544545
-1628416077
-216388532
-1020625048
499365924
2073966194
1145195949
501635443
-1401877896
1467505554
1729890757
-1336778508
1039771133
2084899275
1756236335
-1069162274
-27949383
-1143519335
1413902459
263798124
-1549872252
2100909339
-1624961261
1152729572
-1606902888
1058244120
-2135588809
-768776076
-1440239834
1616083813
-1186164710
-1348793965
1277662128
-1525273481
447191592
-367142636
-244179738
-1070088039
-1480945682
1251369481
692513867
-1271457605
1119410672
-89780350
-1814110459
-1352067628
-1144606495
1708143476
-718813450
1219665114
1872256550
391692170
-1748659813
-752615127
1171413745
1033114807
-245782768
-700786063
1362302580
354833640
