-802243454
-1935418032
-950809411
1867164663
346861950
-1012641873
1974179520
652848172
-860768217
-1708115477
1109308209
-1888567915
672603821
356015996
-71557529
1402168042
1014696185
1055740570
-1427667240
174765768
1159893136
1390196072
1284153327
888275017
-25412301
1586539861
-2008175370
-128918488
-1296277902
1790712779
534176391
-1500032130
-1932428121
257285172
-1263332199
817708260
-1443150187
-320906302
-627624021
2000823871
1746475434
-959735612
-278514058
-1181277200
1144533925
-250769791
1451796662
2073880644
477008602
44020752
2013478932
-941517454
-1806892775
717861952
1828668295
-204894624
-27699501
1389706023
-267529303
-1966005813
-1634749582
-1955709882
859951678
1959318210
224222852
470961392
1319673789
-2061321357
2142751160
-1299974204
-662473569
1555326006
843447944
-1127470716
-967434536
1734718508
-1028875525
-1261378355
-816532871
-1825788077
-1144192171
517402625
1152410951
-197581957
214741571
678420997
-729962736
1524954588
-1733661550
376594718
1678960199
-781175249
-1182934867
-1428365796
-485400305
-941802458
-2143726278
1971363950
604063634
2036722113
989163217
1795406907
1556222389
-1212919927
-925483875
-240575877
255476493
-495736066
-205617576
2019629804
1717891848
972307738
-684589911
840329102
-157535433
-1225851822
1771916292
-1792742172
1812032430
-494088669
-1670510730
38802311
-53496780
-1702645150
-1875759286
138591125
184660619
-2034827309
-1845007541
7309192
-1206109377
1638216963
-2101029274
-1806346150
-1401562663
-144306711
-1296397037
1750189871
-1353391763
-1846823133
1349474020
2075317335
-244910377
-156861620
1193371141
165036767
949236887
990086062
1556890410
-2118504845
-241868663
1925181027
-806656747
-2081623792
-1073675631
-533380302
634030789
-715177055
-1727717974
1397168223
-700331620
100062362
1394419100
-460266759
-2012791993
548046274
1732755692
-124979447
-1194853329
1431422042
529711548
-295157301
1461660686
703188041
-213426165
-709991659
-1355567127
-1634996415
-1089366190
2018080040
2092628780
-1499016291
-1579430460
-2091263327
826110407
1714858324
1478350715
603101511
-66544003
1792862324
-1086247383
960327394
1308394454
1786901578
-929013494
362963550
1618568368
-1908780638
540640255
987413312
1934852101
539645842
2073034866
119095611
814284741
1289042065
-62493131
1850839609
-972968551
373063323
-1780567519
-960394209
413360764
676302481
-68665591
-1722844962
-1733840778
2002149354
-1544591440
-1324573711
860952936
1962288778
126487151
1587499691
-1350894742
-854398699
1898221178
-730689149
1319823122
-1920271545
33653071
1591152555
1663203606
1611211219
955136949
168323112
356884887
540166650
579900110
1879475927
604584313
1140381024
1685360505
-583764298
302203422
-376464257
-829514720
-994695415
171117716
-1130705445
514336469
1206633464
2025305319
-43378153
-795452125
-766164104
-1987269732
2075476640
345794031
857819310
520592092
-1557347549
-869258447
-1780077387
-1898654170
-628110754
-709860390
-895884992
1455718145
-145565538
624299173
-1146805154
-2146195065
511557363
67637605
1750554897
-1599374125
2010595942
1251677797
-1358017799
-692112178
150012603
1516034708
772928776
1930248263
518024904
-617774938
-1232074393
379107300
-1676433604
325058953
-1913348682
-1496126642
-1801792658
1046244352
872009683
-1324196812
-816071171
-1545433160
-227073255
-1178347172
1822328051
-1825386475
949276855
780897475
312077291
-10881016
377790791
165170652
-1193248645
1308085092
-367840061
451917587
1466511712
-1106022293
-915627801
1875807
-1803680481
-1204723606
-279963359
-1472954911
-173767526
-1960362001
1848695909
-1497398460
-916363265
1817991147
-1640165566
-551243750
237783895
-790656335
-1542027538
2139428619
-1860514432
-1421243085
1249114683
1934066985
417866801
1263025869
1229983946
-1517479774
476641106
-672808281
1637068051
1990706758
-1299095265
1804751781
-7891635
1506275486
89685282
792260763
-1592247529
83561621
-1181898116
2093686629
323759439
1258237490
1691475086
-2107528830
1840667539
-2054437834
-1326546454
-448512983
-1034797865
1316770938
-1871175062
-399355955
-2106926408
-584202011
1032347691
659282814
-306409571
2114594758
1019229113
1798269566
204587032
-1027844354
43043546
1065530436
525244116
-770382358
1307646040
-1164231079
-1305494747
-1695379453
782389989
840969429
38971341
-1171763581
-1834634227
-860464997
-790185667
789855314
728206550
817296377
1498427322
206264563
-533105773
-1048656977
372174043
1003174898
394406891
-378896146
1852888899
-47006554
1217554439
1772103444
1411737122
-1954900968
-701087164
-1525249685
1714863606
-231015080
256042193
-1114008145
1994539925
1354539656
263599145
-495885802
460777047
-2047393911
1284460359
-712098665
-653780768
1873316894
544843437
-1927301880
-939320766
939567178
-483088319
-897800147
-1304272940
-620853328
-1859236849
-1972948492
749960445
1537455955
-988341362
992305097
-124807880
176000913
-1733400424
162225046
2028292253
-672341190
-1056740352
1358491959
-1716441437
2020635086
-1408654076
763162882
1971812384
-1674380453
330945350
1021723974
2022143688
1143365540
1344400266
1721235192
1944980382
555617994
1812256191
-1616510201
-1732805636
642326152
614148793
-409613796
-1336529946
1957419619
-354238336
-869567532
1507827569
-2077862364
-1444645408
141130059
-1685879103
108509055
1876688283
-1008182579
767619740
363281633
-558996794
-1534383059
943615689
-31306161
927748298
1221007566
44032274
1340077690
846673956
-1779255564
-1573459302
-813921087
1317328763
-1730627112
1985172647
-1936898263
1572317232
1034068102
-1152341146
-1737279204
-924781971
-1602483534
-120968350
1142662903
1978443465
1381840917
1758103024
-1556457498
-2091748594
-1044599832
-613662274
854719751
297742453
-530513756
1324241769
-287984547
-719738579
1083610730
-1936592189
732693220
1822972704
733564630
-175318349
-1752502195
-684461255
1949748688
1901814383
630021094
60295628
-284031233
-93647213
-811569411
-1094829640
614141249
-1476307956
1461936367
-1397132946
-2110351852
-140622383
-1830513953
-1063671775
-1251344901
-1720442176
-1330590630
1911817629
661226583
-958887597
-686777480
-1630902673
1113718003
1860988754
337033109
2072192762
-1891604410
-1904143461
864384515
1622055175
-253949036
-2136712130
1729821275
-1285334370
-1342068560
-1686070403
197730484
1165000627
1192414561
-1344989116
-757234108
245997768
-874934593
1591862846
-1311739047
1117874378
-214588256
1414890975
-2098168994
1632327671
-1448478135
1701071676
744352098
-1696651785
789591652
-1315066255
971152388
2012391744
472670360
-228816926
313072249
1344588415
-1649230931
707960985
-481916741
76040274
-19926684
1195326407
352466273
-115902613
1244505296
-414717877
517449251
1929110149
1026011529
166404822
2016197339
-784039095
-1780610386
2089116952
2061128487
889880771
-1656552490
1647064296
458457855
1228201191
-130587930
-71149219
1276875251
-2011407493
1166090534
1140119509
-14951960
143508054
1373224287
1905160938
190224796
-906598524
-195780267
-312814861
-255631110
1536924320
-1938530167
-81001962
353115520
-601868107
742283073
-169135664
-1718532458
925134826
-1006345855
1707760101
-1494575237
711884640
741767869
-1432210573
-214177966
664794801
-1951034672
-491370619
-32303307
-1035389802
1757946908
1660707464
1064946254
1018249435
321806220
419562447
1785701170
-1025271441
-220231130
1118423529
1897584701
-768938232
1569536918
-282824325
-1962279954
2125642590
130911367
-71240523
1954800250
987883697
-1012708722
919414653
-376689209
933265163
-376239884
-463084422
1309641496
1601851086
-1354548752
540093772
-258535568
1670348098
-953244542
-1188005374
-143504870
-1960979863
819252273
-858370625
-1236767471
1547101412
-1468022370
-80517599
-2089638215
2117817590
1601830284
-1168600110
-2111507904
-448602227
-1531271839
-1494438266
1239074319
-1813786630
1050461261
-52950737
1411549918
-2098776853
1050036392
133555641
-963900562
-400866741
986551963
-2031303197
1820093622
-1334205331
1978613096
1203946747
1282821860
-735779666
1556005778
2055545572
36863998
-1927489503
1683558890
38916091
-422746366
-1029847217
-1275798408
970848361
-2140077656
1328557646
503890595
-1263385946
-1031994384
-1789772811
-1004862331
-1924472782
1545080123
822265829
-1672502422
728241241
-939813341
-441604726
-1958264153
1184656824
876258425
-1256390680
-1149405007
1405549923
-1753949573
-1356263932
1057407908
-96547485
591178879
-834887920
-2022259392
748707535
-1803740682
-1875379970
791140172
-290971494
-158988692
1075483030
-1702632324
-558732731
416415631
-753404414
-2022618619
778369904
-119215539
134324951
81911959
-1984105223
-1575679287
-1387483797
-1405383348
225304156
647682193
-1330920740
-80175285
-525739826
-1567092334
224617240
657442237
1533598232
136301847
1561204636
-746963447
1848585318
1825112125
-804046309
1348259641
-1934630329
495837377
-1544129009
-1875472898
-1439576889
1219061308
-811177153
-2137427103
-579442468
-1111990343
-1269380719
-834719759
-1110233952
-2057014433
-618050337
1198736428
-713714080
-1731824716
735187301
-1465177657
1185513882
-1448609181
-1295265706
1002110634
996861585
1334421657
915243963
1648495547
1876965431
1768531885
-1371742592
-944385375
1921226200
1893281334
-878665661
716698657
-867287330
-1702475946
1495338114
1159980761
1336948806
2117238965
-1255202040
1150162475
1742133794
-677024148
2004586951
-593573142
-470788504
1524006180
-1878428784
986675393
-1722096271
1974194283
-1238558260
-1864622757
-1584050589
1797276041
-331208856
-1829876616
-1625010571
-372413869
-941547212
-1873756034
618848060
1129852493
2029254856
755728813
2041907764
-57713600
-817412623
1272994537
40808080
861058630
-1656516374
886763330
1082987685
-2082045704
1839949913
1586363877
-1329424896
1171383558
1891419336
-57793383
892524464
-1858047489
-1271339261
271467995
431658012
-311691642
1688876664
-194915477
582967558
-1328765605
1780597879
-853504851
804392216
608414329
-163204069
-1094697304
-364438309
-988225855
-520241396
940273043
-281467081
-186245767
-1915627145
-199889367
-626162347
156322361
572777594
1027336889
1260574028
112254046
55527735
-1391403122
998177469
-1895659151
-1468412859
-676334791
-317582660
-1647152746
-300252234
1592702828
-1328978745
-532342156
2035805976
-91485960
1510318811
7876561
1616953578
1173178550
22973050
512446215
1805457107
-1231199048
114083360
2000267035
980019265
-95107855
-1569526368
1358771691
-1065321129
1525377827
-1460899699
334478174
-2060327375
-1352436931
-1349134787
2101818627
-530418385
1313240611
-950275851
1826065559
1532134306
2136964673
1513520074
-1452055494
-358814880
532987978
-1389949281
1021462575
-83366585
-776461853
990229607
-1533850690
1045709031
-1463089108
-1767740709
1025795613
-1765678776
1530472564
-1121361950
621736589
609136371
1189941556
1904684635
575910726
-716369432
1811892767
-666166376
-1757658055
-1092451999
-2098820006
1808540514
-357145975
-134752011
200390895
-825479982
-845846695
-179236037
44600003
-2125038092
-1870430102
183718164
1173766200
787408154
392652227
-1694676327
-543574312
77188425
270758343
945148402
-666145308
703106474
-86027486
-1415292632
694163210
1716809426
