1974770416
1089417132
-1284317803
-1189860900
-526724400
1119464929
1084663634
-2143958128
-645404161
-1344256367
-110659324
1455852073
780077583
983761745
-2109229205
-435699148
-508406255
-407551176
-136959059
-1460240719
1462064322
1898511341
-327573913
336237122
-458611181
1706502272
-983971706
726525006
580690852
-1391304508
-1695947439
652769472
462892592
-1116562856
1119693793
603438532
-1707031736
-225681119
1027335989
404679196
-86153004
-2020849972
628971465
1949854350
-1841377074
334391277
-298256584
-1632586781
-1286295860
-720119348
644199972
-304051848
-304846060
1074990967
-905604615
-1976758657
-2119704006
1234461189
1062922849
1562977336
-2107547442
-1941880930
1573555333
-227062640
9850445
1972885945
547891079
1803156928
-949535001
2090457353
1550882871
1142043850
372983705
320451874
-812035363
-804137806
-1022254306
1112444923
-1868449533
1647123050
1692946483
-612329299
-459657605
1538049846
168165769
834994073
1721865126
519952259
-69379059
2028169761
702577379
1959897871
2028950372
-122902955
1123588080
-1003049292
-1013087251
797960828
2002329205
1960965650
621736030
-1022166923
-1385487126
-711259465
-168601076
12048484
-1708473048
-713920243
1246905497
684732719
2062144256
-1867299691
-1891071994
-1849013694
1228450582
1030681342
1878864477
-2052556448
-177421390
-1426073525
1486991607
413385135
733454455
1664851254
-85218600
-389158076
1435978740
19666226
-2100641363
150314525
2042897005
-14131368
243200056
-1567377152
1262881827
687569584
-1802004579
-406118191
660198
-310289044
-903319158
783995668
468505479
192129641
2065086681
627446440
2068476419
-2094031164
-1709442040
1669941153
354611865
-106142557
-649209358
1415205527
-1713044339
-1620397477
411442159
1845980180
-2139784766
-820198171
1406219621
-482698584
376155501
247363612
-643362323
-90472228
-362875061
578607020
511871146
396810958
464421206
-1467048659
1083046866
862692456
447715231
248190448
-525940626
-113947661
1880160493
-2029063243
964738513
1529362780
137813094
1032450854
2038675599
1740846335
-139421599
529078133
1217054675
1123767847
823869628
-827610770
1143864424
1301227539
-50104159
373347388
-180623743
497697681
1975600606
-1205277902
-383335169
-632692494
1398429138
618593751
1425964236
863245672
-882920061
-1216260711
722515563
394177275
855734972
22638490
-28370266
-2035787490
-1154715272
1255779921
833323976
1041598767
847903788
4690127
138497326
-676501464
-67117119
73790945
1991225708
-1027236361
1212307835
482187794
-2081602852
1050208312
1549214996
-2086004419
-598176778
-2064952352
-1214839698
1365101079
-214395539
-190402810
556458612
1898607555
-1676429304
74821299
-272218809
1376591364
1072003769
-1430393804
-1580526281
656806575
1906779683
1428434615
890418426
1157734084
1363189013
-1311620177
-1242787834
-1217488965
-1837661434
-576117517
1427048586
-838540724
-1936961120
-1986781157
1255523074
1211564003
-517783885
1533813131
-1688133384
-1270089830
17592544
931687923
92529677
1370608633
348452562
-45278109
-376599364
-153584665
-757937965
1566018575
-2007614549
976432637
1291668527
1616526659
1533947140
-1367012192
526576492
1440659725
-1878613630
1344165614
-638248873
1775265016
1744246661
-314615081
34202837
939023782
2037092484
1881686109
1540571431
-467141893
-1783471675
179658506
-2022959169
594739482
1552743825
1282363964
-623195892
1468079191
-830942485
697585098
609767210
-1163330485
-791882619
-964628182
-483909958
-841437925
349775399
870086899
-2107338614
-1825369740
-1850389731
-1463591726
-1647591438
-2020621820
180025899
1970104733
-1028432567
1073028215
346814222
1970761650
-1423609990
13559577
-1937991012
979122036
-253745880
-1279794804
1581132143
1039538485
-2081825214
-715289664
711715004
-1441060499
954674374
-1954796524
-780402197
767486301
-1241690922
-783919020
-1883782867
-364048793
-222151960
-1053129982
500802291
1482439244
-2089885948
1864986421
235210229
1710973596
-46899330
-273838373
836505444
-271369574
1417389983
707759122
-726845170
-1690566012
65899932
-1602698400
-2005805035
2052673443
-1087394946
1409513271
1675971260
1098602182
842473760
404766477
345010732
-1887757038
-2008297744
6863743
-465934081
-597229403
-1661545533
325862723
-1256183898
1905610096
-261883979
1646325517
577745363
-594889666
-1140170850
-540507703
-988901541
1452138399
367010731
1999392803
-1903924455
-1157142844
-2091015247
-1164336209
928931986
2007968220
1972831478
579378255
717680768
1148591999
-1359419795
631807811
1258223605
1872934895
771908392
1091030219
-757927039
-272057831
-231962561
-2101440666
117465804
-175424880
668756296
819232345
744834031
-110679494
1690135904
-520844102
1219383743
1161120535
1101313513
-561594671
-518843351
885185732
-27488564
-43161713
-2146282650
-729631638
1300744494
-578136253
1912746889
2142962052
1390574869
747481772
1082230079
-1248139233
-187771718
-649436343
-732108016
-88096715
1787552392
-1294352058
1417879919
989842170
-968733473
35974827
-332089246
2064203943
128962141
1465531958
-235602576
-1636335209
2102676978
-496225668
976343895
-385825665
-2136734679
926623689
-891806029
1655781122
-289890712
-306403644
841031399
-1511992225
-1740473791
1817094922
-1737482299
1629105834
-1920436050
651400891
1156291256
-1079984623
-205090138
1344252401
-2104003492
-1096072876
340328909
2135301959
-698373352
1403215558
707160076
1467584452
56578955
450939920
905266385
-581269620
-270278650
-35406462
1231796726
583885897
743237233
1624295665
1961743756
-970177675
993299745
1665222265
262427926
575350079
389391968
-1347352507
1564334336
-986093985
-1844242934
-331448795
579699166
1609956401
859476566
-74906384
1835462323
-1072251858
1442783199
-786647590
-1100288899
-803747675
236335798
2085496511
1031903306
161249427
1782346507
-1853545211
-1121605163
1919933065
-1024656017
1914297783
-1732061192
1891788704
412906786
2023360228
1387738876
1261538690
376920300
2012353632
1317195468
-2097595241
-1087618663
-2094390706
2056023194
618641197
-1138519643
-1449475574
816526996
1252852646
-1179420626
728350554
-1591358839
-416939182
1459172787
1177681180
-1875044116
1523896489
-1528474818
-343647202
-1610808036
2072044014
-2015216090
-1840011063
1247694308
1248877752
-1055517494
993257819
-161151975
-1262015731
776864471
479157961
-1986008466
-1003247262
1391280702
683622481
1071923067
-771086940
618347789
212043430
-1772370616
370247946
-1016481400
-1936831119
874584171
813741143
-1708025207
-1272729486
-152963652
-1069798410
762095707
-948850723
-1317483120
1393640678
-1877824022
-173371996
1489806822
75546841
-1707958938
67714277
2084400966
1543507319
207391538
-2050591506
1934906783
-1339410793
-980074997
674449867
-515723696
-82276336
1337456853
840338633
-1844668380
-804580710
-101174576
-747808541
-1964811356
2087729797
-1719326116
2021360190
1040428502
1519573964
1731349062
265421703
-1588387959
240790084
687735000
163909795
-125082547
361881419
307945591
-214226707
1532823561
440528502
-1474991608
-635174472
-1032515120
-1497384277
364303012
999349358
1528705217
1988118055
-265496356
-1509851993
965793017
-35045698
1015728120
464962320
2128988106
607507311
434676401
-1817387706
1140120861
-1210776
296643472
-1092343295
1464116991
1716947275
2011534810
-1359440886
2095549957
1161858391
-1920631232
-244785484
-1807564250
-464342909
1590937491
-1534041735
-1984818457
1670078789
-706893960
-628264258
-1458444004
-2142128892
842540174
636880562
-1840228163
87181553
2023046955
982380497
-883926420
-1806256107
-156732069
-1909341017
-909613409
-1771669895
1425190619
672661144
441519871
1475531044
-249736142
-1247234248
-699592740
1979549704
-703108780
1091265351
1026815806
1661916937
-771882251
-1458858142
-1851936422
-1812474791
1208388981
-1229071601
394255101
-272511027
322482939
1154831447
2101691258
451907597
-1516285167
463028287
-1867015985
-1186228792
-1983746603
-1705671254
-1569145937
109737815
191230131
-852707761
1391863395
583808099
1295950101
33435562
-177121839
1900844794
-1121298624
1490757043
-2058712442
-1952190018
-121952608
-977882017
-1521278101
-495721561
-2142411015
1694126660
2002782400
1198620219
-758885046
-862340143
391428039
1854512778
38520212
2070090239
475059290
-830921272
-1046720394
1852688387
-1085308336
866921604
1086195463
-499740673
-2134826662
1782357371
509739222
-603631631
-1709315781
-163874871
-50401653
-1900315227
-998573930
-40424319
1221235735
-1452988908
2082803974
-1688345037
-612336027
441592880
1507743882
-791943728
-1223521487
-262348309
-1209013693
1323416022
-1792585487
-422909456
391903349
-976754716
-1971298003
-1510452134
1365831492
-932501531
1555740829
-366878619
844707081
1855422461
-423488128
-1615371146
1618372412
-1151015179
2077306289
1011798281
131160505
2135574000
812155637
337272273
760786069
52179302
790570121
1703434412
841669841
-575539433
1724926205
247669420
-1739511979
-1628879112
154052722
700136909
-1635028126
-1808283057
1811270511
1265357587
-2034254728
1511093546
-1767912648
932528765
1110224602
1261505525
1602620829
573963467
1802461309
-575916824
-171579764
2106783624
487922722
170842555
-226432444
1497702638
-1525738977
-58036373
-78911011
796380599
-932703667
-544548788
981767359
174871238
369507432
-1202476941
2144865028
-1854346089
-1450939170
-252224950
1376786534
-1667898757
23056167
1749099672
1352373265
2020640373
2011109581
-1265841915
-1653464365
-902881335
-1070409391
2087980443
-730238823
-1422433313
-1330216311
645214528
1961258308
630625855
-89448422
372430603
531201784
376840968
-813890059
446230749
489209446
37085196
1108560556
-239002522
-1036646586
-1253086455
-947482369
-2061790911
1202358261
1456795935
-1719840690
-285667175
-720661379
671471484
50522541
861169659
-645286394
1064878845
1254998358
1473605280
-903971569
-891355805
-1052539174
256417715
-663299373
-1150934296
-2064172400
-362631554
-2023829008
482520305
-1333877324
-1190438976
462612197
1347423621
-1885691468
1815451580
194239513
-884886721
755090101
-495710026
-1490377600
734352908
-1673203061
-1751491162
1777681342
946372576
597673720
1597793304
232137397
984708461
252677202
1251628925
-839185287
1124212551
2016422376
1976892365
-572925836
-1868646700
1536637809
-109337750
196554676
-347367702
-287175731
-1599173749
-2024586758
-526351166
2136637527
1549345563
312520079
-1726463436
1398697878
1416026652
-181350463
-1290521086
975033049
416091504
-115499083
338634876
-824161104
-604897894
-1070369790
-956810399
-176940392
887764730
450247343
-2137865614
1559762919
-108230118
-1822399732
-371981302
1920301267
2076408693
588687111
54146536
626481070
-153443410
1557140232
-1667699787
791642202
129266167
250472883
1908969081
-1055106892
-963354179
57814237
-1269796919
675868689
-2058705551
-1791646482
-1439452839
1192852820
-115646050
1531641873
-1364375388
1454255073
1122514510
2017275228
71665201
1825869386
1540551311
-1968871742
77576096
-1855630560
819791431
1662647844
-1386021065
963934168
-1756015820
773002008
317686836
-389202287
-1912841639
-1465909211
-594918630
994258455
-388644952
-1659532167
-1443658765
