-1639578362
-898797901
1116564426
-866312728
-439605326
177747466
-552199428
-1710526543
-542967779
937178366
-1266579038
242660090
-102959314
961636870
-1927392176
-1822929170
973341000
-1112744086
374850786
1532455569
-1842312083
-1721540845
-1013621782
-513387284
-728619421
1331485965
1644975652
-1920562884
-1622629773
-1614310999
-938961361
-1013248065
1389529121
-572040935
924820466
1937626526
-2115504574
-827507041
773092659
1233789680
1365902687
-1201189349
1153600805
-1407907307
1065231469
916464650
-898203351
-11599251
1558022399
654032164
1056571146
-837800861
2130463966
-639501056
-2031200828
-2043058936
622499124
-548116576
625644892
-644785351
1841341745
2144046451
1380647848
179051041
268785331
939856172
2113589250
-1752993575
-806203743
1846117446
-1375685569
-1777880321
-1538653847
145242089
1739367609
-129059363
1413575786
-1659517218
-1673575168
662231260
1944703480
1991337669
406644732
-675594177
-1051609836
37214204
-325649971
166470768
-727568738
1848683521
-113492111
251001159
597088617
1024003012
69370166
-208146844
-671014622
-1103129004
-2012976680
2088544582
-204939739
2092502847
-1592225529
630588620
-1237997664
-189102874
113652211
411554039
-1622492576
-1952150417
-1611895367
-194532584
516130682
-707250431
619611908
-1030063973
-1755129825
-230218346
1144218423
1974190972
-634165110
-1057224612
56876833
-2064998460
-779021680
-889737259
815426969
-176862493
2034768192
962737716
2100954093
-201556374
1741466895
1557160238
-153373627
-14349577
1440793263
-1801291572
-559794270
-995827675
261617917
1638403118
-154196456
-2113931098
-654650785
-641252391
1040118185
352509032
1532851693
137518235
-1985403851
-1272439383
1232261475
-1630427412
-1445549571
33280732
340084798
-1619855720
1757748567
-156911714
-1034476730
-572074578
852826831
-545999573
417618848
-1087313863
-1001112092
437952766
1147068420
-1097354574
-1783222737
-2036938067
-261247602
-295825213
1347553037
-676749872
-1442785352
328034870
-178419179
1960185235
787459376
-1879446390
-180296951
-479015076
-471837984
1109490555
1917974744
796690423
-1618605881
1929354463
184332638
-494457400
-711031621
-367388636
-1894237724
-423667836
1119229712
270771663
2009084417
-2059981608
-528273109
-832672846
-1226864705
-465132204
1299464557
934999244
-368312490
1876445600
-58848354
1809858996
895456745
327577951
-1235489308
-1573980235
1282185445
-1503362196
184573743
1479602474
610088354
652033185
-772636396
1561925992
1793768021
-1481939087
-91282228
383568083
-1709854833
-1480657953
1453280424
-517108911
884514536
-1462231544
-1079514429
-925024974
1290902563
1094272440
710815672
-1015699854
-687121764
1656481378
-194805909
-432008370
1417919994
685835368
-1421174572
-1486363614
-60341041
1872083715
-1360580278
-1954637134
-932612961
-2119596892
1381971230
2125556077
1135850755
586050
-424867703
1051591637
-1080685651
1351920378
1826157378
-524133223
276868131
237156395
1335523005
-1160609768
-375246421
588928919
303673725
409613376
1290919672
695042777
-515108476
-1501939199
455938737
-1150418330
-1837454674
347743445
-929944326
515548099
-649410557
-1462794053
195799462
-300472450
890708164
1510720924
-1117924307
187553502
-1675323331
-1946272278
-1773840844
1775036127
726112285
-321773693
580501805
-824886558
-591565314
-1995372059
-233967182
1783056443
809915501
337588592
698549719
-1202707332
-497042120
-1597290857
-1989618017
959755670
-344592563
-354367912
1506633753
-465302574
1989106954
-879657168
412848116
-1911768613
955822838
591452189
167251123
-951997444
-1726518895
108039145
-630305969
177955694
1218993821
1618308052
1410355992
-1804961428
-109987517
-532337462
301570353
1010385557
-1374301401
963191140
1833851404
2056367900
-1484952081
35985394
234193733
1804270502
1393553724
1774065750
-763884384
789172161
1166044725
2119353444
-229994639
1200668821
-1517903662
2109154827
-1622453434
1446876397
1793081198
947575722
1926667954
-1512370354
1089716678
981826332
-1191512129
-747891775
-876513079
-2060207562
-1077466253
1915854643
-937109562
229476467
-590874521
434293985
37909222
-876756544
-1363509288
-1751366717
-1508002094
574559377
-2121900596
158427595
1099331496
1819011165
-1405796616
-801742180
-1030455897
-105568456
1305817186
1881021632
-889544704
1895493893
1794431090
-642251686
377120471
2131878087
-1015134532
1037357836
1544546646
-1304195324
2125319823
-429958102
682489899
-325071591
398548177
1106511642
1235087954
-960198759
1621637314
-834040738
1911380857
-1971526796
1951159303
1987970087
-890266378
508778591
1580367077
757950968
-1287660704
1682024821
-1530236614
1525213376
-1430713066
-161714117
-458923749
178215227
910070507
-1370299401
938269573
-1111941270
1564360290
938932125
-1497678079
2128474188
385079480
1835403970
1097790587
62099782
-870281907
1492285495
1197595969
1368361228
1620438564
-1835974113
446226310
-1906524498
-1648229623
309624
-679938160
-9168355
-1769570081
557493790
-1366633251
-556060981
-776046160
1992407943
-750198001
-1811796774
-142186563
-1446861303
1860746082
1506878541
-1383475700
-937989604
2033117838
103458655
590821029
1273043374
-1307791595
2065738931
43817785
-1063781382
722262632
434694497
1995741019
-2146307388
-991604555
850387841
-1790400979
-1603235150
1824466610
-1989688146
-1676397555
-1621359540
-547957057
1921227521
1097280010
-974976055
2130655609
986616696
1914521359
1768659874
-57640934
-301535051
-1603539306
1843460105
560378868
-1233586657
-1204395824
1049049587
-817799443
-1567641543
-124379252
1790244718
1862570207
1883599594
-1021814843
1895625186
1199557379
792764101
-1841555622
-1541487822
278090160
1801777165
-911582521
1019984778
-867397004
500475790
1037004356
-502900373
-1426982281
-2075949758
-1612926099
-786134225
-494148632
1736129806
1067331600
-1439259416
-1081190761
855920594
1644692413
43576373
-2001057133
-2145915806
-1362922876
1849569631
791558162
1097182621
-1858087012
504349578
939964928
-807530881
-1884683612
-1984792997
-1232427754
172947408
-597149530
-1960237364
1341636718
1747998047
519508739
-331029489
149716968
-297666681
1036015287
-1731149276
150810283
-2096784028
708788240
-553256224
-1911299354
-694398208
1082446743
-132813064
-1820317772
-696587755
298147320
-126360062
-2109449522
-1117852982
-1010568271
-2111003712
1565766251
-1891342146
896475863
1731755468
992801074
1208174969
951372607
-638476492
1442645258
-653673650
928567798
-173932513
-1864724580
321297028
-38206933
1265299136
1012494811
1262008747
-277666302
1648704619
-2010156737
-1342592706
1865426513
-2071268963
1321327815
2074673833
1384006839
654155117
-1232441088
835718867
140389092
-1697927004
-1115256150
-645970776
-1692300775
1938318140
2145501354
-868447131
-2026741136
-1362050191
873780242
1083126719
1524294919
-1549513566
-1782357216
-2086135186
-1358817320
-2054266374
-1229109463
922985100
-447176434
786422259
69883968
-1637097506
-1000800383
-4902402
-2086870314
-1591986716
743126689
-225349708
-498702846
-1122594511
-1199567952
-1654702946
404352465
-2037497416
-2122570770
-422228722
-1743770995
-1601472716
-1826409691
-1826899324
-1348072448
287766778
1112247380
1760613458
1132456836
93934933
-1908115234
1053259160
-536167978
1693140371
-743993532
-1678519306
-2094945197
1019704885
-1650466665
2038115079
-1119059066
-623907959
1765514306
1230567083
1632898375
1742721520
649515622
1760948100
785578001
1731958350
-1064886558
2010945732
-1378904582
36820718
1308631558
1119105187
-457761739
-642053368
-1146025851
-1733368390
-2095725480
464862901
-498141228
-1535355619
1498250144
-1912611265
-416512322
2082204692
-829387776
1067375863
1772254731
1827447911
386214352
1652509551
217827297
332400956
-462354004
-1077365913
-460837562
-1661200594
-1998748022
-1687678883
209627523
-1414209548
-1706300187
370472996
-219357205
-1358698260
1017408735
-87255713
92933490
762905412
461960296
1462363945
-170231981
-1306612665
-451058606
239083195
990353290
-1021627262
1959822199
607819258
-1365098903
312349325
56152948
1075304421
-611920860
1955491056
299129186
-1530270172
1970285669
1701895615
-2115776795
-1289191436
-871298544
-1779650231
1043388628
1426494795
928111531
-932889286
1032208776
-1540290790
2143578558
824310581
1277316776
-1179322462
-925614231
-2132305219
2037159504
-1396235912
-1023265750
391508444
2073653191
1466359039
-1970889747
1314721429
156073438
747158051
-1009189089
-94554072
666844860
558645560
-1468190156
230494118
-194378516
149024929
870308570
1189882935
1187764037
-1667957729
-954390648
-1885727110
494507748
-53257793
-1581945862
-969449884
943804569
-1475754674
1856637003
1497727659
-1079883192
-988776048
-275836933
-1531225911
345060781
265965356
1962377524
694458550
1459977887
1206836270
1818059636
-784812822
911833901
2042427387
-531424070
553580724
172204209
492777687
-2128859941
-1689366543
1146606754
2005350962
-524659997
-483878717
1488428423
-819265607
-1913246308
1244545823
-1537164538
-463003615
565029444
-2067196941
-1747865017
-1561114318
1436161301
355078471
158106828
1604764172
719503391
1550204722
8225692
2104970167
-99375278
-596635006
-618554199
-659876438
1904443402
1626517066
-650623530
-1913382596
1230058628
315131748
-717751380
-1820104747
828254397
-1934871687
1843445586
85510244
-272452610
-1441836454
2024814429
-14345240
-1783339175
-1514536486
346051452
1442070894
1067184149
1668696005
-1031197105
2038174494
1888244480
518248923
-796693574
878459800
45577603
-526856133
-97521806
-293125916
2038006609
-1256720869
-1286541077
-74792464
679422621
-857971549
1607450939
340933025
644852585
-400408973
497103662
-1207586872
758396973
1367199071
309178774
1558807648
2055554260
1616131489
-707550852
2056298387
258781027
-1923207923
755878009
1642175586
279437592
222450729
-168441934
-858678978
860497684
639864789
451831283
1777570246
-1140657024
-2122425870
1662382682
1871309979
1903178505
-258126928
1255092262
1567029817
-1327514880
1464524946
1499062688
-318554037
949606350
180598410
-4788201
-1774102631
1216008710
-875528660
-1584555028
1991942264
-835514161
962960865
-835347437
-1557546418
858545304
-1262361083
-274742422
1969389522
1678667373
1722844341
1159718588
-178205926
-690039782
-1034737015
1703916798
1932783839
524380585
1971209739
-1600699573
-125777546
-284167293
103973283
1981096871
-307903314
1894521991
-294810128
-725288716
1259516077
1430975360
15686154
-231172145
1427414557
-382572466
-1733643131
-1654639416
-500081728
-711797988
-1766256969
-1460534240
1346487151
793306914
-512779360
-1893636615
-1826941719
1326294240
-1450780934
487880688
1804864323
959485051
-1954230313
172024600
-1711828969
-777307430
141352435
2015130312
-322189632
-1690736840
1285554207
350814521
-1926070944
1649071689
-2015460356
1628006576
-1905716678
1205009336
580629867
814089406
2022018080
-1349107564
2026704289
-1147121556
1161771397
-1500145009
-1495373172
1833063540
1199169790
1574129362
1115126250
876284162
-1269905724
-1496251351
-2131727995
2019945889
-757323549
-891830594
645585532
-2088904263
-1357987416
-1481886862
-496681602
2020423728
-191081258
813823895
1808564120
2035854799
-1715017225
