-1664645068
2054549006
-754152860
1820894412
472459244
-2138730747
1911400576
1338625035
1971405228
-96822622
810664025
1429165283
601687214
1020423465
519488468
1524026745
-118253665
2113248745
2117913878
-1517975097
2072870127
1131212569
-1191914612
-1091427930
-1602438691
1975363929
-1779856801
395658794
-1803915685
-1660424248
1905173495
923712872
-1006332263
-796289975
1335568086
1916106572
-717778780
-502139243
707982137
1703337870
585842608
1346627392
276811879
1383061499
-943047255
62877760
1334760777
-239587884
224532029
1845899441
1136435497
-897559921
133608688
-361846077
-1650223379
-1173051965
571037614
-1147934622
-652489702
-1087103708
-1053729348
536544006
-390039943
-555015758
613666737
1261542741
1895128584
-562033841
-600486882
1872584142
-437438728
-1362758807
469380795
1138528942
-384858155
-348692458
2063324881
-867015819
1417997923
250659735
-1430334551
402527393
-62480020
565403341
245032325
-1909286343
-1838313793
835848918
-1789270940
1376494716
309009543
-398909732
106392482
536368691
1232817440
730908396
958389330
-1544817343
611785106
341808567
-619641758
1937956600
518053645
-991650851
1474778593
-2147356137
991151201
2038450597
-927205706
1926899266
-192301287
-774981009
-965120007
-1796258874
-872680523
-1409449303
380397671
-1761713970
-1133900585
667478991
-117656015
1138819416
242314348
-1535754939
2127468229
-325064774
-2013051833
384107357
1716800322
-2117574784
-73123303
-219572055
194410335
-1205010740
483722290
-950707925
1440108965
-1801403873
-454328628
1259516158
-284159348
1185258397
1200081013
1011114308
-1745964849
-734031113
-1862480379
1146249583
1660862454
-1040965496
2057446604
1497019974
-759983217
2105195531
-1286269328
-1401379986
-649744517
-90114875
975396880
-1226573560
161043746
365745669
-4819870
581643444
58687746
-1238009473
118958664
856359778
-1379442079
210538831
-392318631
-1596246799
-735664716
482220653
1614870127
1705821684
-1885992997
57038137
-441174014
-453683907
1717185098
-1578075635
875892776
877274722
-504680710
-98364259
-1147577044
494631193
-37489564
-1122578360
1801421678
-1369410513
-1031594678
-859697345
-618703894
-1940531694
969696211
1502024531
-41809578
-152647654
-1840180290
-2046951919
2038746626
1303622418
-1700288986
1594594841
-1842021147
-995852156
-1019384342
2054099288
668999188
-1867730590
1306512942
-446296522
1184750487
-1428643103
1287287831
1181902954
-1192914421
1065495472
722708384
-754556406
585539374
1157567554
-943405297
951355330
866917271
-456806505
506539126
683709751
-500389129
-891114732
-1032980443
442412271
-174133635
2079495670
2133338322
713055416
-1635325575
-1697263069
-19788390
1579283765
1888805903
-2095720386
745348236
1470155249
1740273743
1485548948
-254181550
-1129432011
-615573407
-1942399343
-2027122845
-1005944628
-773819539
87816946
-370203980
-735036164
640832738
1965615385
-2040017953
1497773153
526271123
1086090368
1533368117
152570748
130825206
1098417793
-1019283366
1199654164
1623476386
-2138765128
-708614459
806621211
-809062075
1076113593
1069275023
-455245057
1081117278
1272306738
-865229414
-209328395
1315376312
-1889848826
2125197837
-731960808
-440505309
-849613057
-333041533
1571432092
-1620158005
-2015574415
-1974914441
1376103174
958534817
2062496574
-1583926862
1134973567
1759516424
622665882
2147163253
-778822001
1646117646
-445112001
-1540931072
-155724029
367864616
1395325400
-239318583
1306597658
-473180766
739582585
-681994281
397081972
977205636
-895485489
-1857823167
-1583159447
700795710
-1859576029
-1841141976
-649375593
-1110377030
1654536515
2146999158
-267298562
-576677707
2020771957
-1703305161
-1780911100
-989775368
-835309705
1537446146
1336616112
-1626509816
-759906330
1236124270
595172972
-1688092246
-1861963070
1866768770
-2051902020
-1530779291
1923443582
-1002279656
-25000663
172988495
173929788
1456451669
-970211177
-930016416
493950246
-365862792
1903891923
493035290
-1127876193
-1638225198
151230391
-639845571
620143538
-1174490852
-1390968679
-300976006
1263923990
-1467545423
955321661
1457105258
1096061557
393613042
-954291890
-1884858855
-2123963711
-1403145417
-637088460
1139859074
359274586
-1896725366
692229721
-302616528
-2115722380
-501695580
101338483
1681017954
1279687905
-1744793660
-916015857
-1675797342
1764548950
-411432792
-1441073287
-1894128905
1674603587
-129122931
1174884211
952620726
869562770
258211852
317847288
1813383431
949724543
1198525209
-385927154
1316192630
-1039887245
-55692982
1981341819
1677748065
-1139512474
1152953049
-820265716
1555800513
-1729657512
891938550
-925210676
983424588
1473855634
1514501567
1471277864
-2136543275
-122598692
1930422135
1658441424
1305057051
71532127
-330226233
1390249777
477163844
2095041032
-1811819
-1364507824
720147129
1137426692
-1247896752
1318276816
-445283838
1481425889
305762500
631673410
-458222444
857283975
-1811396648
-1351919346
1998637259
-257676434
-556830650
42661045
590499548
-99612872
-918422334
451702922
720491981
1151879669
-945009735
-518061754
231033448
652459679
-1957898353
75501740
-1297022659
1769995222
-1547475223
1659175023
1100580010
131214901
-1517006322
-1480704391
1829341983
236311712
-1126801109
1815471338
-1460785247
579228961
-1133730438
256286882
-1181249276
-567831610
-1636006845
-1564920497
645478042
562941966
1412848080
-7290361
1852527934
89061262
-799428419
-637456517
2145979466
-680263836
-636422453
1603270334
-555599749
-1744669779
-824170952
727021606
1521599980
-1780198711
-676792475
-84962719
130055239
-726085809
526724376
-425679396
-1219564995
-1691326276
-546227472
720975044
-1545584933
1237766773
182464195
1951254783
545049444
1358462601
1495014990
-1770434394
1208340384
-1139150869
-1446002238
347831210
959929738
955408216
1712471413
194882037
-1588489335
-588917844
993099561
-55232952
698171605
184492780
-143524247
421391142
1154052959
-1469858768
1004745561
1502110841
-1610709439
27246304
97615876
-1047366278
-31005792
1278511812
-1133031297
-2066233157
-1712072683
2018860943
1526587909
1934041741
-1604101631
-1368993392
1842715616
955804610
950595938
-1190601081
-1900937841
630570300
-742571683
491575525
485775517
-2069827919
-832789901
-1037515461
-665005432
-629940949
515634210
-924444123
643700820
-434925162
-1170935753
1812356798
1839940479
291872923
1263391813
1442929808
1305743540
1960047887
2028829683
-791415661
-1633798345
1523077405
-593459446
1970054251
-1613781310
235125731
856126816
809763646
-951370379
-527308132
-1701807836
1382812857
-512387457
-883685514
1948615134
457882070
-1845153747
498115223
-354897111
692725752
2139847265
334228720
-2019497362
306925908
-174259142
-393811729
-1036055457
2088138628
922468099
2119234560
-1056462496
-598681795
2005330943
-25788437
-969952831
352271447
1620025260
1422487823
-891903724
-930752223
-1302309596
-496479456
1269734132
1005643865
167685107
-1228791704
-776882450
1373528652
-763239484
1825409259
-1361692257
-1308706492
-537617371
-279763037
488944145
-1563550444
1124283689
-847962800
669810609
-1114734069
1156739243
-590762411
-1020837303
-1101002478
-689966544
-731230494
709526360
126423618
1354511264
1386632030
1861805974
1332992223
-67277696
732472361
-2079198136
57391531
1906025221
-885147444
1579694910
-613966344
28656332
-786667544
-960770436
-908070613
-1013679426
-34043574
1634796547
-280038705
-1463097229
753768919
-891548147
-1948923876
-122042545
1669120123
-1655898108
-990957387
-616888048
-2096090412
-1570010240
-794182589
547209736
845598439
-953577367
690222373
1482181499
-1931365506
-21611876
1533174720
350230414
-2098623521
-1057705717
-1142114413
322246970
384106042
1453190117
1160623126
1662374137
2026080626
23171568
-178123261
444732883
-1589629266
-1839495398
-622350471
-304672769
1866134958
-2051042775
1594025534
-342924993
-1114928179
1124236131
-1200146349
-1537931224
886609426
-426106707
-1770098358
-1678499622
621946939
-182502829
528060734
-1722995751
264220189
-2109930616
-1556015595
860131525
-2075961967
801112585
1627651663
130379819
-1589158996
-1277876591
1368848717
446771543
-1620314388
1054460706
-1982383580
-152815520
-1935760603
303880326
-273442211
-1957888040
850926709
-1544942081
-27363385
-1033499958
-1967881994
-1715412796
-2062340105
-1254378827
-38992239
1062413434
2035951217
-2086017471
-1125558466
-1761220229
1998246649
-1766917458
-1319604389
-633693123
347774306
-763644705
-1075483907
-1718937323
-835575041
-529111958
498615383
-1504551385
536108429
-1911358741
1125949358
-1595613021
2029636349
-1885391228
-291776724
-1120312845
1468140198
-1861462166
-958957844
-914459796
2082836608
-1235513118
787804910
1516554766
1991265265
-1672773356
1122691581
1253243278
-157814997
1774121770
680400333
-1748671986
-1059578762
-1298291894
-936476572
-1345924007
-998439481
1652980347
-228968235
1300833885
1993918137
-1496014049
1280019578
-1078835065
1544978897
-626943282
-15039814
-75968728
1354836063
-1635826599
1008751147
943137145
-1822286246
1078951137
-58334446
-590768108
53342781
-213894065
806573250
1843036762
52793590
480758036
-372321440
374940114
2026143083
378566883
-1259686339
-802195449
-1207569756
-1905304865
1122191548
-1891420621
-1557044611
-327495745
1740774835
2113458970
685041310
190940439
1950064886
1565983071
522389186
-1874644049
1469833246
1399619823
-258793085
-812067497
566366115
676967486
197945346
1484368653
-1245339462
2036809889
-1735677609
-875129074
-1288824362
-696888725
-1101318355
1768908430
-1366849547
-1011908793
-1705325811
493212578
245821567
965318646
1137414062
261959208
1451504193
-405721117
-1165348864
952157508
-649799115
211167356
928060854
363774205
2052956780
-258669801
-958631620
1472544820
1764726375
907408145
-1886328582
-148018063
688434081
1918317819
-1874581461
-1954916841
1478850954
-543677362
-565736558
1239345893
944740708
1754193604
-518729578
1182496652
-95314086
1721899707
870009622
-1971132328
-297134477
333931782
-876400846
1500812614
-1298984648
-1912166003
249707737
558559187
232524450
-1302308827
691656544
-457175428
-29788884
-472690119
1611251358
-799692598
999778596
-1114760804
-934037717
379372453
-1849293222
-34368709
876878166
2031160650
-1180122554
-135102890
-185112308
1652716482
-1166640848
966997280
-746514195
1533088679
-315620922
-345404859
579606406
128355727
-1234351379
-820234557
1875474703
871177072
149823899
-1529969337
-1469406308
995968843
-674895737
435202433
1930473737
-261863393
313245022
1095059245
-1828620033
545441268
944278540
1878644860
-187859206
-590269347
-206301169
1478720281
1165234757
346921600
1844943374
-1136380830
-1036618613
1055746376
-1882898301
733889984
-382409217
1598436582
1209715904
-198289424
-402523295
237063016
931738777
1488282859
-1249061369
-1428279327
-331427234
2042017011
-2001599339
86562966
-778508443
1715003582
-655285186
814736185
766388252
-1927765163
-944257540
-1535295253
249385224
494994659
-1500994036
1145629556
279796422
1998184133
267284946
1754455448
1350632158
-59134173
-359631558
517742835
996057427
-403580437
1478763015
-507951248
1811486977
-810091671
-1697563141
