-1732284443
-1073799702
-376693975
-780162940
983247196
1958849274
1628747280
1879533619
-458889335
1397798908
-46812677
1099627137
-1233658463
-272015614
327254803
277040683
-1526154462
-1440067302
-956797325
324031984
1667260475
1177528722
-2019139483
-21688992
489033741
664075357
-1598934563
-237706746
631022745
-1465850846
-1046661072
-1815516593
-1034379425
1934179384
2022180842
-1055954620
426872725
57498437
-1751974962
751073325
844686779
1826121344
34457065
-1578509133
-1211595853
-1601388871
-1425901161
-383773686
-1789382126
-1736470567
-1395722591
-1301170173
2092904461
-1321083242
-1832569853
-1421785756
-757054575
1371044443
-1437226858
-478589790
1230120706
-119542739
377132704
172387833
-103598606
-391787737
1943752502
-916878748
621319417
873410477
1285525663
1169938076
337259277
-372538331
1348706382
-1098242697
-830384315
-692793568
-584137095
-1956233412
1680609241
843182300
-108221307
-87092433
-2147211800
1971935846
-487934145
-1731295544
1584420914
1157413371
-2069122665
736052942
-227997874
-646320512
1224926923
-109141722
-1164668805
-755325660
-298941711
-1954801552
1882918620
-1683170663
1389971946
195739444
1206139468
-1177019735
531064594
-1872933861
-411168977
2125732164
-1828190712
-737994762
-1524931062
-1664134900
-769504148
1341283533
935038110
-1711952688
-1066088258
-663451279
84331902
457369175
1855628789
-457033007
677231959
2138635488
-1974942239
-971457432
1483775227
-2020863986
1952005905
-1106317873
376377583
-724569431
1143357494
-888938278
384279659
-1100015845
408365263
-487174285
-959185964
110994505
-424248293
-1775582166
-921626808
-1363024371
1605409316
-1276075375
2099335752
1530745538
1020952407
7317119
1289894461
-57029252
1251876640
-1570952897
1757514831
-1266075779
-946798158
1897591876
604871011
-1930068445
-1155437961
1918532416
1056857315
443106560
-704296632
1984517163
573695635
-497261172
-1308555658
658518099
-1766232309
-1008201537
1712389162
344712647
1567255529
1907538496
1903048588
1413353061
2107515848
563881197
-1914785388
1857439054
851430119
-540975432
900548051
308501718
-1787281155
1111163406
116522484
-1071904456
-1633948670
1794346033
1358862268
608876661
830879250
-1633191360
-920612589
1532457342
-1798106624
631516872
-1199834932
-1123060833
708998994
215552886
-1959740227
-391084393
285666037
1095813198
-1637847812
1999662757
2060578662
1658374028
-1233752063
-838789030
629031324
-407961324
-497607503
1470958284
-651326765
2086643526
-205368625
-1763596498
-493325295
-974887303
-1439906840
1902599722
-625955820
-377819019
1467322411
401216632
-1257633590
790648761
-1355796396
1028602898
-1552975117
1981054067
393791469
-1298282435
1072713564
-1266055015
1705936761
1564058566
-161981231
-835606022
1924966452
557620366
1792884264
1530078151
608601404
-938136772
872368531
1521012216
1544999115
-827353713
1316086081
514387270
1180471111
-986264343
-1897394555
1218423679
1159124822
760017312
-71852647
-1900714509
-924688269
-498708348
-2068225687
-475016714
-621262652
-1750241567
-1579619585
-488605074
-1338362965
541486723
-863909108
1124662329
-1019697762
1807634340
-1441539686
-1689562469
555174601
1762855944
1002155868
-1789185259
-1691400234
143939014
1440629464
1730984565
-539616158
1044305256
727557616
-1985361337
-1981099353
156657285
1054865090
-129729939
-1380531862
2018977138
175811446
650464563
1548589764
-1272480861
1397831772
-2038092021
1208309849
1942954634
-999815114
-770379896
-1109144992
1552917426
1459720205
1073639246
1510587527
998251959
1388812571
589458410
840059988
2133014849
-518959292
-1183433908
758529892
-689049217
-1309168656
-1558538652
939347045
-1763019231
139240530
-1124356893
1869053687
-740611334
-1007001177
1515752542
1522496793
668932481
-1092110758
185779098
-387907825
577908486
1345230272
-986079687
1692807167
1024635146
-390617991
1113947503
-852862483
-1311209760
754818555
-649463452
1714749439
493636787
788448423
789038874
-1667983360
-1806431403
1377790949
-54337682
1948304037
2131137943
-186524989
36821668
490788938
1252703416
-1376347014
-1231142980
-1311722078
-832681352
-1587999127
119588560
-661845948
-403246214
2146095854
572331802
-271144452
-89460512
-651066016
240017083
140689974
371150595
-1912232196
-2089746933
-475753639
18249752
1634688931
809197755
1959484491
-2076011681
1972993115
475307311
1451772160
1591202673
-201510613
236652457
604126713
-183880565
-779034646
-1448742193
-2002204795
-163954103
1171020896
1658612038
1027207682
-1067951598
575931293
455017772
-1546077918
-605776791
962983284
-406004120
292732934
497338232
-1910023842
445334818
-1189442
-965741118
1191318528
-2116046832
-2072826622
-362674055
478937001
1248258704
-1192896178
759489550
2120101849
1867913677
-798283385
-1062299829
-1681772816
82658803
923826604
755234358
-346926447
-197742786
1935439219
-529221801
-127093420
-465873791
-1141637920
1342797073
-800754242
351233082
390189960
1059285928
623425848
-1315760530
-668189181
-1386582488
-1764580569
-271421270
-1026744302
-1349595109
-1029184187
-706515859
1175553
-584132160
-206302520
-664968395
-183345023
-1083004474
-1929667532
1457143337
1773456723
1651636229
-1207887893
698021185
51922206
259588365
1127122532
-1477895277
1278812046
1692334391
256694810
-1498525663
-914730593
-288571143
-1715990358
-1609300139
1806416423
-863793861
1678365444
1822301301
216251513
-1553827114
1406454923
-1210236169
-902380648
1815388611
-1146775349
698510288
-17352688
1056017843
-219491042
-612638354
2040915400
-934928823
83000276
-490433701
-551573814
-194835071
-22816327
-1868833925
-409677213
-1884465335
406239335
-411096721
1410348170
1284329035
270317156
-948822648
-11669030
-683043151
1362931194
111850882
-1203987946
1846574386
728816917
-404925859
-679332335
-117657290
487557477
-778921243
740581397
-704343562
-353625209
649867493
877972586
-349211586
-2138907119
-1003916675
1389111364
94258867
-401560389
-795921792
1304445505
1622452744
-528397458
1019291396
786089792
332396647
-399376527
952008380
-1033467786
566485637
-640933292
1649664486
-65855380
-271314581
1685955436
1243507104
1704815224
-1355524672
395702174
-384685424
-1748759437
2114205484
-1190617919
-1716188253
-98856827
1703855311
65667743
2126357243
1092222459
975608200
-1048573735
-238876816
1123329366
1752368217
1273852532
-606710656
1731458738
-366995822
-1074860511
1017615602
-525251600
1517297703
-668671593
-716281994
805265705
-638401541
673912529
1280545535
687758604
-423821830
-1835012827
-61250941
432719760
-148575509
-1965746316
-65591050
112902535
1002893260
118161731
791925149
-1544901116
283281805
1465893306
1305050759
1731684428
1961515194
-1979473241
766791627
172913707
1928182246
-1093602860
2125572347
-1534659784
1323889945
1639054588
-1832003764
297968900
-1318444069
605279009
1343916908
2091724320
-374766281
1692530603
-1024526702
1213392198
-1067875192
-2069731508
1623783105
-2142489782
1985613118
-967415014
21239188
-18303244
1893933949
-1585224477
-547518285
642967770
-725142295
696696375
-464167870
26540599
393033830
-560405339
-1771169438
-1144355769
-604114899
-2096421605
1196081255
-1103557312
1050452365
1093168071
678937373
1012874614
-1945779459
-2139664288
1097049422
943297681
2115936771
264868023
-789343220
2112621470
-620976407
-539189734
-1041662930
-1845645443
1234744840
-770835122
1827380200
552848824
-612735406
115287799
-830723484
1777958567
-105977536
479538920
-1092556778
78294658
100932679
-1329108204
-352014501
-1847861117
891134884
1911169023
1680801057
-1840490436
-999459332
-1816874480
736742838
66431007
1948842909
612676594
-1565653749
-465540412
-1709414560
-1359049484
833274955
611503237
1450488326
-1821805864
2072697003
1861140342
-585911102
-1867883193
1099273116
122598513
782548303
806429519
1424932493
1249928646
1632844671
-1277297869
-1611698923
-1846478203
-776650443
-689061267
840181883
-820742625
-1671479320
441578938
7822497
-1029563085
2082921708
1408675653
-1692163640
566562614
2072400411
-1127274955
-1856045758
-1204225613
-374797258
1871312954
-1727851860
1086933316
1440339753
-827127895
61148728
1631166038
1630886270
1183104734
1993428296
-497135975
-1616078887
1805578315
1857613044
1913283989
1648579803
-507532376
768382829
1788249147
261333210
-1432116367
-1172865107
849417123
1927978845
559414055
-1047202891
1188141090
-865213393
-702717032
653864363
1582133407
1631788063
-1840159274
-1246337922
1232458038
-1088506125
573677962
-205791700
-1106506896
-199681174
1307471193
-1596001927
-571705644
1876550136
1262959306
-339803308
946736547
-695940013
2081346226
1800749354
1151383675
1195159437
-1617280978
-1767818458
-182911238
466677477
-143378920
-877322207
-816340552
-48189925
-809541531
-115978045
1991452147
-802423125
1120192237
-1141057969
-1178243551
-643726693
-538746881
-1878910763
-1302155289
-99329026
1318254324
821735192
665533167
236244695
-129354614
-627787608
842200186
1576602896
-1335864880
68285865
527768984
320953736
-475321943
1747307763
433792653
1810150284
2006354168
976906965
-419738628
-1388241706
270474272
939886275
-1189800797
299014556
-1417606551
2041917847
-796411791
-1765341151
-862327113
-1338634074
-1364847604
2017868838
436471561
-1526078569
2030405461
-649588380
-748106090
1137215864
-858915855
-404964580
1201611471
1597727103
1524876464
1797522223
683824341
823239718
-715356340
888926022
-1406896951
-281854512
1656889019
-1975269510
23380251
997511011
-1915411376
983894974
-1155057530
-1760768807
-956108515
-1446518727
-1794498232
-1050959907
175307741
1337559961
-99301820
-591004839
-585240139
-1527575767
584505954
2134853747
479922233
854262094
501011121
-537999738
1530314952
1690176229
-1752200617
-474255395
-1344765764
-628487403
1938470826
269610496
793288031
-1113893986
1305918426
1471650194
2105669663
2103249937
1359444102
977993919
-519118143
-515730639
419399131
-1211021713
1906276070
-302328679
62834646
-244998049
-1353176582
75903547
477626152
-1549551989
-1444930931
1503357021
-181536631
1593847785
-1802244088
-1290463224
462410839
-1591695823
-930231908
1163874185
-1081053095
2111772753
539687572
-371104276
1040935391
1267010535
2012342190
-1309144318
1796840826
-1287751600
1675064128
1881041232
1814586990
1920142803
601207969
-1743447240
1602733528
-296732275
910540272
918832687
-2115609949
-1125025711
-194777144
104132674
-196116239
-403865196
87946028
-768767718
-68163975
557140513
-1632734580
208470884
-1345340956
1503686204
1700727250
-556840161
-1268932571
415991271
-2032215808
643245108
1557272361
-501674197
-1041602230
375912761
31590225
1728397705
1664890713
80576956
1031702901
1642754569
-1854426047
812154132
-434288330
565448424
2132870703
605764632
-1873422619
660055025
1218862660
-599463370
1743761666
251653833
1263381312
-2052354871
-1354818610
-1007981295
139712138
1167876472
-1050515482
1469047691
565190670
1774921687
-1218985385
-951538399
-881959080
-13699390
408805788
1752625453
217704591
1823544408
201176737
45252272
-729169961
-1341641349
1573337265
447342880
-1731306482
-1925648492
626612624
-676349362
-35892828
-647949383
