-1139550317
-1228217708
550587453
1678083235
-1847050771
-2069882872
-1401075564
-585951270
-1918684175
1585713371
1221828072
-1405587851
1604548748
1852524139
-1710672600
2049584843
-624245756
-1403921501
-1710481749
1276601640
-2114018111
1418300264
-1970738979
294977837
-1911293629
1717601584
-501351516
-145172650
10191032
-196513189
1080313214
814874173
-1097519168
-1196428837
921453764
-422537616
-1109293728
-1318966305
-1891642863
1570562124
-2111133443
-974181296
-513108147
1464213907
574069001
320243933
189174482
372021754
990628989
-525834489
1564200496
1111648694
-1001349526
-2028730070
1182536183
1493568031
-574428359
-1349069310
-1071663151
1541306415
-733776048
-180015202
1232068365
654951848
1340254518
1182942412
1464400937
-1307782286
144633609
2133041723
-538723840
-1182002149
1705853389
-1778260104
-1094180546
145525309
-1142868148
1322274460
-1769925152
-131615017
947048190
1949724640
-442818981
148489728
-1759242528
1156448960
-363427011
-836467815
-1029512431
-558348884
-2142186980
426097706
1364060640
-534161918
-393262165
1632451484
691040626
-1386889916
-178286818
-1127171730
-2136633188
909383623
94425828
816289826
1020727979
902665417
221338647
-91927468
1868058211
231966856
1882285677
1121620759
1861023293
1309909349
812966612
-1084027083
2031969027
105628541
-899988759
-1342587691
2010998198
-1845838106
-1082359507
-89160012
-1349180388
-1067432136
2035916972
-1494129606
1208001339
1468190219
-490704555
-1467039164
-1256491417
-1314681582
-214266425
-608383562
-1376618844
650516590
660965042
1251642814
-534892889
-368323399
835426304
498836969
447721810
255442566
-1686283405
-370596750
-369288599
248836733
-378924074
-1780446892
-216055444
-1341787999
1074864114
-11325687
297796739
2018260317
-480647589
-1410304992
1548652419
-1637082894
-85297331
-1666135396
1890411699
427388267
741647746
-727041154
1735653789
-567135361
-497607521
-205150367
138763251
632324820
1501531529
98159588
-2055508007
2021504574
-704732525
1610661522
-757414395
1054909534
569963128
1314668391
1847053405
947913930
-423748959
1711241950
1249371851
-212586145
-1738853278
1350219430
787548686
-1145813296
480322674
450336695
839887681
503256245
206045420
2111771829
-427888312
710946725
-744271642
-412643883
-899977366
189949155
-1588288350
2058911073
1747221718
-227192931
-957380234
1063987776
682731389
-652802070
-664575989
50707693
1073266040
1864411818
1138530257
-468570003
1712638768
-426915312
-1553830185
-614221014
-583031129
434040097
590322576
1586262109
-1924320280
1610777674
-29447545
1520988368
-449629091
-162276618
1732806828
1455698338
-1786205204
-113354207
-988099690
176171220
-1290192313
402868191
-1777886534
547127472
-321909375
895190921
-121541214
-1928400230
-882188340
-111444734
-2045655248
-773576764
1832998804
-78108909
63911029
-1734267225
2072866217
855118899
828977871
1780832363
524956819
823344864
1508303240
-863445895
1018104806
-1276487951
2038839391
50294564
148122350
1917562209
-1560433023
624064567
1237230733
781842911
-1882197468
-704001227
273243777
-1484564632
475778872
-372828598
-1786026634
1176221814
680498430
1172932628
1538873190
13264417
-1206395005
-1887212234
1353372901
681054900
531079396
458195072
2140764000
860459644
-716065747
-340462201
-1124715865
734237479
1833206169
-1298139587
1219476801
-2031390233
-710305331
-1300291978
256195838
-330669488
1319204841
69231117
1833279592
1710629359
-137490724
-476077592
-350489513
-2011470680
458756373
-1264674142
-2086576314
1259115370
-866653555
-16108341
2083287836
1155371608
-1583218738
1508280126
-1941376736
-567788292
-1202472283
1967387387
-38667845
1751015866
-1117254747
490792762
356026073
-685184757
-42425738
-855262002
-1303627654
478157815
178905680
-68121599
-1604794026
-839061803
-248940462
769529762
1137538267
1497520793
-2112421614
714256301
-2057096715
-463601076
-229376163
-582114862
2105812937
938586021
-942772824
409638003
-1652632653
1698070159
-1779657861
-1961194239
972015468
1796304115
-7900586
-1933538340
614122032
-2038591737
-1597471672
-1013193122
-1489993822
-321619487
28554524
-1326962818
1623227879
-1313230396
-780927448
-1150299282
-934292096
-1300265179
393685608
-88489368
1382208005
1198162553
371318022
1030254611
1044007336
-1555888648
-405252986
1540154431
-78182532
1212986724
-749211395
-135096261
1136601343
-1899544368
972179414
1963076653
1795008756
1548617371
-1578358934
-1986381720
-1018145084
-726555514
228939604
2019422563
293640191
279116466
1857435964
1096055953
-1942814718
-2106170595
-1890638268
-1639923126
1160130649
2034734314
-2092052173
-448337436
20425176
-1453401156
120941144
1579078283
1272536214
-1236234890
1341605642
2126638026
142245862
1934916705
-1772579073
1894618304
-1195648697
1710799191
730182895
509671735
1123859205
-958492746
-959933714
-1581251318
2010160954
-1174735664
1397352267
-1764894947
-1552085778
917970535
-553182969
-568466544
1017890384
832698321
1581070155
158842500
-907521145
413916540
-2017383991
1941606712
687289335
-956741563
1821486900
1496947199
251229513
984555007
-1650776203
-1262434748
463959963
-900542557
1223996565
-882760199
-265206550
-771865048
-826908803
1933262465
943050835
18044979
1360127626
-1412794705
908727181
1042266605
-808221465
1886382613
1941299385
572654195
2103160594
-37444862
496134568
-1046776778
-170493547
2040739909
1639701864
1706796932
-1063670896
406847757
863978868
-1954181621
-1245328784
-1611662502
1186027301
-911311417
1625922400
1899025233
690055323
1662009274
2123008902
-1622191584
-508708879
1778684929
-297453115
-1782427027
-1778235953
484418629
2078749168
26643563
530269816
854395324
-706746244
-1173753330
1020351787
-575846014
-1931662757
-1790644269
1454620566
-1056286761
1888518084
452575488
-1552474831
236787113
-2097988045
1575535354
-1846833273
1002953669
907929131
-1190968099
518729547
2117642549
1445695724
1444671913
560033845
-1147857610
-322464549
1354267235
-958077150
-901379121
-1720391365
-1412188605
-627656353
-662291736
-1441963316
880332820
1104792698
-1289663541
-1268390334
-1599188929
547795631
2122230395
2140624190
-1075351864
-1371012788
569797988
1298648179
216883045
-478306093
-32224778
1039701949
1844672161
-1799990906
-2033123793
-1355456810
-795781524
-718473282
-425181241
-1054919620
628460434
-3259390
968024226
1687028554
-556571155
-837572757
-1694107811
642945345
-666544156
726909879
-1942304197
418109938
-384240140
1004133002
-343234901
-912056435
-299626143
-1234094909
-575663122
1655664627
1928650802
-948698932
1005182427
1254762317
1772362938
-1202604304
2005498036
1671123023
-1302242142
-807525597
1828873982
-1497776744
-1952345220
810605090
-657844341
952536855
935944856
-289149062
-1807741454
19016733
-1194339816
796368
1033110362
-1458564246
669854205
-497268163
1900486317
-106363203
-193356472
1044797785
559170946
-607145088
1126125988
1140706180
-781128397
-525933471
-1594774586
-452150157
-1883989237
2012794450
1006538394
1513157374
-1833213940
2145534958
-1231036265
510212832
-1345635286
-1967755089
1536102428
-1872510423
-881290323
-1278257277
-975439785
-2137654046
-286069246
-1536160724
-484816494
1672736540
1909076788
-1282513850
211004387
-1929741922
267781766
3398778
569481908
-586270141
728826661
1626030147
-1702158277
1774913698
-338199596
-1374213454
-695460378
-1144181500
-1057854970
852073489
1271484300
1029880477
-906940441
-1497000679
1278689158
1499429059
-935031985
453311965
107567521
1746911487
-1378648372
342939368
1190777469
-1771959363
1878889418
657437055
-1800483968
-936433781
284673918
1149363795
129970371
-103179247
470958587
448727102
740016251
55797018
-1774222664
1049527956
-523911262
-210198039
-361599123
-1852182821
1239486414
-251772252
1680685441
952416835
-1378677550
747359256
1424962794
-438966742
-1917163772
-273194903
-597797880
-1748349157
-766315249
-1759564707
-62035466
283158895
-1803536012
-2065294485
361954370
1085356082
2113822660
-313013206
1979830027
283098285
1138790276
-1945504457
1002391209
-1866359087
-1876846930
-981631720
319208866
-649422972
-1415466082
101161802
-1324892038
-1721357670
-1350735021
1371987551
-2132739230
-110097126
-1504014250
1076272813
1246159708
-1978952623
1852794981
-1102629569
2081897123
-1894622664
-324284080
158898524
-1672295364
-821947212
1194007088
412896177
1050964182
-278380994
360993974
-339210337
1475006718
862803288
1517892396
-883796964
-1222821964
-1063697090
-1432553043
1369131849
1020337959
-564569235
-2055452289
-2142263730
1867990565
1165297938
568171154
-311381811
-1367368042
-520249098
-1081582021
1519282935
355648046
-1841268822
1207552734
-2049234130
1860100531
100488738
2141383650
1677250881
1406340316
1884692982
68037957
-1560851901
-2087171948
-1740070950
2138916851
1683246002
660317028
1390496896
283045811
1398313678
1231330119
763084958
206095416
-1886627886
-1880131624
2128460203
756444288
1404422099
324495950
-1307762888
-390464028
-842211106
-1412897389
-1373995627
-1240264753
1493859186
-384025985
-1687810899
243771378
-564239321
-1896452864
-1760899455
-2087194050
-582458389
-1698832041
406185843
-1813770077
659297333
1986580662
1768699271
-1087751172
-1120319641
145843764
-1911956901
-1658154607
-1259201409
1767865106
-1818956631
-937954816
-2017846469
2112707985
-1452149086
1168676799
151906739
-717720762
-492726198
-548733217
1303982349
1828819772
-421532172
-910774931
1946766080
639919070
1371577626
1224620691
-1561458627
253764892
726809934
442739128
-796526715
1158920384
-643629400
2024698506
-1865196978
-510757109
1714674745
1460378898
60273074
-114605673
-1744016230
-929060212
-258716108
-458524438
-164902730
1811996388
1356421365
1385773633
-1528547177
1221421373
1492373508
-1925407637
598658749
-1979415310
149340555
2146993734
1676562466
-1747365544
515210088
-1913379610
-2027931316
1211532226
-674487162
793117933
-1781673464
-1743657089
-819510322
2004491527
-1525197880
1167536986
1734041772
1759433300
-34563089
-1350995991
720264396
-2073337053
-194444806
-1706991579
-912559881
2077927019
190532080
-1758366765
-1075835102
-528063669
-1797077553
1174289026
55086407
-1330792248
1972096421
-479578352
-1660558973
-1304510555
653193178
-1996137935
1865031924
603999077
952919221
-587926882
-2017749369
-865764637
2078780711
1125492850
-2018261952
287570581
-539694174
-1521148946
1169556135
-1528849963
286374965
-2138515459
1328771389
701524522
-683221758
-1903902540
720305669
-1512703897
134448210
-928932578
162291482
615905749
1950705200
1031316276
1437664148
718613276
-1129721044
276759017
-1382021822
-1013453915
-2133445475
1363343779
1902657811
182219440
2120035989
-389153480
-938484332
157496066
865170326
-1491916287
-468726996
354252107
1851102184
142397131
-2074381141
1598832360
-2015493149
-1517808228
1172328246
-2126894513
-413601144
1523799073
23993364
-502599102
-1008325661
679421098
1224182961
281434703
617720924
1308451686
1956333237
1729491771
149287472
-319006701
-675643557
795081521
-887534151
-1849518477
935064459
351104724
-391914654
-1503820353
1595761260
-869912672
-416551031
-1034729318
-1041187070
-1991950482
566556471
514287279
