-742794527
256438580
-1445180208
2058570714
-1806257015
300400409
-1160318265
-1653160000
1662126661
-2053085083
878113178
475519508
1394748271
-1151818438
-919285809
-1350042228
352703488
-1339535598
379519968
1738221548
1456573042
-38269827
-595804681
-103921165
-307209036
-311587920
-2067138275
869915062
-1217114154
-341664800
1191121440
1234531489
750277699
735949916
-2025982159
272466646
-1547024098
-634602933
1236137025
1024171098
-768311186
-478286236
-420670648
-968862558
1190385169
-811367395
1577595955
-1681413051
-592602111
-769691454
-361982656
-1284555675
-729320821
708211454
1686747021
-1026540380
881072751
-90629810
-966997240
1534005325
-1719126372
-1136779536
2078859628
278725514
-1196375673
161402309
813179008
1035125129
-840412516
522267223
659023926
1471799617
-1057782182
-444659215
-882875577
1030798462
-285024638
1616902306
796253460
-260460098
-539952627
-73437126
1874116741
328158452
661077747
-659567756
-552069332
-2034497891
-428784035
-636216489
1226152567
-570870887
2050085295
-1238538049
-1763060355
1396630978
499960750
-345627537
-1854151052
1330314467
-667100699
-1231502151
1767103006
1139059607
688250127
1039534493
-692835906
137369117
67722012
342753502
-997744193
-1753493675
1702709815
427231996
1378353789
1494611824
-1952516322
1898821735
1446342202
496993321
-1243667957
-43525764
-620915972
1629753844
-1268432649
741494882
-253296934
-370764716
9216263
-596509456
-713650014
1778489552
-1068026835
1337492188
-2103526872
185504340
-1241508035
-1949494305
-797872613
980887676
-955036272
-2118108630
678675330
-2010427993
35045695
666021045
182805912
-1195024366
613126069
-835786235
873044323
-1452966151
-954444141
-463318539
169824920
216476887
-1708812800
489355535
-1250298155
-1606993250
-605902907
1391254590
845131710
-239219725
-1990805599
496826227
-853958730
235135550
900621464
-1187753469
-1888070124
1936049607
-1136234008
1212902742
1908054167
2092171012
-1790940742
445368018
-293249496
1479801957
355396859
940463072
-1222745722
712404606
-466323072
222089999
-768215319
-1104255535
1445856630
-709791695
1772178717
-1162717008
-715334044
2012470820
-2087304543
-1309490093
-1848993924
1375819295
-1294693217
-1299159952
217902085
-2085718558
1285656805
1578293177
1890931517
-2089899142
-1220853444
-1460336423
-2094345195
265115470
-1173004417
-1659715507
-1061016980
-398958098
-2098948414
-928955523
-1743771805
-1459078955
-1037535259
164740033
1036073882
-246494882
1873565736
-1396744174
-1858638644
1635462153
-1149616645
2049189810
592271190
1593485768
1996714183
-1660387791
-12869535
-333834241
113146433
890980989
-2073236012
229981793
-1035128978
1592778447
-1515549220
1693199264
1158057368
1646828237
-835887514
904731353
1065213129
715068971
1722981311
-990179638
1584368055
-1823171532
-1706187608
-241666597
1302834053
616912644
-2053809076
1679585568
986943962
1202801211
-718728031
898300697
-1760604955
-1177878174
-464944704
35175750
-1167229840
-2041024305
1151730051
116840847
750363564
-961240115
-2092480877
708536899
-229137370
1789289329
1599961479
-1046242028
-870293286
1207937039
1890685842
-944347821
-2032552424
-977555940
1262900970
676778793
420414274
-141539195
701629561
-538070353
-2124812898
-264564363
1599560798
912595132
-815698700
624098434
1899121449
-1483003764
1960798325
-1293538633
-1989245427
-1445243286
1770129379
-382746071
-898594295
-2115876735
985048521
-1565389128
540639899
842635476
1137917943
77635682
1088708893
-273443041
461989378
573555596
556322997
-275392175
-167931282
-484229373
1095418299
1245319547
-1145116477
1242397104
-1929314144
508086133
-72369208
-796936119
-241603931
2044886570
-2106855360
-159122548
-1073124443
1235178274
179206321
166845876
-411257727
-1183473948
-154697313
1456424785
-959507598
-467771702
-1463616236
-1935280980
151115891
633037380
-929475955
2141407025
-729404983
728563680
1965581371
-1637533963
592507101
379384013
1260757670
1794119753
-1155184541
23544097
-111272918
-171712460
-11476740
-1760432414
-473104174
-1279493388
-945402941
-711754542
315299763
-1360426272
-1196562662
-1705614387
1346432425
910780190
1403780239
-850328511
3697114
-678053302
-278140661
1530455444
608619180
1422990043
1014304884
-15643207
-982699495
414972133
685566400
508625223
-567174455
702519791
-1833159808
-467275335
-517480471
-493033813
1318071987
-202924192
-533191320
554347192
1429316149
-628151985
1155592527
1974142712
1226129559
-1483549772
2013303853
3479332
-285359211
580740076
814608587
-1143512216
711821013
-76036569
1921567860
769005008
-1475822448
74771316
-1638754510
-888828467
-736454152
781698498
497158238
1507492856
61774707
1709143432
-793274651
-314067582
-1972022409
1022366400
-457830915
772957296
-661225095
1249650054
-1094723776
-28315072
1384742697
-1267504977
2110656276
-1923126301
-1073832542
-84622924
385896568
2006922666
-669274598
-924192680
-1471244203
1819659999
941889077
-1572045901
1613358763
-216411552
-2075447264
-547888746
-1362474352
644791866
-1573732921
2033912014
-490614555
-1852402772
-1091055264
539524961
-1006953496
-1440674449
1436940209
-1181134726
-1715650024
2135792798
-131752229
1416388928
1682067459
1347073711
1326194293
1242147222
-135766813
-1945325512
-2038562748
480892629
918300099
-1791042128
-954938678
-376657532
991463944
-729549647
1406972429
596583916
-170979176
-2093115678
-424179033
1246743574
-1999617846
-397953469
-74302596
1932834349
-326559984
-1561429695
-1763444624
-1150412036
90769946
-109962698
-1864585849
1821633769
-996857228
1250572129
-516190486
-1744996686
-1788772420
1579327622
-1763769764
1824682806
134787395
-226859531
-1397153100
-4922380
1131855668
-46406291
-37573509
-527075697
1042844203
2054503007
-213689319
914640335
-1048326976
1772731571
341386790
1213998104
-75418535
825365471
1706699648
1717242404
534382284
-665341515
-165373883
1309198644
-1903223298
1224169068
-104712684
-689495231
-1699738886
-2074895504
678575804
257198612
2000944945
-1570046863
-1987809572
-2027843954
178843917
-487212194
2110354872
974757564
-651353756
-899086687
-921667365
1743229290
-1324402602
1218668277
966471882
534681421
853804493
1429585937
-1617166811
-1121830517
-1907273280
1976251604
2123985333
80030421
-1212137062
-654894962
-185036208
-2134869575
-2016471033
-1361826585
-467402974
-1084057551
825238930
-479235105
-763344696
894815463
-515716833
1536558645
437607567
-1847118653
1664373504
-1136580254
1938953585
-2022001175
-2070499352
-2038953636
2020099704
1815466244
1265702669
1663717093
-1656522488
-1923861721
-386157916
-600125771
1194439655
-1595985605
1590714006
900061719
-1131486021
-1300647557
1438349515
-973512696
-452973229
-497169979
-1388940441
193212105
799397843
1035364021
-209374912
200523406
-546370462
-1361347256
1697192617
1869183401
-67000055
1561428666
2037759775
1447090481
1795708778
172215376
-143933972
-1853986013
-706372543
1651461552
-67558438
245054052
-248684509
981996215
1329593938
2046772306
2013382391
2136429358
1828991805
79593255
99795316
-33478532
1350341583
169111032
282083686
66984004
-943725266
-924507847
-1050052202
1308498017
817394063
-625265586
805068439
-604480044
-1799397943
-55656799
-1702060023
-394058909
1216039377
1884810007
608683660
1546567199
-2001450879
1828590452
1226203030
-52521725
141257098
-72855216
1357965033
535978143
1596413079
1746574646
-617281901
668564066
2128454224
-1527711578
-1259560016
-325676312
226372894
1281115023
418227164
931038998
-1122037078
-1166846983
250341690
1651607704
1196854193
1855803718
-2078703487
409853593
1518859500
159138543
-1356889188
1710776676
-836045093
2086306136
-110129629
-1538464597
-1550511375
-377052707
-1868200786
-1428959044
1770779171
2096784476
773641652
1306708787
944068028
1399205450
-1780318251
253453422
-1159762064
1080116380
145948395
1756495132
877235246
-1529503506
-1240425285
-1624496129
-1138716279
1767289477
1002060821
881142057
1041592092
26334461
-1048215570
-631553277
531127227
-1596872343
909776096
1371030059
1786683289
395874086
782298554
-1822483690
457701389
1975832255
1769173705
1538832732
-1109079490
-258391805
1852154562
1172935933
1771376193
558930947
1327291366
1338543044
-846237526
-921583869
634954487
-1430115718
1748401175
-1387354599
1192260663
1459339255
-466107387
549102740
1483271395
-1284250805
-800880334
-1322203157
-464477953
81489024
-338856659
-1067723867
409573956
1486377770
6380126
1555733447
2035672247
544530297
990800499
359169889
-795870404
882761970
2113181562
1961276022
-1433737019
-1441674673
1993853398
1089047881
-970884882
-384558061
1345586605
149844529
-1752391298
1291759749
-459093687
661148975
-1238885220
1079958225
1904975522
-776925293
-95644861
-583778305
-1474242901
-728015759
1021231923
-1983316232
-1708456112
-1623552809
1821992230
2048998248
-252785960
386107466
446563494
-775459641
-571853413
-1740548166
-37873196
669181435
-1356304100
849929964
-1833312703
-1280292161
-648292648
906552583
-1129966095
1538315040
165427144
2104078270
906293741
-259548899
1529121878
785382029
-207372924
-1748685547
-992367254
-1949396302
1057480903
-1396133316
-294033347
1364983147
-1138714145
320683620
483847210
754306827
1715978665
1679267835
-967522139
139328268
-158668638
436485306
-1808354442
-2023861056
1769811188
-96829171
-1660382096
-1267886405
-623534168
-478661173
-1817876544
65839871
959528234
-350909644
947485993
222034194
319748018
-668381669
-1388437788
1397985992
-115677227
-216812990
-1464307258
1641589437
-2101613216
-387931920
-469888480
1838578316
877285367
-1378328640
-1985654121
-1455844930
-1422289903
-1258209849
2843354
2072185440
1644146180
1815201543
1301499487
-1912152945
-70451161
1753108081
-1207736737
-1165225604
-1859058187
1949273276
854039668
-1941058329
-2027190718
1311201496
-1943580771
-1568986896
-1268729889
-1370618339
-2092726804
-820790992
-1891353047
362663956
-1180965885
-85205549
-612966171
-1492635339
-1151854327
-1695421033
1026331860
1807193412
-1082756240
-1793537652
-1748886271
-1237787694
-876535185
68574569
741707926
-1502888302
-264326245
-723898813
-1213435351
611695906
-967200447
-1642994421
-1994804815
-458238942
-603153382
-1933679042
1973635932
-487853526
59774168
2040756529
339336647
1206223377
-370585594
-1198077849
1592867555
513254630
-1129480562
1479329844
519271231
1653443611
129819850
-504050733
-697054366
-293820107
-1231847994
-1696091684
1398748315
-849731199
9281866
2061113004
1094373162
-1923990085
548384124
-876507995
-174532867
1699333035
1187946104
-1867079572
779102668
1058573085
883502833
187861226
-1576842595
-912940132
1471287497
-120756282
897624382
-1698439031
1555748209
-2022968344
-1616660896
1773835295
-240937367
-1214436775
-1613389046
1137742915
-370568986
1073542704
-410679285
1250196164
-1519800544
-522100499
1193376253
-554666625
-726900339
-1665333105
-1090282286
-58603043
-826931466
-534622324
-228117559
1908020280
-906421788
229370864
1215942523
-1436125232
-1644271727
1526283404
1358546807
1468512027
-40071909
2042660075
-1415369702
-479740333
1965724495
-55388333
1741643745
-380684575
1400060144
1601302764
