-1078709779
1219094624
1936615806
-1205008037
1243923580
-1715219525
-1516872408
1584824684
869299934
2056275533
1746534258
-1939699804
-1204011266
876132718
1492809126
1923856781
189142896
1620611417
1472506514
-1643315999
2106753899
-386638752
1527157103
1137184928
-295323045
1629872485
-154111515
-344558987
2095889610
1364653443
776860096
1850184580
189601894
-1594590482
1994890512
1104985433
-1258286299
-700051333
-2126060078
892470442
-380227843
-804432755
1661835306
1515594356
-1519548350
1590017479
-1962512963
-941008974
353923878
-1790741758
-1090290216
2044106761
703231192
714954940
989894986
-479127351
-1587348722
-1767012936
-83908745
-1605237321
519176489
165901047
1021495731
1403668116
1973488195
1265205133
2058372731
-300515082
1895040155
85798087
-102822337
1589796140
-1182419569
1691602436
-486139758
1351138519
-532440291
-1764593243
977817769
892587707
895617771
1189878132
-467070193
1074735568
1974548194
101380575
922519489
1655618783
171380730
245518243
1428946187
1754837834
-610016410
-932535766
1934482701
-1161815400
-334456244
-1847771820
1543604083
94182841
-1697845938
-1240119772
506800163
-953007580
-2072085001
919842443
1260772216
1564135659
-745114354
711063287
-859466985
1455300430
-1977733729
-643003127
-1652660338
-1199326581
-1655725348
1020759056
-462885167
864184353
-478504666
-2052634073
-1360784118
745127088
-1345401854
1602428265
985315418
1682272304
-1484226630
55363557
96960586
1927645161
-2041072239
-1089960574
292570666
-1445464206
803784172
1165025835
1814907146
389832092
404107889
1647151489
-1676191372
1051091017
-518455757
1426843517
-1751869788
456675493
1540349780
394705068
60795730
-1087627057
132849031
-352198521
-1305078245
-1753323975
1398224479
1775644449
1251942937
-1418260632
-1955843225
2031562863
-1523505900
984769954
-213780
139475735
1775578116
464526053
-1189676468
-515098651
29032631
275899458
-412020740
1913574283
2007014371
1466286657
1232347430
-688463247
1301355417
-845777552
-922360846
-776735934
1061860006
-1821155922
5777614
1665822926
1292033293
-2049671352
798177865
-354802027
1251709992
-1227642488
-964385317
1907115205
-1983255542
-398170876
2053927084
182426876
-189784034
1808346312
-1815357725
-702308160
264374100
-1186864133
736815203
-1734765288
587514263
454364471
-1183469806
-406114460
-526028414
-251107262
-1794607146
-550805494
-1335663895
-824766563
1225525102
472716434
811977470
-1726884314
363605333
1984051459
-2091039846
-952866981
-1926307529
-1764926561
22269764
-788732757
595898115
-168362875
-717969517
-1656292500
1750423492
-456583579
-1630876308
-288137857
-727234137
-345895247
565308969
-509580179
-1648480039
89789365
429392667
-1124201522
1072946830
1982447186
1518615634
-2125450388
1838595072
309891183
1993704076
-2058889813
-106232276
-1154582200
1671656638
1348989268
-161650621
-838852043
1141573034
-496608437
296368254
1109523129
1868934677
2078534352
-146665242
57204957
1876539005
-1802905922
2079042379
1952167490
-1712969971
-1058892887
722632544
765575506
725270284
323456633
203914831
1724846400
-1832925546
-482890247
-1454427263
-1885663194
-1490756486
-1149206928
-291045014
-536307018
-1887501085
-860340270
1127365366
1978309028
-2041354969
198569023
-1395714473
-2083811615
419262209
1124286662
2098014360
1740677274
335402483
907179235
-1992789030
-418680287
2052177476
-609204102
-1397741570
410680470
961760643
-206611043
-175044646
-1452308311
-490924419
-11679334
1841464793
1876221848
-953651739
137126343
569471375
164586643
786271875
-1433332236
1305735446
-136807113
-1655594322
-1129489600
-50359546
-1780200397
-1027927341
-2047921390
-385082394
64323233
-33330018
-1631466806
-307288134
768545118
-1327819546
-1749991835
-754279817
540186215
-521328561
-249536445
-2147028007
1918816600
-9061832
794975137
-668019836
1679879911
-792122648
1259977844
-168188932
-1841635147
1261597991
-1141207599
577247455
-1454850953
-1789836387
833577411
-911103711
952020412
-838962673
-258179883
247060641
284271285
84373472
585841997
-1784393213
-1832333706
-815379295
-1714392269
-1578197490
739218310
1795394677
416132152
-582728907
129899452
1866951783
-1144432396
-391916698
-800776704
479587100
507597284
233599721
-1069418872
-303030502
231886637
1495395932
-2068524
1328566402
-1562687145
-114423750
86615320
162665470
-1819478301
137301514
-432041222
1205345705
-583625846
-116937955
-304187840
-1121102744
-432033276
774423713
-1813819693
-437448514
-236236326
1434328302
-1831813222
-970381987
-1039488045
1988482940
1706822306
-603526026
160815721
979453614
292619118
-2130638428
1180794974
1780665956
-1930207962
-346485050
150468372
426704091
-299896172
1265642364
-2094462818
-230726470
240381947
630899553
-1214281971
2121474446
-2120785614
1964125628
-737052621
-2034706439
-868861543
-381479537
1322698337
549597402
-841555742
-663683451
-204946304
-2077657007
-499950991
-1016597171
309115721
-952882069
-1216873225
-455802576
816519595
32104679
1950034168
-564377860
788808705
-1387906667
-855481125
524784115
-1246836983
46447860
-1768669429
1177633661
-241496666
1142730454
1412866583
-930658017
-1331978634
864610576
-967175783
2039062606
1164074047
-1852291396
36733323
-193484947
-1828207337
-1399160754
-1417027821
1327655520
1540060946
-1585371824
-995672481
-1392866298
-1659807495
1552236358
-1429339574
689195708
-1433424446
449784887
-1771968470
1639454665
720621783
-917061848
437497680
847815349
683938040
-1630999249
1821021756
-2138400748
-62778270
-214601893
-1595081625
1875111353
786802118
-1180314366
-971445350
-1333108329
-1674521603
129686318
1527681774
-707525513
-406670735
-1788285423
-507850695
-700772237
779908533
1963524513
-1831806197
1164114430
-870851631
-722917647
-1312069159
181509730
-479802610
819209879
28296207
862596414
-1244921666
-1360535406
-1304184679
-1179786097
-638382105
2104584436
1002468275
1834608386
-16024714
2085465266
3143873
2029407526
-1531779101
1197963289
1501833411
-17799495
-1048891359
1240695591
-1221075707
556699991
1813790975
-1643211871
784149458
-2029883505
-291447540
1414113167
-2004787142
1537937021
-1058052606
1302256044
-267673213
-1126140998
-1131456225
-1551285901
1790347493
-57878758
-1622098394
2125072255
-1612767318
-992147776
-581170422
1684514684
1474424673
-43322679
-2008712908
-636787719
-2007189303
-1240142874
-908187759
729383891
256233977
337642048
-82635500
371970385
1204649392
-1928858059
568279343
-376643580
-1559605376
-2091244081
783221329
-456676322
1380724916
-2120129087
-438001666
-1490682667
-1915542850
-825455863
605636968
-1078124270
-583910718
-1820141624
-53986746
577407922
1517454248
-1288230184
-1750339147
791972790
-1805648188
566409861
1883975748
-2113102607
95068059
64810214
-930005179
-1300609167
-1728665772
-1459310690
-797182616
401674476
526908943
644932069
811024234
-1330085786
-1704056640
-598063818
-698913140
1281192077
581922339
-1414607448
-1504626706
2017474755
998473697
887699580
-192014791
-552557182
92553790
1965735361
-1331517145
1557118011
906436555
-1801888323
-1336708056
-1474804461
-133653620
311175990
-490039441
-1429895632
2050587837
1235658847
384139830
1187377674
-533344569
1172666772
573407066
1730177179
1526107398
-552371017
-1309381883
-1701702144
-968235289
-843223535
-1411463098
1568779404
1053248976
-1402033161
1627426038
-974006658
-1788857960
-1458920383
-1562104324
586899362
390085895
2114248505
-496694208
1628641420
1867236217
-524325662
-1767741107
1944834075
793832644
726326418
663866652
-962822650
-55257422
1781448361
1320866464
-1873519106
-1362632304
78837066
-999160824
-1042350873
2020724088
123220750
1939327452
1855666674
-1457152836
-203600334
1497568848
684975374
-1565676146
1092798298
1709909437
766840314
1524563806
-1030838793
1892742165
-429017935
-1131131840
1360981566
-1947131808
272524254
742696965
1305090618
-58883672
-1953184008
-1626433875
648212250
-1039735790
-1490539449
-237172433
2095362214
-822371876
2043483402
-817936888
-1453745142
-2013762392
-604281767
-559061095
-648847580
-1662905065
-1890091114
-757616905
1452131666
881894618
-308155459
44725335
1408573784
-695039025
1419499577
-695312536
755173815
1455237732
-1802487113
2137404524
1961645562
1238847603
-149690207
-1972977492
-387262297
-643340337
-765257180
744032031
919582700
-613581389
354768168
-1891019111
-1304564128
5427724
1367684263
694326167
680536900
-2105046615
1845233611
1496778849
-384155820
-1030429725
-1461015863
1617155839
-1791589325
-1546332181
756499220
-1367354040
1532625634
-1872198067
1527271827
-1016317155
1478617503
4792848
-915786696
759234067
1220543272
-1552206862
-1749475351
-997563868
518535151
654862165
-323619342
-136777161
540612011
-14733402
180437875
77729063
-671051622
-263848766
603161602
-1221893697
-489803596
842123767
-758186665
-899072128
-1484894136
1547141067
-2030874285
-562972535
1412137506
-927607654
-487325944
452450822
1217197571
1025206898
-1488184716
1484689474
1903176853
702780148
-506480146
1107055352
1829811116
114893430
535832800
882138483
1582034596
-913912163
782279839
904928102
-919248476
458092320
-1959578584
-1661848578
1407246330
1040775827
139867700
-43182265
2049121906
2090405469
1187053353
920658335
1021213017
-992356297
1270901739
-73595909
165964006
-630722552
-8505330
-1334413075
-292572022
-24686574
2105189342
1291384881
1295148454
-233308640
1620004345
222548298
-1906314987
-361675563
-335028999
11190395
-473089324
1425332193
550919639
-1938286025
-449815433
-1646071492
-552605076
-1636593908
-335134949
-987462211
98610660
2095210030
-1743821620
-718703738
1379889862
1253276598
-334446859
681721689
-901743655
599259738
907085620
-2617527
-851696129
-1706862630
935868472
1584886111
1301258211
389480525
1964458971
1257378220
-951221909
2054256748
-1508099090
-157840170
1017125828
784257572
555627227
725917043
555593509
-1625813459
-1175951192
1091706595
-1319918087
1262539188
542868447
-2131335198
-1069720462
-302071692
-1786326030
-245914964
706271132
-1164044951
-922535857
-519217391
1956694450
-985562764
-911996482
971301653
2115569641
899842831
-653169504
-1206491971
-1872988924
2108897612
1591049890
1152269494
1307791676
-232427167
-1633684660
1210200486
318180599
674567835
-1060318717
1426353715
798017858
-489873486
-381707719
1199834530
230807759
-1307241491
-1705865056
1598608230
-462540636
-466227445
1538108752
-337401930
310055236
272498268
726047929
2104362769
-723003207
-305089707
1110431530
-1759583399
-1899503176
1269422705
-1244876308
1131588418
-917649711
-1208506071
-1027006059
-933519017
298698726
399728663
-521720059
1802292923
795424510
1906277015
-529191855
-1094615919
-203225173
-2074302096
-740540235
-918204042
1963022989
336571004
-447884256
968304050
-372898706
-1175498458
215200186
-1549617730
-75747105
-1311821821
625100172
-156890943
1979869980
-2102635023
1695197601
1345796995
1551398721
1216572092
1385773063
-250211794
-2120084213
1832551659
1454801791
842770848
-645711813
717791181
-689742792
1266695803
-1293328051
1636757965
-1893255946
227526463
1981299623
-520089673
-542059747
1877193605
