530354358
1437497953
967626690
-1712029309
-569977933
2131952547
368583397
91991383
-6287128
-233826658
-1510527063
-940947114
-1909693384
-1427725795
1348500944
-696610548
955667239
-1234485708
694557778
142154215
-87189096
-1679957309
-938402333
1249468505
-865406594
1259455721
807505078
1710473237
-280361594
1066821109
1331119283
-1717880481
379608494
-796289421
1576045176
-1839492130
-277078080
-333559763
1487288716
1556434497
999183569
1025492362
-140379887
1869464142
-1624411701
1390994173
-209370274
-1957280838
-1711435624
1560024016
-923182102
528420394
-2082859366
1998953727
-1895218199
1974228629
245487069
-407692662
-582425659
1040810653
-679580157
2051229778
1311056424
-1417807205
-423825604
-829067210
356326472
2097768337
448651114
1934568663
-1886076139
1239260001
1910067722
-903606864
532155747
-766016789
-281697904
54129347
706433332
-756387188
160312883
-370112903
-2071101112
476636385
483872434
937555655
187209296
-2012973370
240497872
57156733
1262122538
-1339124957
-811823534
-572049867
-1616021238
-1369559204
-329922891
-1557340962
303935117
-820281550
1291425849
29866246
204178997
1648630237
525440288
-1110294789
-58692301
-462797238
1825881014
-312288230
-822185157
-1343639163
346750952
1189201456
566935061
1133250198
-1064992994
1427902988
-404454950
1638451945
-1105505073
1999179563
-1948705855
-2076036934
815690596
123126053
2021914766
-952437489
1430597651
-1254349892
1802687444
1693218529
-1456028311
-1611230032
-1542171690
-216527169
1906343784
1777420541
-906028195
994454413
1414111197
-1255776330
-1361395581
-1002981239
-1735051005
1930858151
145304543
-14576279
-1520396670
367171101
614255170
1220831029
-1096978813
-625420009
-1757148061
188920783
-188266770
1148275926
542767275
-1683571561
289534909
296824784
-899260710
-1870332395
-1381459924
96093613
-1446932628
1536039520
219536103
-2038889880
652863321
-1187158151
855087781
-807309415
319336617
336389014
1027024431
214560270
-374952736
341974426
-1463703094
-600378274
564532529
-1919004611
-817950124
2129896536
1099632706
1803566019
343579193
1263515263
1338628149
-322034814
-309968501
-159633339
-1934303166
-1382479587
1244632060
1778336702
1423675930
107893639
-649082753
-1769754803
1895366979
-1875977420
-655755140
-1360822467
-1683252299
-1671820354
1148421018
886508043
715315591
968593715
-1317678750
1350098515
-41903014
1241781352
34950555
1024605912
1158303036
-1744895595
-1618353983
-1145617466
691478739
922929546
1057635821
2057361438
1437142768
-576100821
-910963838
-1944693153
-346738101
1661143701
-1714833118
1533931858
1607263094
853222111
-1460747673
-32795427
-846823101
-1760852294
529618404
2090590415
640484515
-1594084119
879506671
1535696348
1290577187
-22628158
1348696595
-692402137
-1159064343
2122409602
-263206688
-264919970
1602644808
57524742
-368235320
-250277326
639242485
-1504829464
-544544445
554440634
-1878913162
492162860
996901745
347677157
1542874980
-1867920414
1175941439
1195349545
-1273936394
-574354070
-325961111
-1437134472
1899240974
1918949185
-851848195
-1334328574
1766316360
542607457
-1933785267
-1125532461
119639684
1410301509
-1951323147
1282311882
-1457471171
-1425230085
-1303775342
628950240
2521258
-121792101
1199971978
1470660673
-1775291736
-1697873307
676821684
218748614
-1743608581
-1897034734
-166879099
547617195
-1616494000
-662142220
-1072213962
1179312537
1774426890
1683345103
355524214
1429767218
-1118478677
2121810755
-2000329165
887857132
80181073
-1439734427
247599350
-1688193455
1394125280
840240385
1293611594
1495923100
-1271037415
825898854
221331091
208594605
1305106821
-1915151869
-520743424
-1282476822
-33958843
415694110
-653048013
-1247682443
2135164994
25966854
544178611
1544590682
1870179196
898348837
-1518428443
-422049272
1251645136
-194606063
-1092881221
-957882013
1469283774
1824450243
-2077314111
390838426
32252499
-379451556
-150058191
-1032151043
1525080974
501246230
1956741934
570858875
-2049064424
-1387437296
1029972716
1346305591
-723795246
-880331436
-1098667085
-953774595
-973825930
237345466
-195605443
1044030088
1892907052
-369815245
1476778593
58432725
-1080044059
-1628882473
929790702
-1209684946
114976191
1117743767
1900814180
1280797589
-1528163100
-1763005486
351903967
-117745510
1600224050
-2104311967
-1505046684
1977493254
1532829836
-527492695
406951979
-2060838847
-850153244
1998161389
1464020575
1528567143
-21484276
1752755360
-925319028
-1376314647
-64638051
-1703592266
-2067349286
-163064934
-253381572
701568003
-2109012220
733338750
1977915114
-1595449430
283510187
795751421
1413181727
1620425982
1659573911
-1858025886
412733736
-461565862
-120771190
-596962347
733752573
2016858813
-1509097840
1660112197
863618511
-720636594
-1725223126
-1711654343
405311473
1714706368
1561046851
-939420819
-1568418935
-1691759174
-278092064
921964819
-245294844
525080355
-766010460
-1339371442
1635752781
-346466456
767745885
1645892927
1398820991
674203444
-2081374485
54197925
-1715143315
2100024535
-19694151
849627210
-1929723787
1134970626
94880549
-423014531
1921480293
1774108387
-1760308031
-37929267
-1494459207
284663221
-1423904354
2110757990
-1048149716
508939343
1549245977
-2145338363
-1426787355
-2031192878
2079453480
-1403414780
-1709826765
-2036582872
-777260211
1489981309
-993956235
1646819101
102342498
68370946
400838268
1700225186
1723202827
660179875
596258647
787038274
2132561764
-819814837
-895226841
-1934226222
1508517849
535224179
283971646
-579933892
1690462352
580611232
-1445441368
-637904525
142467346
-432741871
76660224
1411465949
661185374
938938266
1618046650
218110667
983225891
-1314831120
-769992289
313564780
-2031503796
-296355007
-1348748033
-1198500141
-1285294668
497100113
-622676084
1638127351
518533211
-1829637029
-1202680219
495639634
-1903226006
-2000975822
-324409937
563219261
1353106564
1248978926
305550264
-1653452323
-194551117
-362630750
414657657
1825824651
-213020129
-653713100
1192593914
380401840
319110957
2104308155
289910607
1710200989
-1989740375
1964429609
-1038983780
-1531681932
1655216655
-1416537327
-266655088
-645896006
1230236786
-185904583
1288883560
-1923176958
-1389010811
-2105237143
-1073017975
-786752342
-1520196206
-2058140422
1330044618
-1648878462
602016517
1307397414
1576865820
260643012
-1717356122
1346896846
1536537616
-532680908
1308422015
-577505734
-148499106
1700834192
1106019074
1037131300
1084397326
244417432
-1167276717
1348955664
-2019920238
-1732746225
1238805353
1497374659
1251426586
1214721462
-1480264332
-1919936173
-746720100
55248624
-9336412
1580072064
-135840165
1781194773
1810828289
-1489251199
-1063767289
2015668790
731229823
697949518
363245172
1587003911
244003517
325764085
1053037636
-1313077162
1667961028
-160331119
-915496008
-1064808929
-939128306
1782896737
-1257185406
-1016437995
-108086397
-818966508
-1481553222
590072553
-120189163
-269705605
-339631425
-1869048339
1379422781
894804660
-776430013
1540143536
1989989967
-1096406863
1343059328
-338096700
-2053872388
403024100
464687100
1855412265
1924062749
-956064110
1661207218
-1717160298
-1632657482
399362308
-1567465800
1098419121
1486663828
-2043952752
903281968
-1793150778
1106034061
-342902400
-1597097911
243844072
1850661097
1696655782
-713459870
531928727
-799774247
-2062443201
1655448334
-1961198087
1249955
-360660565
-344487145
1230886491
389549073
-1662654878
1583991838
337018920
35853055
-576297631
-159396954
2092877137
1365374510
1724856064
-220701097
617081089
2142128615
-589207660
-1383188018
1978485292
1446698860
-1414523035
712184229
1812510450
-923494207
862658221
-500315445
-1408910385
-2046578246
152330516
694234172
-1530717373
-241778770
-1684658707
1162685164
-380917883
1473170954
-958268293
2135080178
236223365
1904255411
-1331067781
-422899163
1886137009
946652067
-29839273
-1839457748
-1881030158
1014750059
-1459795506
344495040
1003534020
234182040
-109067149
-1029144738
-1220769057
-1904022608
-574645608
-319080211
-434742352
1140971599
1930666644
834194985
-648078123
-465989305
803848986
271822486
319006011
1498406990
-1576522801
2023726708
-268466765
970821024
-920302726
-1624218934
-1129681334
-313979372
1241939892
-755541290
-1761543260
-1443535008
388063866
981752747
1509697893
-1218152311
-1318568099
445768670
-1635184236
-1635307134
-1691429395
1121939130
-1051612624
-1114163221
1641707252
1841051121
1578451892
-1089086725
897007733
-2105638065
524304811
1704349173
-425064192
1647444917
-363337755
2088685987
-353318139
946071888
-752869911
520440651
1161018449
842328597
654590424
527489810
-609490194
-701937952
1278370348
-923147973
-769700486
-2002525611
2141294360
-1444612279
911327109
1598740390
-169556495
1500365746
203597714
-1221157355
-1938926604
-946905470
1347175118
345488889
-1368655596
214725926
-1805583595
-1013284097
-34152420
1605396210
-1034002909
-1025048528
-1878814766
1541144970
-849617439
-1929780649
966101949
481133106
-437188098
1901919928
-634326921
1200311146
157535608
-99919999
-791734387
-1204063043
-870737896
1076091447
1859366997
-813773659
-1148603364
-840557561
-1170295754
-2063757485
-2103057854
-2075959388
-2134028580
568988418
-1611263564
1760944559
282204562
242053588
663342873
1312153823
1028181334
-1109741346
-663401900
-1338730245
6361162
1211494179
1945705467
-1186490779
339512787
2028331991
1192739876
-1440612883
-1986225194
-1317366357
-444052356
690312200
-1498021294
-1734961846
-2120277050
867863359
-746882653
-1731056836
-2021435682
-619977093
1492964784
-1443325885
-894673415
-1105130861
-1565433662
-1336165244
-769586756
504305095
-2122258732
168634669
893444299
1928829243
1086696951
-1564878488
-246168274
1154321290
-1832014848
-1865253877
-673663492
222317744
1673875873
-1377467990
-2055959462
1616493466
100669572
1402340575
-1140291305
-289561942
2043225963
349153055
-1487755720
-763644105
-1055970473
-915108283
313174303
-383403351
-450018865
470753962
-1070363418
867077552
-1962521868
1029186492
-566066931
-864743668
1873809044
-776057882
1998147731
-156526800
-338219316
320936223
-1304484017
1115786650
612026178
782496517
-2070427925
-1007815264
43981095
1911829887
1730838520
595201044
2113592928
684210938
773865720
794899057
825440922
-2088813959
737251775
2046719383
-1527897425
-990620612
-1421318131
-1513428233
1000876218
820088966
-459000887
1438074217
-476363377
-131311242
90248509
-1586031108
-225778994
-946722934
396055634
1193023093
-1377026500
-746089774
1072744484
-1266117831
-434716189
-1611107046
566492991
257749120
-1229688521
1519841217
946487572
-565460839
-127442046
-931094267
1512787305
1357160560
400079971
2069922559
485963986
1403446357
-1198677652
-1471864745
1151206579
-1235932676
-693727802
-1894208785
-1792357861
-1119652044
1818933978
1448274546
2037623437
-1841506826
687152826
221687473
302686399
-1796972580
-1617518176
1947551176
-888451730
1245749494
-1900704361
1075435702
-1404032389
1852732894
2131212809
257350497
976971257
1270667713
-1700052750
1768819886
-2081569032
1918949380
1673270043
494126536
-2048709841
173460262
1314644423
91062442
270078141
908576022
1772181770
