301266370
1915743428
477929481
1744829746
571101561
469294822
-106127045
-479049210
743011084
-1327300659
1320950643
-915871927
175551025
1392598727
822108103
-1441755150
1159272670
928272869
-650435472
-1313328626
1457528301
-1634955059
1972697043
1574515329
2134276674
1167884898
-585327305
-280864023
1195097651
-775124639
1552764452
1124696998
-767072321
1766892833
-1454460885
91359014
1704670359
630924829
1403250861
1820749050
1118754083
-34197664
1736079850
-58140070
-2145819217
-1328298000
-365694131
-153073329
2101696138
-635636750
154547026
-1115526892
-642899434
1175751093
-798578315
-1894099262
-1495792160
-1779619740
-894090947
427747170
-315491864
2110186887
646665372
1749655552
-127741518
261806540
399288850
1447551138
-280416473
-219590992
-618963972
-273587551
755626957
-1352862106
-686588099
492808331
-1450502279
1574211781
-666599157
-2117367904
1100680642
-130762578
-130899409
-1307484290
-1335984781
869676508
-1142643368
-1459236809
593827314
-503747380
-805446297
-1310933428
-1292659945
1954480952
2107238681
583818
-1550831600
1427314830
-1128043375
1415398324
218874793
1086620943
-382706983
683237041
285442389
1182685278
-290500316
1213703992
1770131676
14735749
-235758879
-2073248171
885252946
-656448349
1520544989
-977333277
-1956421555
593362370
1982035302
2099727470
225275145
594435131
-399806914
-891334262
-293255551
-1504882932
-1000423937
1419876761
-265136443
-31725489
1584545920
1429544366
-1740459094
2106788883
1580409365
-582241151
-604127781
-1698283935
-2072247284
-229611116
1212436119
581284202
799088511
1613995283
-1492635780
809140535
279188660
-1303543240
-414560729
-1767157129
1974016901
-1935527907
-1452566288
1860507630
-1251947455
-1682416810
-322936274
-70472935
1835017201
807632950
1588717225
-1956279236
790235825
-1195246607
796808719
-2001936664
1677503641
-663527367
-708261342
-550841039
-710895559
-2023738021
-2044665774
1188871753
871347058
312400079
-1170998335
1095942405
2143423935
-438100971
-1061868358
-506437377
1267507264
1760280914
544446771
441562748
-598879012
-362905964
-362015374
207080289
971688961
-502414160
1797089812
1942342228
1317414928
255998350
-1525771414
1135150282
546376927
-70741114
315222876
-377165623
1616039776
-1642987260
847780094
-1771106546
1145372941
2043694879
315142158
-772537053
-1895396822
-666920484
-2128247709
2016823177
-1355809451
-1796404468
42883063
-1764892637
1636831878
1568496170
-1419504006
1135856382
1980309673
165429186
839571423
847946568
-1992541009
2025590930
1704054434
-25177925
-1569503717
45674053
-1894465712
-1446981821
339996854
-1434680007
-52682084
1825915817
-1346181518
-1960872577
-353332695
530713134
697161966
-800002217
1306876576
69371642
-1391110185
412382075
-1444284981
360066664
921813921
-607457412
1993305107
1274965535
-1531270368
-1866128474
-1345740981
-1031023695
-449453050
2080016842
-1129500467
607773468
-297157406
735499078
-1991214596
-3513795
-1864990358
762475753
11409303
105213811
424329855
-1491804043
1486991185
845596023
593662154
149010649
-118065430
-113080157
-1807607520
1181855078
-362257578
1655302698
187343677
138238760
-1085127056
-1338989580
1244157690
383453841
-907144604
1416320293
-350125347
-1716724238
1307336933
663986905
1683279087
491302138
1870754181
-1231105300
1991600359
533949862
176637039
156279751
1692548663
528633298
75300720
-1032721618
238018275
-1292291385
741731620
-289340032
1369583762
1153527781
-1063290495
-261072079
430272141
1267185847
881319739
815877343
1008908764
199774298
-1967115872
-929934935
291993261
554857748
1921073579
240816864
-347599639
-2048831666
984155859
1801356973
-1317985914
1801154435
151221522
259219720
-2073705641
482278346
-1389669381
453361012
-1541179271
1904943851
682410537
1876594109
-667552131
1143341552
-2132668420
10866273
-1838396679
1759647124
1199072587
1586340188
-707140008
-1526631102
-1672392723
-1076160486
1999085335
589587449
-208463603
792210449
1136222736
1057214173
-906886409
-281308238
-2095288268
1776119174
-879050121
507587176
-1709882291
-1907704980
-1440702219
-1385970294
367305631
848248999
-1504856572
616816323
-135876841
1685380842
977898964
-975740040
1297174303
-1228881039
314581020
1249187498
640894545
2006536740
1889202889
-1693693740
-109410171
-1568513943
-548361960
-1199611109
-102479207
-1355237375
1022317023
1453248920
-713307975
688245506
-88076166
1267184147
23844855
1159752858
-1276944479
-562515046
791003116
-795071017
1866464354
1671303978
680742763
-1011813499
-1203147882
-1799587932
1696092415
-2037470719
-2071312694
817743107
1849771738
-344674889
1654986175
223335762
-1902717950
943128971
-1226775707
-208334392
-16311368
1138038943
-937378164
334918096
-281720685
-460137832
227161169
1822019330
1015769797
-746882439
1168351794
888914822
-1154550832
-1885615042
-484271177
-565276613
217830461
96033475
1675013528
1868881414
-1529775653
-673024402
-875462717
1252191260
-488264251
1788694688
-1934845319
-1462581372
-1144947107
733633321
-1564273524
-676012962
-1729033677
-1901007332
670069573
-1754816783
721233631
-820990304
-82788992
1867030356
1501966568
-1180484613
-851518589
1629916514
1085268391
-274856930
-88885302
-1475531667
-901122292
-1459338497
-914321224
-820286600
701274581
1205990800
-670662607
827912555
1267718799
2130379304
-2116017987
724512294
-1549478303
-1965031810
110299301
2131535291
1704180876
1996627655
-329462177
-526659486
1517255401
1659783364
1939106623
-1371595979
-1650844787
-1800411104
-1433932396
-126767062
-2001403627
-869819504
-1462832958
-1077518027
706500885
-1944788396
-1701555009
-1403266852
-649583348
613562025
336759981
-949163739
-2009284804
730451047
1804409541
-666240688
-868989775
-1382640026
1634206107
-1887051246
-1766879117
-514655020
-1284132719
-1417113490
-116573036
1815954383
-1980515999
-1165279000
211550748
1902871941
-2048875429
665149324
1998687005
-346860939
244936793
-1950339034
-382410273
-1859475712
-1748881192
-1676470456
695629640
-163830307
677129870
-397682004
-252746649
1368372509
1129590241
-482705208
1163567314
-2054122516
409220719
-825775414
1805120586
-1901929223
-1239273048
-2033247869
-972070136
-704338501
-288316795
-748183222
-573657225
-1913051533
842916034
-1939018394
1470845972
103599573
1382340819
-1913312600
1901281252
-988783826
-1146640240
-1498356949
1331719707
-1174711165
1995540367
-551297717
1566532691
-972875300
765154359
2026853292
2028507922
-1019191024
1406264418
305919155
-1835572007
-994128989
-693824798
-299477226
-1994391574
1436583984
-909838314
-748909956
-1665796493
1643638576
850649181
1008664067
303256000
292803096
-1082788727
-337575158
-267385471
-1152089332
51313041
1768028418
1104525345
1568846476
263608548
1132544656
1693237296
1905327382
942409682
-1243322287
-1291370878
313472625
1813646054
1906027130
-890716187
1367748061
-1108571089
-772416798
727498590
256443686
-900808341
-502594134
-1114425722
-1908786726
445188711
1651780328
406895263
-805221616
-135303148
631543966
1456782307
-2132241401
633841110
259249376
1370774687
658071948
-1565355982
-139462026
1557100446
1141323213
-1765279662
313577122
-1759641196
-1482999868
-1298913131
-870854321
-844171493
-1104756420
-609149345
1302993579
-1114738893
-1467099405
1433681057
778482371
-395027392
-62552147
-1123095530
-862596552
-196124436
-1845485222
-1731281000
698217186
1804702664
224650243
130545444
2092739832
566218549
1855150173
1050906523
226501517
-1979084383
-752778647
-1690721045
-1812866864
-777072910
2003397614
-1219053093
-949659831
100333761
-1272348968
-1580138848
1236766784
-954229630
-1882653039
773318780
56063890
-1600149976
1374085763
1449557251
1398839629
1878730645
58181443
-744645641
823318633
1547759987
-1929090562
-1143749334
-1264342519
-1524992703
-536227792
-1978927213
1710148528
-785965898
1160852511
-35200467
-1917717077
1245081591
2136555395
1732096195
-1696471256
1915465648
1563920620
-1530319092
1551565368
-466431287
1434922302
-1570774746
-1764266809
-656420425
-656674597
527545761
1614924267
-1224623778
-347433549
-308923085
1278585667
-205518773
-722945178
758184077
554328430
1286640271
1966392482
203051704
-1411005796
1227625647
1547838057
-652215003
-472139649
-1743903552
321526128
692923830
-1548015504
-666210758
1746931249
1813194637
383467166
-1467221771
-1441181350
111404598
-1679834251
-883213786
-969576408
-621765800
907568907
-2965629
1932896449
247276121
-307020228
-339048748
120401102
-27760901
-169734308
602149025
451360667
527089664
-1183022864
-1916828570
870154472
474449421
-1871686596
-1501850601
1666036285
-1269442759
-459044093
635715897
1404469024
1856565384
-1714316026
964902254
-386232024
-142962642
1805946719
613726045
1273978810
1649377748
-1600640898
-1228141952
1531668071
325575081
-1012555655
-740702588
-2011934482
552916899
1735712737
169148174
-2041386100
1325302244
-368095971
932885139
1247773595
-488062896
-1594418073
-628766677
234584014
-341395701
95973219
1178699289
1085223635
242759489
-12362770
-1764538898
76964660
1674939761
-2062863871
-928473119
1370631720
228836138
153977951
899732458
1749694633
-1378404958
-434536935
1739975428
1511637780
1856783184
241911113
-1475196582
-307487159
454489310
-1219228759
623583478
1112388311
1670249038
-200590753
-432283653
1681927177
543738404
1438362281
-480067701
496527563
-1220459448
-1430012560
332540592
1102232286
-1119539948
1988462892
2031771252
1852523821
-98396297
-1212768441
-255200925
491808682
-1709211062
1380092513
-251942593
-239768808
-1096290774
1461462302
212753627
1375361701
-923056074
1493148636
902461037
-1605971818
1343582130
1039586856
-887957659
-361641057
1641941836
285499871
-1163687655
-1898578300
-63132919
416050493
638094463
-152335592
1370118512
-1578837999
-2047737007
-2114554132
-23263423
-804859414
1910838932
-1602964812
-436914307
37955920
-273920132
-1828237918
-1181425180
-820604271
781341240
-1269931399
-541525247
-113074762
-1390099155
1707365680
-1286407594
-898785514
-1127857895
1293370454
-645547364
-454219682
-218350256
-1828127333
-1635336561
-1469047461
-1336105201
-1064007420
1608563754
867677702
7224591
-1218486112
825953906
-827097395
1909313658
1685178274
1432446438
1605174985
1930909543
-1882138723
2091152384
1750512159
-1700061135
965673555
1393493499
-144493103
2038491524
-376277970
497135905
-2119326784
-1759402281
-1982315387
125461567
-127108861
473146076
1105372133
1113022535
1154120490
333876664
-636503951
-315338280
-1239263123
-858255199
398871794
-1971347646
-1399073529
-432685352
-442529379
1809221148
-968539311
360227419
203756344
1034706950
1241973093
-787847153
-1758794134
-1936789668
1555486114
1914638206
1387622518
-609399623
-1495925594
10743105
-1535843151
1530550683
1628081230
-1078159915
1590466114
-491760406
-1389393285
-40765621
1050751428
-1304948800
1010426027
1027076484
-1332955868
-684753816
-2053917715
-1794365902
1095857097
-1312629777
1788264023
-1080193401
56122960
-1181330353
1115423651
1358942480
-1254510608
-594523559
691616965
-130570257
-1490890009
-559719868
69508614
1197134321
-487127631
-1189632287
1535925648
754666867
1722779847
