513389690
549068332
1304878453
1867015325
-997622879
835277142
-170348941
1471801433
-1995164462
-1891031730
1036050820
846883483
-1233059192
-374034094
-393733272
-1446962351
-2028454246
-1083830136
2053893915
1361110430
-1176387628
834240891
-1342738224
-362112314
-1460762312
787987068
233761610
703743012
-161514160
1485064433
545391001
-983714658
-1437906300
1987628895
1767974080
1756018323
-327731921
-846222954
-1026940067
1456726150
1691774566
-412239931
-592195144
-1174103177
2070653142
1470960742
1474495360
-478453479
-574976781
1587993786
714203739
1231949472
-1552682349
-1752139292
451419834
-1617707960
96530612
-2057423191
1074935358
239672325
1261723459
-1417050681
-1735445676
-609858282
300934623
-1807947779
-1164518899
-1298740214
-609499953
2018835220
537211773
-623970225
-1976064198
-2139971582
1032586524
-1255296647
-92222382
230747063
90579763
-1183118215
2125670397
893524847
-1454965252
300605108
117076833
-1922571983
1173261695
-1718250667
-1438752209
-1381582690
-691996283
-328276315
67202159
84931028
-315994768
488860567
-1266559375
717001367
-986914692
496547896
-1964396351
656227068
-203160039
-129269321
1221800412
1031650344
-958976099
-1965639582
1007023331
1083734099
-398181837
-1067540378
268374729
1357250043
-282811659
-1348039648
558773711
245595727
1761266957
-1349472039
492599252
-946533923
-1293767117
-601780014
-200138405
-1437638613
-1204368840
1408839338
1117855931
-891321528
-763441124
1790968222
-753651985
-284588218
-932199174
-687345364
-702122241
-27243012
1000672288
642039636
1537380795
-1611374523
-850216923
2100299101
-661416132
-459870326
1679468416
-1682860513
-12884033
-1749278794
431189079
786262517
-1132672449
-497843034
1338014897
1055222105
840565969
-528142594
965102828
515980714
1950044681
-104281419
-1992847366
-52790392
-1520593710
2054287957
-883337243
620762028
1442572937
-185670791
248276815
-1309162209
993662923
942714723
593978366
-444185597
-850056758
-425149246
-152223318
1779540815
-1757050698
379085204
-124462844
1700058368
1949391247
573053135
-2068504471
-494785793
-317936669
-768037630
-169844705
1895322055
1416980454
-1330781736
716379782
-742308243
1984102912
-1797557271
2072061147
704376824
-1820769973
-1192893664
-758763287
-606839565
362331379
366255232
-132881687
1076925122
-1595256015
799766270
-1659696806
-1750215293
1560084530
-1968419522
986520439
1585667067
-1047550669
-693203763
-1651376265
1405044524
577622423
2146221403
857760883
1853784871
756450714
-1073368215
-1469326196
764174595
2017621413
875040255
-1487045222
631706207
-2115841754
142089038
541264096
-1790574115
2135870641
24719873
1312147460
1962172380
-1682395
-1808335008
-511914655
-1137915174
-53182481
1390053528
2076486438
451405810
895672842
1276305817
-50795269
1270728184
265713516
382598766
303543807
-1280034405
-761661733
-732652555
623018847
-271803951
-902733343
1218459183
66517141
-512092953
-822689270
1277093937
-1351926904
-707462207
-1183931000
925660657
-1220593278
-596635640
-896317747
816012621
1900152976
1877393453
-501937653
414696880
1091251868
1812567193
1528685970
1798008168
1059025280
904398124
-1994914395
-493026249
1975778780
258962670
197375520
643116754
2139473934
1969774219
-1617076386
1207687113
-636770699
1452258764
-1823112590
1477155253
2103598444
-868199170
-350897493
549684032
-1009908098
1202895249
126335609
-1770354983
1271561040
-1923187587
785377432
680646585
1943009224
1788703839
-945742312
-253046403
6430648
1567055862
1398553805
1163948752
642043974
955720661
-866110512
-1577697964
-1447979619
1442947737
827689759
-1591257191
-1674443504
332112332
-226231290
695181659
646062919
1597221510
-616451445
1010068069
1412367256
1156082289
-1369038268
233002329
-1184028370
-159959486
243247251
1382255791
-1047237824
269021925
-1256056887
1900620059
-1043285050
-2046342814
-862284836
-1120463337
778880136
1316427821
595064940
-1163130445
1521636508
1931785836
-733768449
-760364861
-880135935
-1174935390
1912279020
-1992806767
1554048269
-1012995913
610556035
-1570734805
571274312
-1938210754
1547417615
274208100
144761722
1969935966
-1331798909
915047110
1524594495
1212554551
-728582680
-1326275492
1195915561
-856252526
-1245356178
-230350983
-1330184018
-155676375
1990140711
358521196
1457813321
1466502603
2053706953
-566511803
253253947
1137113051
-88572661
-1256012583
-1437562442
-424511898
-968316542
274821139
912591521
-1856284791
-2130905251
1586714839
359097235
-786627762
-459934908
916727157
-167855761
-166696337
1326978311
-777645812
907241442
1152074349
-1304998427
-1701525954
929465041
822555103
1547539451
1163737165
238700358
-932027003
647262971
1242873798
99940975
765676499
1929439866
2036791412
-2133804021
-1044360381
1561589722
245806609
-36012491
-1095123887
-968003499
-1115866323
182186198
928003987
2026519088
1093292433
-1357000575
227960129
526133774
-676120172
1479813223
503773719
-1506616424
-582218651
-83734900
-1078826780
-546029677
-1525127281
1372259808
380990153
1716597396
-350641210
201036065
719314316
-177902673
1762048866
-562701081
1353647521
-1834595477
899047192
-622507452
-1610087093
1163134906
950439985
640759489
1262399775
-262231854
-1228880032
1447928774
-209719144
-3237479
1472600868
1160364449
122098516
-2037242481
1321911265
-558536415
945191135
945105440
-623410464
769042459
-1470111363
1321479227
1148645420
-340667361
134400074
1564077039
782486808
670483563
1483212098
-133868778
-1613757196
875660346
-384477486
1397125202
1538360589
1597159871
-994509432
-2143840612
954813931
-1885265523
635058364
-1954746457
1227440094
-4547717
-1807659545
-398223498
684873149
716001973
794455517
302164771
-1441943203
1775434725
-2021439463
877432257
430516509
106718246
616624293
-539591101
-1177866325
23349024
-1441121628
1662555854
1984890346
902282296
-808368502
-861974070
-24982686
-379024796
-1447375972
1661270487
860508555
354756334
717454624
-1850201654
2043028478
-1822281631
-1587220789
1118703810
-322973415
1160299684
-1986820509
-373856911
1805368731
145566219
1876147454
1501672354
-1646215777
-1794553517
869180985
1978763178
1315131432
561562156
-619508376
-1717005351
-1566503559
-1260944269
-256495541
-1884400937
-1142055194
829488411
-2025499781
1323951788
948941515
-792269167
-265488235
615428965
363945912
-1545662494
1993308051
-1671092390
-114154482
1534168940
2023993279
62335479
-523255054
-529540852
709718451
1054236189
-561610516
192146187
1584907670
-798276542
333383321
-2121399687
-1422009249
1357875214
-1747538793
982151771
457117356
-658038309
-1358264158
124743493
-1385413495
-2144824095
1293054838
-1101346240
1930448678
-1684742024
962443215
-1053893325
261307409
1617935061
-1802628801
1418195771
-1730875081
-1073497610
1216452561
-511515964
1958699107
-789491754
-1586779068
-1679257548
-1890291821
1662514702
1294702627
-1623563512
-371670952
780350178
1474309959
1644120261
-429951332
-1189822934
106972712
-1682257598
-1811080895
425745392
-198960239
1161043304
-1150476955
-912290738
-320445511
-959693760
39959205
-964675593
-1306995091
621688031
2048650042
1361856662
827448288
-1952932395
1406018990
137660727
-395197437
106281710
101411182
1003958619
-1781396095
-1482814499
-1925969067
-1893429508
535808629
-2032542283
-1435283196
-1457223876
1844025048
-510415314
1532508559
-331134719
-385267534
2042432369
-975631591
-1550506108
-1634206596
-481389080
-1620116841
-1622077799
1416558347
-324641084
-901327493
-1497269701
-1505092946
975665079
1250510864
1794325137
1086624748
-1826198283
-1836345856
-338428807
1384334932
-1855870925
1695151126
-1647289693
-1133269432
1112203479
-200452173
1738167085
1022384681
-1514371598
-164814440
-87260083
-1098102531
396789224
-61248191
1976351999
-1956743367
-212446983
248737409
-8565983
-1695910953
-2015158972
191676896
-1169065382
258259648
-901659178
-1691060763
-1339075370
434813709
-1348237279
703384726
-1380523107
770016818
-1668983909
177374449
-1146586508
1563684925
296831947
-663257974
-1856338259
286455
-576209012
-573441626
242143899
-55155160
741745965
728593902
-906873396
2119725965
467063515
705053952
-1837944734
2039539271
1462464306
-1048477453
-1721781312
288431670
-820634954
-86683002
23080956
-1211702744
1787076767
-1604721263
-686758603
1673985955
181493731
-1738089459
-904662280
89795875
1865186965
-734828357
-1694901680
1740267809
1320802039
1282884052
-279720920
-1591565674
1748241048
1621856279
1356215817
-931529164
-673999261
-1532700220
112714691
-1810618631
1399627866
-619864815
1852131389
2015183406
914941657
1767604077
-813910038
-1379990064
-846116557
1536850849
-1287373645
340747764
-777174343
-956330567
1330415531
1912205404
-1979237120
-335057054
870125906
745659409
1692090729
1376071302
-416490395
336614792
1862745738
1524827265
-1159310739
30661836
-1365280962
-761984972
500017959
2005252077
-278825572
1101189970
-1483138332
-891558950
-1701848890
-819584061
744740964
-554396917
-1602281236
1004371308
109069512
-2024856936
-911481119
650009424
-943744734
1635623945
308713039
-420815659
-1092254861
197511615
371503195
-1097350213
-645697085
-1729647545
1229421124
1683124432
850076731
1869492908
681088835
-629618059
58450197
378788640
130514890
1795174203
-699055109
-1322849802
-785452789
196263742
2119524299
-800808279
1675508191
-1335176083
-1789695304
-1680931267
-634844490
1952689741
763038808
992506288
-1136835814
1085556121
1787973764
1718919404
1871552342
-659745096
554485661
1775575603
1241358525
748781796
1397963923
-1930059608
1517623787
1634174652
-145689542
1657832610
138654641
12218283
-863242402
829053152
-1860525222
-956682510
-1466086862
1695325186
-1896139429
650899821
-1618064763
-676280809
355916045
-1989874458
-2073910978
-280035405
-1292960397
1395592660
1868485774
1584428167
1826844983
-888481135
364614380
1974643421
-277074761
1768011844
1527788393
-1543088392
753737152
587025613
-1494373970
-544360599
1735898244
1618462246
-440349140
-1047589274
-788884633
-1124788186
350263907
-1409201363
1079653856
182150505
-1952821976
-1153760589
-480053805
1133926652
378317849
31815466
-112618955
791527882
-874834656
564128913
-1907627898
1753200765
-1905948312
-327161071
-465047065
984232617
-1788135380
-1446206606
-2089946394
321316595
-1227757446
1918149371
-143785780
-1358249158
98895981
546569372
1101273891
-1235158029
-2021753475
943752194
1595997028
992547243
1066868043
-1058143271
-1955131145
727974270
1772122259
236694491
580085008
-137440500
-180266964
579080253
-372061475
-1339884384
-875035946
-2086774561
-234583054
727273496
-1405518300
-626709110
-1734006292
-775115042
-1444177892
-382008017
-118553980
-500584484
-516639465
-1329849661
-750047716
-2056203505
1610777864
504780552
965838062
1634418617
608961927
-10474826
1234398928
1882725051
74906305
-394866430
1123322339
1761128218
2085893716
1685197586
658562746
1077928218
-362768259
230190527
492974048
1663238450
1484432666
-1522949371
-221471726
619580672
-1462294731
-1497871177
-360891743
1623993766
799286911
-344420479
886216721
-865385991
-19417100
-1197920184
1968238607
2136217081
