-1242600114
1583235517
-32769417
-223843102
-2035431485
312812311
762328545
-1343696627
1253355854
-1739514395
-755292909
776921451
-1306084172
2119431239
-801721603
-1779781992
1189576093
-253054553
-63584402
-2084004957
1746365038
-1636055233
-667259550
1087134613
-422760579
725821256
-1252442241
-856522256
-442314968
1359004271
216977890
-1471455911
1031706478
-2000968701
-1221607401
1843079919
-887098149
-1238934875
-866998816
-1171215854
48285918
1766750766
-770372787
-1869332224
-830205324
882767802
-110426183
-1907239776
1399993556
-110635474
2012219368
-836600031
1341728606
1517921325
-1805946763
701782840
1022191010
2099567193
-2044338675
367988089
291092465
-794947829
-2075837073
-1764322169
19001488
-1099637016
1154923610
1378266022
699753561
1011726600
449446262
-1640633811
-1225861783
-1824875558
-1781458955
-535162812
-485579740
-503927446
-1836709281
-1616080301
-2126889977
1502545936
183026380
-1527147808
-1487622709
1188696208
-1988239139
278513177
1596073635
-1354615548
-1753802658
345803649
1163005305
-2093679315
180699022
833471184
1103109110
851691498
-2123057992
-700610479
2072030146
-1203559299
1890413755
-1454498830
152424476
560677824
908123747
-1365302093
-573069188
-2020901834
-1504809390
1818909196
-1683481527
-1866921040
2035967507
-1915776423
-1939875142
-1870289891
-1952563063
-1730462737
-1931975017
-82049114
-258174773
-1352440032
305322825
-785159264
-1935714281
1111500139
1303391713
1502258811
-690682627
2067703939
1736762361
-1917110622
1516190347
658604669
-1075247949
-1045515383
-1526774571
1517176666
1078190726
994374326
-1560066571
-565907345
592588172
138702212
700322627
928083484
844879706
-779027442
-192373742
1680863654
-1556241194
351722942
-1723802013
-665137375
-39786131
571666766
-110132597
964161394
-785288852
-1083720311
610349046
-1007937395
569651857
-1606304639
1822038808
-883893280
-255316967
827581094
203234925
-740310189
-98247646
-554767657
1212818599
-272492180
-680360675
-938421084
672983483
-744502811
788836619
-347603157
361546972
-1881756028
-1326959401
918202311
1168531674
520259066
377854676
2142065756
-47480396
1254687530
1989868227
1218415144
-248765828
-311602250
441827647
715051177
603211916
-1294917
1646389056
-99390319
525752666
-1178249524
167803105
-388369772
-1252028368
-1109938492
-1283676749
-2033856517
-1445985886
624190528
-1202860390
-318076060
908596984
-1281707158
-1564195534
1328293182
1439587396
927771974
1682183598
165995864
651999929
1385221399
1122118666
1834284066
-1995474231
-1327692604
-926741469
264794735
403732497
-867262676
289926264
-1932907333
-121963886
979106642
-1195301502
-902525325
-477591402
-855744427
2092412185
1865666027
-1293951261
1175745871
-482108216
-113853415
-1833897714
-1180200727
-2136514519
506631967
-1777538913
556267778
-1278568926
-1999935495
261483034
649042397
1964928813
-680952607
1869971750
-565110251
-81896024
545759510
-1825273967
1044426144
-1404463060
547535836
1290750335
-1129652234
1321342910
-552527887
-1985911433
-206833176
1808388397
-1832822131
-1326151399
633509412
-681428535
1188306779
-1153914924
-519232883
-498133618
1738545496
675957576
-120699062
1584158446
-1148782669
2118684496
396208696
486874091
-589512226
-1921135772
506192770
1733069542
599679189
542480676
-1813406136
771508677
1816819908
-1064792553
1637735258
-1713362698
-1290808295
-1668757655
2104870082
1533199936
2050241301
-1345704310
-1367687857
-1813901485
486809644
-1564238675
-655275617
1624331124
492919577
-539981590
576310722
-563990052
393403883
1094463845
1287692353
575746766
1153412604
1886129080
288984223
-212504553
2042385595
-730655131
237239161
-1162067971
-196705927
-464817091
1623042250
-1648056554
1293962004
-1753377240
-1474230336
-1399038243
-1902230449
434855495
1230983739
23927140
-952855490
-421475522
-2022238272
-293497708
746450697
1201305301
-1080213155
27300411
620870477
1564400770
-1726981454
1763753640
66587315
-2099700590
-1248497728
-1663208937
640644230
783912665
1658545514
-537499093
-1812347146
1000970144
2733893
-1545144012
-962729154
-492982472
-572133646
-622120709
-1944181224
-90842594
-913919509
-1816061584
398277580
-1350984490
-225497984
-1756346855
-289578537
-1872423734
-78090627
160265662
-93194954
-1096977630
1658727709
-1520690599
-311317629
-1383742407
940142452
1880845185
-2066859564
-1003308454
1674562745
1811950994
946026392
-1512046676
579220604
-389096261
1568219792
-816713394
371775743
-1303766192
-1213538457
-526259911
-911069264
998941767
184783537
-1458380099
680002776
-60806642
1477154677
1235327096
2139958391
409372011
-1864218033
-555045997
1853034766
1738926545
1739638578
-731318897
-1379071674
-94778035
-795272925
-349122895
471751356
1951552763
-526359575
-1520777240
2054121852
1460825411
1291799077
-1842794379
1106846114
736285849
723048562
-1744717837
-932852079
986640984
-63937073
-996392954
2075627859
132935760
-141722038
-2094779207
179482095
296813950
944754745
-1837967481
1127265905
1415855102
-1242309450
1605763214
-1262975145
-1504463370
-1674373578
1164275992
-42299585
1386563256
1589529064
1596294166
17298506
817176971
-284263488
1828727840
1799012864
-2137527295
-985642139
-2011880248
1393818891
-2087940051
-1525899493
-171400868
-2116704853
151486940
684997230
1437837503
-463967234
-167075452
-1074654475
752214916
487096545
-387595878
-1847403331
360620208
1754990756
512212244
-864670789
-877200199
-1848998034
-1603074587
-2093742310
1659472154
-1000209152
-360288066
669610871
-822308607
-922254188
2109925772
-1527795760
1093885707
-1608385294
985401696
-1119774776
-512270517
-1843082289
-576593011
-550327846
1565409819
-689896589
22264263
1690466285
-1435413824
1120721867
1363701344
1118193082
1210472271
-197169476
1137929022
1453731933
-784145949
1575525658
1296185529
142185772
1001550498
-2032943441
898338505
-141833064
21143313
1133115265
-727031069
-1243165658
989478142
883774135
1212024742
1395251441
-891808207
-2137140105
-1207681503
-641500580
-1507286443
-1358988630
-1493015671
1361430758
562663772
1742576191
958340944
-520057242
-1056749876
1474683084
-1572771443
1809822218
1773057549
792760164
2021633842
1533906357
-1094223337
-1181042405
-1823079119
-1302156837
-854239172
-1088113281
776924817
101214305
-486165280
854697571
1993500252
1119462421
-1077041581
-1860574457
-238712045
-1013326949
1143400556
-1991895813
-1617908975
-2035585812
75109535
-280813712
144972198
944184468
834222637
-1706585883
-1036408501
1594062862
1919100129
-1747837638
-1195484167
2084103614
-1763746893
-544020555
183371495
466416261
792809933
-1070745289
-544734148
1839873056
450017202
1746314004
1728402515
-172890753
-898739951
-1820938689
-281672276
854533412
1719280428
1865889029
-1080522715
-2007572781
1364783614
-868751477
-205456629
1957104624
-1791999030
-1509338973
1755458437
1539242019
768076534
1225800121
754493286
-2042438663
-190408242
-1966678301
-2036532802
-1813239571
419081156
1384475400
781207187
1177382470
218801594
-2013757745
1912456575
594274188
-1165654111
-1401892877
1534653531
-1506211743
-1754512877
932970341
780257570
-790387891
-2128097438
382575707
-830181811
1933462208
-1688601490
-1913955120
887880359
-1758012070
2129060965
-412017700
-2095745925
1706847044
1017509827
-779149674
-851341868
1859459573
696789387
1121013316
1274720876
452715309
-1366045894
-1457804510
1457476966
-363318297
-120675402
1575523743
-1882749987
108509325
2032476452
1278710986
171201635
-2026509529
1545627344
1450920400
1066773597
417509107
-2017143954
221215610
593124222
2028473291
1151291797
-42456377
-1482601605
1613351657
-1607629169
883772122
-1722540697
-1351767815
471907454
1208474479
1728977247
1697169744
-721379419
162531311
-1544721325
-1628768585
1026830347
-139406770
-1684046603
-1889010135
-1779700067
-523770334
925354198
1373180111
725576198
-1295423286
-1799280940
2089951351
1861030465
-1148599252
1832077099
792773719
1167802509
-1246678264
-1791609607
471694484
1843791679
262301214
320249795
-539544240
-9011427
-449028230
1616178695
456333091
-1916992602
1786234878
-1098056626
-1396668912
469681202
1371066255
-108823311
241603230
-1318365747
-1799426265
1225649839
-1774442202
921533126
-454197776
-592909953
2133475727
-406925093
1431592511
-2022651454
-802060844
-172343273
597873981
1612640742
-435987010
981954861
-1671436898
799383324
-1594600986
1705697628
-1878593560
-2079132561
1224050774
-421246474
-730494067
1475628849
468481109
-578877500
863000677
2088688012
444565754
2141871984
-884385579
242430850
731021487
-215702197
1173328235
-356155797
1922420450
1629827990
619561811
1814756057
-1355600806
-1646860687
283597221
-888653764
1237257028
-1670000918
666677458
323481853
1894512093
-511479809
2063309415
-1505968121
-1655447636
-961800816
-760621535
-291800108
-1057275749
-1264321742
2046732808
1100601136
-454575296
-1230370136
1449624049
-1752657323
-414769217
1807476190
-1811091629
-738321812
-159007925
-147464022
-549907623
-1989372324
-408585861
1271040349
1690276573
-958682833
793282953
1666676872
-1052761242
2024700953
431260180
-1992895468
143355918
-919915169
-188045114
140277378
-713339776
127875610
905581539
1697149604
-1014368212
-1911824673
-413616510
-1756574075
-1236140278
-1163186772
-994255265
1672832819
1213460026
-146001327
-464154117
-1616493712
137422286
-291445606
-1693418820
-1779536168
-748011684
-259008238
-684057056
-2054335025
877127186
498590780
-1874348717
-1699120029
73258093
2055078547
1105345261
638748737
615570245
-540053431
2084980710
1387158468
1384407905
688221555
1582233425
-1836232053
673978313
809341021
-1954987795
2025659618
93315869
1043447643
1191845476
-60544604
469914231
-1322835224
341020256
456366437
-1962239026
-1410486688
752406782
-1082857520
2027282109
875352904
-1457477242
-174348863
1747216559
1149270692
1971004958
-1736397072
1214785228
-249552502
-1393735581
952540252
527073554
-1970200930
-916484335
-730655674
-747454178
-1993662312
1221058372
-907280143
-1538297140
840113708
1759640111
-1413431976
-461181233
1242154220
1056442459
114540209
-168955497
-2084265849
17611760
1518295889
1716874445
6545298
387456960
-292434826
1649121621
-375006903
2102699805
275303138
675892268
1238230239
-1730364738
-181781412
-1816073471
-77891156
997458483
841161964
-1616361581
-1625621698
1922496488
1408146030
-1017984269
-387421809
-1254279323
478081410
-1880864875
-1564467657
1088437511
236370270
-2119200568
-1613410163
-1322617912
-1896588785
-510129212
-1799087301
427218697
5063332
725671892
2033782469
-224175501
1769371444
144593020
-435611739
-473062335
-1027739760
1219857618
1248393850
770610409
1681113463
-1345092948
1737845718
1722897191
-1470149335
-164823246
595520672
-88119775
-891422002
-1818464128
1122749703
1720553506
-1921212699
1812965288
-892991260
-380159742
-1693863211
-1831158667
745641091
569583746
1712715489
1109869121
197839588
-146496756
-333410974
-778960578
1302467117
-1828717495
416701988
-274391914
-1409917728
1481391101
-662308767
1250692164
1541704492
-1935841977
453451384
554739469
1650433147
-1200039748
-2142363279
-1812607254
1967158053
578668160
100898684
191650389
