1216257377
1060771033
931551510
-513706564
941735915
-740993043
-1777413068
1403469919
-14103005
-514257998
1036976391
446806246
400275274
1025058658
-1738672207
887165107
1178058862
5280011
584679822
-1874644146
-855104163
-1149372859
1256046375
1197574730
-296167437
-1352982494
-1594775567
-240536107
-519923402
-1726292358
634708689
-1646026814
922655201
953111842
564702408
-1651479013
1042253096
-1936999247
1466335029
-910823776
-5343658
1357301080
-24777586
1846063551
-277403581
-1457371937
-1209705336
-328804674
486414490
627264794
-499004746
-1758635778
-479315839
1293952990
400452771
1330563340
-948387758
-234074903
1180493987
1208037898
1359623070
1630966446
148663615
-725000801
445698663
813814217
2131148485
-1582463581
-1605536558
-913253399
-1015906000
-2033830568
139372697
-1120453634
886094138
1443168760
-1277094497
1200703280
-588802375
1085557078
966650286
-1488160209
1047991387
-396183582
825649668
183272538
-1611161173
-1413804124
-942297853
-1366611303
-1356191695
2028402800
923579945
1961124096
7636121
-2143608173
1144637732
53815720
794522074
-37078603
917292804
-1936872794
1715759893
-519091696
1416843415
-476762027
-1869325115
-1123165475
-874686849
1680225643
287926458
-2022087095
-1442746882
-1650499789
1448899431
1040820610
1542415020
-1529598499
1473608319
455851308
-2089889137
328988411
-570093214
1851234172
-661007574
1133342528
241507585
1813720960
-58919272
222047074
-597318130
-2054965572
-1420628117
1838188647
-1469522935
974732131
-1557849791
-556151132
-1509537697
-306638940
-1577248787
-2084328677
870608524
458559241
852276572
-690012345
-1309530370
-758078977
757939112
-2014890475
393049453
1168660883
685133905
721531299
1700123922
666603314
1695352554
-1375765389
116545875
709987775
-667112947
1790055987
-71818102
1939099397
-1002879383
-675009307
-1286837424
-1971594040
678094887
2064510068
1561689447
1988115793
-1671691357
807361112
822230543
1172188958
-527216276
-971745359
942491759
-13882922
-1954669952
-1173473763
-999639305
-1628378526
-1715150544
-1589018881
456005710
-1312724314
411623195
679060869
-2076166044
1635077057
-1054209236
-1326353985
-1326027116
2069705011
798255872
2067911969
-1066783131
56197508
1776408856
-223284127
59808349
-1966178955
1784895653
-1486940700
511154291
-1266530991
1563425088
2092085057
-604448750
771265205
-1742015608
-785114425
-66670196
438205738
-882272107
396276361
-1996999691
21888383
1722607063
-1355464380
-75936992
-1822428123
-2084925583
373098138
686203055
-1581142005
-497109467
-119410216
255154626
2112626707
-1463049014
-216565336
1640574871
1623547064
-2117273531
-1258575565
-1384662862
880031134
2100893942
1509217900
-1407990630
-20495265
1183251029
1919866731
39456652
-1372136022
-1645876066
-105600133
368647382
-425869356
-1810710225
899305018
-1224276027
1082058371
-1527683230
-1909708223
-758522249
1434632433
-1080761830
1814733733
-1451848900
-355543804
656198125
-118597496
1255168573
772983910
912316532
1857837717
-1985706014
1122176653
1504449323
825504026
-456241738
1207516221
-56182699
295712688
1464237073
1758714371
1381710198
-1655125272
1909775734
657028574
-745320676
-2053295621
1684081892
-1031392629
1918732256
2041382934
451308189
-590892523
1219450184
591359442
-2066321294
1548080243
106908568
-1938124715
252360550
-267302915
-356324727
1126108411
1571868973
-1400848559
-1145616504
447321981
176009183
1402200886
799559999
-1232051197
-1518127705
126410961
1456259893
-245638985
-1313106144
1014341039
-1980964943
746400876
2136587640
-245024303
-838373411
-559068530
1388992816
2010421516
64051595
1093516495
-195033460
-634462587
1614584946
-1950977190
1486171189
-877623271
-1294622836
-8277048
1126694982
-467748516
1845683372
847415398
-708789521
1807317903
-995239229
-1498245071
185229435
544747007
199458325
-1913329540
1292567507
1824869318
-91237506
-890607720
2006314393
1985363670
-1348324616
298050354
1898929097
2143377324
-1986832218
44985667
1838280187
810386358
354969137
1946096349
510705997
687271751
1063572851
281460053
-1667840104
1017174277
1548527578
-1012763864
-288570791
-1934151333
-298125249
1742710321
950314668
-1269932320
-847551481
-1421562995
-2142325505
-554592289
-632339141
1846772244
-726264908
1049762065
681050631
1076147315
1828180070
937554522
-379095772
-379469128
2054852059
-1991407444
-1953096400
-677840303
1043165919
1591648812
-295676230
708683761
1835436918
1366640687
-1381082905
-1353641912
2035630651
-887609188
935891897
-2127606986
356797068
-512719413
546800589
1349301635
1468121891
-314590210
2100046164
199250074
1701918332
-1491126221
21632633
1275018977
-3120688
2053070096
6003582
1216482195
-1916527681
1070340026
-1926951037
-1862788279
173772055
457115967
1078531166
2128526421
338756096
-896147278
-1116087780
1333984238
30807868
1685278421
-1703822921
1951355141
1955991695
1316934003
-320759127
313115911
-1809313900
-1892179193
-62211670
-847659048
1293708526
-1540205043
1971027539
663708167
41459435
283342686
709441093
-1733089675
-1024123164
1135430829
-1677668493
516488463
-42758542
2032855727
-571667209
-441645204
-1291037059
217800607
-1317253496
260997262
-1248193777
-1849773745
1334841694
-1581519192
1637566245
1987836497
741198648
-1930335288
302569307
529511451
-1723974139
-1191416623
373546994
740821251
-582629842
1428025699
-416570123
1752745306
1379385518
-1655829210
2855795
550704641
-2089263601
1861813132
-578330700
86295113
618530911
-33127342
1291228911
452891915
899005157
611993362
-1137795307
1662081
163226947
584888380
-2094542317
-868367499
-1554987329
852139808
381893158
39105173
-1550073138
-713430982
652093021
-828684117
-1239387702
-482717599
-375631245
-56015547
-293710514
763545152
1585948010
-1882809352
-1726937936
1027048401
325703838
655251304
1375553922
-1425042922
-494150606
382987384
-1749029890
180058892
-793664765
2039346459
-104588724
-117867381
-161899145
1577660419
393348965
-104610925
1644310068
-802364792
576739523
198356359
-598311977
441278667
-900906274
1912436429
814545858
422512457
-192171891
1518246444
-1960968863
352379981
-578189351
-1233582048
-1130274015
1267066349
-1450273750
160638919
-2083265029
-1413144704
-328552015
274076245
-1175332076
366475486
1139230001
-580312731
-372080994
-1211083394
-932399747
-482859880
-788850359
-1483332032
-1771507203
-1141612430
525463600
102561730
-972685570
1411617127
293101022
1666212361
-709927518
-641187224
795759427
-908712453
-1751383001
-1037671328
-860083460
-2068063528
1720251302
-1719989190
-943255580
1132097512
1095804949
-1590786150
1334004639
-698374643
-1218883741
-1903612677
-245458967
-709289675
119143771
2105165123
1332337585
505981201
1735833959
-868443074
1259478087
540875878
298815804
-907582188
1358264231
236696981
-136222242
-1723500772
18109022
1282823279
369424185
-1816344264
1386757594
1516167010
1548737197
584585127
-123047886
2114140369
936868829
88850520
1736871592
-810688130
-305007618
-696718338
-529380155
156444654
-1993496415
1537485303
-1596391472
168036209
1674457099
-452011955
1766064942
-2034419454
1861550578
-1943577861
-1403436946
1182228577
437936330
-1788195180
-616473971
-63837474
-1133239406
313975150
1730353364
-203187837
-907587627
-1465526478
-1335826734
-301601943
366431536
-1463617064
-1763146157
-1844404175
-403940835
1725906946
1517050704
-1243015349
2117668229
-1949050445
-1041981258
-1620867503
-1789752198
1094468385
-2008511095
1763070422
-1991545674
-829704979
-61715958
1899752333
-1004580092
1857682547
1938838902
180116740
639860160
-1359311760
1009272743
1955303503
-354673697
1496964761
-996445292
1763887391
-1363459199
1647047112
1964498693
108641909
589064010
-662666947
-2108261062
1854799012
93089708
91665811
-724236679
-186642591
-2054312037
1609589354
-198444595
-161902109
1882939056
-1679352754
591918234
-269137093
1045671896
1651243217
-1205925150
1114824137
1597629451
-1132790774
-112297859
436755877
-784584122
-1785910566
-1656330478
-295259803
1900072825
-719019524
-104652180
-736157114
43540921
191200782
-567571648
-567029542
-522313347
1168241301
-261488499
-458152353
-1819350006
-801334160
1694687155
-1223830697
1996715097
27527705
1056593460
1162522519
450571041
1352339253
-422017603
1374010872
334574937
-454447437
-2072120602
-505887699
-559771243
-1719667630
2062815359
-533914752
-658958812
1061080021
1848966218
1898323187
-23019022
-137543125
536096280
906216677
-1878990168
-2081592320
-561460203
445058653
1543078172
-1498643729
379451441
43911509
926574578
-1740329677
-877453993
-277806435
-1642426218
-118859057
1676602960
923658473
438488919
-2133246733
-1662359077
2043815891
-1555031431
1616124900
1276365400
-571271493
68246423
1768057728
849706142
85683975
239367407
-879357157
2109287668
1602150472
471614860
-1615865855
-1256869114
626854515
1723114469
-1172984369
825099098
1659073760
-1798838986
-1459082352
-1888648883
1680996600
-599833463
-1792806777
592555045
628048028
1970190147
609881715
402464283
2091038658
-1565136223
484898197
1368032052
1556711707
400410077
951235504
1878778881
1866357801
544469491
-1757091663
-115358083
-1754845344
-1108675914
155579588
131320513
1063299783
558860268
-131750019
1232599599
209682034
-924001330
-2104846309
-514015398
118014842
-1095156929
-1972540770
833524091
1925017802
654717075
131122850
-687235925
1034959234
-289206824
1595292958
479353264
714718158
-1195955913
-870444602
-1551581238
1958461038
1848588826
1883509880
139366756
-2114031830
-1836832981
1512908110
704427080
844315855
-548974202
330305801
530744770
-205137582
415567838
-1213278079
712397403
302162831
-1167918587
-1020327027
828017656
-1090376400
-429028374
-279541371
345021657
-1905022897
246213710
-1388484836
43806787
948965529
323583176
-1415476821
321482857
-180987732
-1971729496
-680146288
-2079933518
65811406
831006782
817175663
1804012934
-278022298
-874871640
-132713118
-615486238
-1440536530
135204964
-620558149
305285992
1222983638
80976523
1032841327
697898621
827470068
1703599511
-597303820
885831482
925259232
-26676935
90291335
625281849
-972053304
-1830468661
1679782059
-1266831878
-1983620998
-316682911
651280154
483607187
877338891
450832545
-963928572
-419384676
-179614825
156971046
-545674603
289773823
1217923417
-1353700149
1674406182
296669457
-1554521888
134577209
-1470383161
-1448629618
1916661829
-27677038
-957272779
-1861076493
-145786685
-616174404
35245202
1852838515
1496167276
-1013366622
1097797812
-1139990254
2050839223
-643642961
567448347
1798862389
-1347340342
226999909
-1097300634
1854078519
-400509510
513309854
1425351223
1809449748
-543532963
1448324975
370796175
-1126912266
611169239
1615861880
667985203
1351479724
1871604061
391603912
1160178517
651151282
78759336
-1234250581
376896619
-1484664096
-1497082122
-2062795319
-2037003921
-1794256628
-1899495367
104518391
-7448047
1390653107
124925186
876113794
2098546493
-312091760
2102464709
1682789806
1606969104
1523786732
-1237492204
-210268123
-165368689
1635363042
-2139673722
1716440690
1058860526
1700062462
21097125
