274011992
-27875028
1882496822
-1847011495
-670548853
-981512049
-1971686101
-410211137
-261428991
311540646
-960888575
-1455747772
-1446022477
1110755931
-323355922
1442801213
-1668834319
2112633370
740005124
-510980123
846840038
897891844
-1886054608
1184858173
928961170
-650190118
-1650576566
-1364610019
-11449632
-196666152
-81836504
-330723793
2003425749
-2110630805
-364504769
-1304382188
-1938084459
-2108337021
941237051
-1950842497
16770718
-14634780
1229559957
776826382
1547451013
-548730722
-1786391922
-306818198
-9471730
-269504899
-1657459642
607805570
-1740919827
1043434791
1412879967
-941980953
1922916677
-376439862
-2045504711
-1917794933
-1380826141
-1150978677
-95804240
1835814455
-1685137864
-1712812164
1195920784
1257214390
1668728174
-410510146
-1164926390
535091542
-2047221453
360223893
1177771140
-779191984
2108853165
-1769848363
478491738
-1879183776
1276357238
147555781
256081540
-859068129
-1048538910
1821074092
-644405787
-735713080
813470575
968305503
621112117
1297087515
-1195081433
-1884506251
305110827
1533663342
587285113
-1153373960
1153662252
-1265242673
1397329183
-1202629108
-1757498563
383734664
602204054
-331619295
1750555932
-792163027
2023452717
1603535684
1749126885
838691822
1670773213
336573239
2075434141
2027912035
1372373678
1813984182
2083910098
1434850431
1717548685
1524457685
41589998
-1271202865
-712309761
1091877154
-1414487066
1380867374
1227895412
-1625125420
1108136522
-2147303937
579121150
1074697977
-29838951
949177901
-1642429299
-1316250747
889350124
-1475986645
-1858626586
-1175035690
46211555
643541909
1193657457
2073308747
-634644230
-614819998
1961048596
-406475790
695299048
450115221
-1708545672
2078167636
-364337158
1383485946
-1082328179
-1981800094
-778565881
-147630869
-1642662222
1429166439
180614210
1736331404
1566207233
27559703
-664042249
220817211
-1723430546
394920278
-720551575
902147551
-1824531573
953103214
-452421228
292063248
767850789
857121585
-291544262
-994846025
-1333454996
-630179285
1449604699
1324970011
-1715629912
-1502433985
-1777553374
-540245688
513169053
-1911720747
2022822715
6273539
1108215892
-601551373
74818942
1548625585
-2053672996
-1976848791
-910100514
-1936580572
1335915297
387930749
-1758301585
-930237106
2105874846
-695485027
-1310111894
-219968125
-1349387307
1167734204
-1010216927
-1751938135
-716716527
275540131
-484669996
-34238060
695854002
-1466908842
-877020500
-305287353
636628194
-1720383284
-1427624361
909602182
1595980860
300327051
-2042448490
-180692020
-246320867
-811633981
1293853798
-1930475158
-2052122985
1289816769
914027961
-84167760
-5905219
1723993978
1725733414
1020372288
1069370353
778486682
314470774
-752216821
163715819
-1777820424
281525407
-1345385364
-1706378335
964007295
-897124664
-251435505
-2096792601
-1019282035
1143919251
285728323
1584038903
-1608262143
485526623
1400908453
-613394724
1550000130
-186228076
1518194607
634089178
-692304611
1087466531
-693582959
-1488197911
-1671972642
-502763227
-1067106066
-184338524
434557527
778966112
1685699654
665857855
-365416470
1843084976
1933443545
-1389416252
61676230
1482688937
-1997539415
1994949935
-1977665634
-182014379
-1200442896
-1895195008
736825548
-967592239
-539054920
656055396
1146416033
-1284143339
-607750830
1522795361
1093663498
-275131427
-486942454
-30850817
-269096163
1775709438
-1942386554
-1536853607
-773219802
420729692
-1384021613
-1789968456
-1394544970
-1937196488
403805166
-780564839
-1642382711
-1856996891
2086173773
-1301900861
-243201353
-718819465
-2050640805
1234038455
-577152616
1119859284
1099040284
-567671411
-124140775
-367841903
1025939911
684684222
499183675
400597895
1825639677
-1031549920
1449244207
1718098291
-225391067
-808845853
1895846069
1113794817
1681881734
-742706755
-1569447412
1712736257
803438712
944743040
234566421
1272781841
-1301314567
-370353796
1919079068
1228509553
1629209076
-1044686878
-1987392872
-1805708029
1792750128
-147899206
1921783392
-62594266
1098244065
-92417806
196342182
245390979
-2027638724
-682416390
892445751
828146175
1856099243
-522253648
1056058129
-462918703
484717032
-327491050
-267524681
1457623444
1872500234
-601091543
-1930809470
1721384148
1361379333
187801526
-1306631059
-165536922
-551717136
-1892394154
-561357824
31458203
-1321944767
-422017780
1358376865
940264555
491194658
-2100346367
-2055954526
1339663926
-1683702646
-1499675161
370578280
-1078877052
1983313895
-505521840
1569389339
594030216
2061246884
675736570
70836698
667169124
2091180267
-356689970
1204529759
-1146383359
-664210033
-30086731
-1591464535
-2012974838
2073653681
-869261068
-1586624639
-2026096732
1963187048
-286045756
349547369
1410581919
1058604527
2009524023
-1491970293
1881867856
-883392532
1979746342
-1753549081
-995812260
-494425482
1144825753
241404560
-1913267149
1560928115
553693945
368018042
-1195050959
1723982298
-913789876
-842215845
442850394
1226852524
811424070
1170995632
1830256472
1163892142
248410278
-1155071799
-163843057
-1005784708
-149046460
598858582
1995796862
-338872088
-1364147468
723370098
1265156851
-1815742394
822299828
1444188759
-742297120
-1831836813
-1316538610
-19062909
312747099
-1293205688
561376698
-938356797
791037198
-1033956672
1193728802
-817426088
-799232176
-1371336195
-1662236133
-2057266103
1671262166
-1431831463
-1034319546
-1338596842
-1389842895
-1458048673
2111631531
-545702270
2075214721
-50971535
894256102
811584663
1882449904
1360797497
404782027
-134360346
1349760755
1742102889
86709241
-506872259
1062605949
299888570
-1631626106
-471022059
-963713995
-1168886768
968106660
-337900609
1453046344
-1066605229
2065387594
108641626
-887707056
825395060
897761650
-21962797
617825054
-862841795
-2086590588
2056091501
-22423122
-2089389444
312380472
484806094
1607601926
-2091990733
1109477891
-1570364502
142186324
1324654973
1739594071
-359135079
-2036122448
167701794
-426058424
1717570938
1041257000
-1089283275
-2100552035
1558563858
-88033228
1857128577
-540898127
-1009393349
1903358388
741068851
-1035355734
580063161
-680381671
-223792940
1119850347
-1789873183
1080921850
1411079767
62772111
1610636232
236234529
911429133
2008485662
118269433
-639296407
-106445228
397572503
715354237
-1877343247
1046302135
-183482305
-1120179370
-633543990
1146569429
1534995410
-344793085
-816730394
-1666103499
-1281515966
-1821176315
-174122310
-843634048
75112704
-974051283
-223462892
-769854512
1700124892
763205314
-1454131687
-1847015428
-1285168337
469967609
2040293732
1104452218
1486086865
1682505480
1404297052
-1241754332
1876520875
-1358385774
-847678317
-1283178550
1208329914
-950407289
478355606
1286042756
1175783092
-753699818
-1615327859
-498203556
-1725012765
1294572052
1755764398
-1734807664
-1247607775
549912025
-1921253134
-1645684463
1099504001
737122825
271399445
-1577192825
-1540829722
-282531567
1132386002
1423665067
1412988705
-1508462842
-913924454
-1511672653
-1753024498
-862397767
-1524459954
-9982723
1157193145
1298070264
-1841027417
-1883536667
-1659926689
809973100
-1114610583
1620160162
-1313636818
1340376595
-1057065020
702453527
-312501787
435598036
428127177
-2132309337
-1691286590
-476223879
-1123610550
563776625
-1453853783
-1018075956
2094930756
-119725847
519267042
-550970825
1387552951
-1059437268
-589362903
-17120527
1259878295
-2026320641
1127770537
44924658
1172141153
-1265089263
1389998936
1384153864
677957873
1996871547
-1832507567
-582238545
-353339158
-878058852
422299864
-411951247
1327849949
2051778727
-1612540137
-1328150460
-1606214927
193020194
-1088479726
-741213321
-882098241
1118855710
340639863
-387223843
839326999
1626337288
-1471289493
-452226711
984192825
-1724786233
-553564293
342653986
319880052
128272163
28114570
-1544952591
730046985
-1790389784
-2141425621
1879362199
-1575074903
93048176
1259083417
1680366471
401436111
-1988827371
-285647172
-722805125
-1986062592
288542504
1490078164
1855226483
-786500709
-1530433591
-501617035
132517777
722759298
-993585726
710488790
179023549
-377848689
-1696464564
-420343862
-943351133
218573596
-1511923980
16880162
-547165760
1912584212
-1164781934
514119047
-674683927
-343032684
-983187379
-1216281325
359449488
-2103010711
-1388252745
1202149528
-469052503
-949445986
464240434
-870615743
-684306919
70581131
836809029
-444249197
-860457162
-1364008275
-1169808503
1490888678
404167421
513692368
1095252524
1885363091
385799429
993114939
1312612287
-897810172
314194038
860121711
800221022
944578709
-859656691
1922684238
-1188326855
2003900155
711673056
-729879050
-23873693
-1139464519
-931425300
311980063
-1945774194
-1769910709
1966115504
-1793093060
426432853
2007543918
-161976518
-43860118
17703722
-869507172
-1550771030
-83399636
1224489277
-1930975532
178293793
1830257969
719877588
-1345411004
-529562171
23746603
-2076164874
1116146132
-1872092775
-1777816810
-2003139554
-22952080
1975839369
-685315382
-1730335860
811629216
-1811231504
-1708079412
808980165
1373265067
329631248
638885127
-1789026656
530486514
299964674
-352288736
-142036626
289804914
1641127711
-875809853
-909861957
1393350093
594444940
-655012591
1679108145
2040286077
35667455
1528639173
142261886
-1590847088
1157828092
1497367254
2146848392
-1967620875
-1964976860
533192784
-1513200499
953593469
1451129683
1244888256
-1040629607
279442323
955471677
-273504151
-2070427794
-1272579861
-283141945
-1601946545
-651508385
1157445129
2040602496
1736822610
29937149
-1639176974
-1397658627
-498851075
-1784225439
-1554738057
-1078077139
-816340264
-875026806
-336310574
-1094805354
-1937021285
1440220392
-674852318
-62646685
2014223992
-1637859119
-184687424
1113979604
175513354
-535372007
-124992174
-267830287
-1239044455
-1445162067
-1824655534
-853759438
329786536
255187142
-222497074
1201509969
679552867
-397173157
-414927316
1503610657
1752125416
-956551991
826785781
-256538788
-970588003
1657991780
1259312050
238379315
121077621
132248919
1218264459
1465682511
787936260
-1358598340
-1764822729
-1297824613
-761023753
-262528101
715048411
-92984615
35719313
-902222516
-1318173168
-80835802
-1641631137
543268792
-1453015853
-1637166423
1628373574
52309067
522760569
-108040535
-2047003360
-2013007190
-1242527279
79316189
940346255
152597612
1717158652
-805669848
2006378684
2010199908
1007297220
1964352347
-704412117
-1947324106
754569624
1324036959
-1741305150
923450752
408302817
-834304830
956057058
-1491771640
459335227
206197561
857175166
-1456782237
1143612768
-1550411677
1652346277
396099169
126631655
1524279204
-1439952116
-80079629
-748657502
1372739004
386212629
-458447312
2108175450
1792227622
606273367
808031889
502920381
-2023786702
605122516
315832648
1461335756
1431468151
402950871
784686947
2004625362
1566142660
369405447
-794915712
161761694
-1664415598
-1974440266
-1463900489
1998323447
1566043828
200520817
2067354344
1712172594
1888489108
855082663
-568301331
1905325497
-218499628
1123836563
-2047950399
-246208272
1954818250
213924260
244407745
-1359672399
1584053801
-1072888094
-1577626031
1629135235
-436195581
841249192
-245171309
