-808017178
-407940303
1813563377
306262887
993812838
-229025031
-541981402
1853339147
674990069
-2084781231
-2087544866
-1844826272
1900635192
-1196491337
-479111105
-1734242799
-1400102443
617033079
503243012
-889964019
-1281161904
1372672532
1199046247
720793496
-1576162255
-749877616
1590434906
-2107642186
141828991
105836020
1352822799
-1142102668
-1569380079
1151126685
-1665428599
1362899777
936837065
1496306111
504655025
-819592601
-2116132733
-1019366969
1720843166
-101196714
-1070114320
-926994242
1946171064
-1033726608
515507884
131395533
1055968448
-2054693179
-788282072
1326523091
-304819349
1736355547
1478110272
-1105333302
1413669135
-275497879
-533136302
836707828
1369916148
-715889259
-1312195030
75757597
-1116196765
-1181823320
-205203914
-1625260339
-1279138814
-372815045
1219530702
2062487717
2019969976
-979122526
-1816519331
612256565
-1045893669
-923951591
-2028339423
-726000502
1986833477
838826119
-1890965697
-1681610170
520998750
-279069631
126219071
669808840
1827832299
-1996247404
1074833534
-261018713
-880234714
1373159687
-1968200665
-778234243
1624727796
998861243
1035441873
641065254
-1281569344
1595204562
487952352
-1284732060
688038802
-204623017
1105485637
-876262535
1511429300
1272319207
1925265665
439038304
169748393
2103390829
2002910109
-1129667424
1004770498
58027783
-225819038
765127797
35351576
-1580286300
1551808733
337447510
-1228695321
-591509852
-890297794
1860637747
1299629592
982006055
1789595119
-30618193
1524201231
-304782994
1169104881
1568952656
1018199096
24627980
502304368
-1653811792
-1927578207
815143208
-323262395
-1383653389
-939350497
1324554946
-2018292856
1557903347
506934524
-2138977531
731182985
536267673
-342297952
376430271
189797674
1511159191
1772975899
702948286
-448445306
308240218
20844262
1597973061
-460775760
-1019556309
1442073173
1517206300
-2134366358
-233081184
-1577383026
-1707732719
-249941907
1306191788
-72508007
1331248250
-1132576643
1430758363
419764802
1001867430
-1977519720
-985980680
737426984
-1357657153
-1912006333
-430189129
600119598
1362966060
465433838
-962284490
-769947393
1027797395
110548436
923957800
1718436803
-989994473
441984152
-1801948457
-1838014703
-797135781
976659945
366026372
1037104738
-1696447254
1967799361
-1982723197
1811614186
-59399831
775079280
779993623
336798246
1152998267
474285404
299175981
-1770305808
966472046
-1640871942
-683042744
-611008332
-924344905
2016136022
793970467
1439280468
484722179
-119595694
37504712
-2078418972
-1475032698
131845990
-1216503183
-186766291
-28661807
-1089236638
612900016
-1365630143
-1437717583
-1588627149
-1607837798
-9877638
789172017
361282107
-2131877360
702016222
1461133021
-890681539
-1391421643
-918320664
-396142138
899264641
1807549718
1522234784
1397439970
-1612826902
-465766908
-715226018
512486674
797177165
1522451179
-783728711
1913689397
879152133
-1241209837
-1014039869
594958589
1382799409
1582853044
397021942
421519827
1949553937
-1711673679
-2003086341
50272069
-409106380
-695223818
1311964124
1511211737
1925740975
623676686
-1540208989
-724229577
-1235611664
-1181289982
-1040773281
-119252111
-1642885343
-207864602
-1657426067
372465507
1434816347
-186852889
-2145541167
2029549707
830024025
-846755063
1913786931
963363682
-890641167
-1126813872
1953282801
-1626678325
-1098632411
-1100773429
-622216883
459473498
370875450
-1535807294
-677888817
-1324219637
1167025107
-31341101
-1624684809
1340199877
-206785555
104988528
-1720563781
-1165801240
1971574687
-762842038
-1364255113
2059018222
1891107240
261700702
278617134
-1233246992
-1248965408
462095995
1669902925
853435169
-154169482
-986407901
1525761136
1639011529
-1386658495
37189697
696443124
-539611938
519669412
875840966
348438357
1258112888
1144687339
1154168959
-1246788844
1234718886
936063767
969965603
-400218512
1212679205
-253556616
2092727217
-853001666
505542099
-875941840
1914042150
-2116850307
-1577114708
-728194220
900494887
-278746678
14559414
1090398241
-1058141219
1935024174
1843189446
-1524598133
-109265502
1155565259
-585636507
-1281025557
-169053901
-1331671791
-748624191
1154975950
-1794272318
-293016575
36102809
1704580043
505254371
-402743302
-1103215438
-1237657540
123429126
-1643665800
867230946
1504833483
1559728884
-1120428586
-650575507
-474912721
-1911521319
-1853075901
-1958178541
409528164
-829509212
798291103
-410292897
-25208759
577799053
-1082000771
167150236
2100070182
755929513
1267268780
-698649713
1517104555
1686118136
128382182
-1084234324
-404841820
1815836122
-1191570943
-1278384581
-1068327065
205261558
180927021
1766885147
1882803735
1351993933
2073739933
970225042
1941133420
572710113
1835163671
-356832512
-1612263362
-398136311
-601402681
1481262495
1028255030
-510885258
1433527428
1411881404
-806858263
-1791812035
-2002811445
1799852755
-1889819972
-211061133
-1897033098
-552530358
1354508898
-905910002
1362673289
-1638691714
1697250984
55617551
-1946154540
-743073966
669377756
1779639192
-1108470748
-1606335633
-1671776295
1925923211
-945529288
1633532713
-1206828467
1164558089
-726668432
574978043
-470903466
-1390283447
-2018800396
2035281463
192468759
1251721541
1819892992
704666190
-511392563
-312367628
385529839
963341010
1380107391
2106615574
-1625484535
-594771600
-123029257
-440839559
-2121462572
-223522409
1752646513
-1908998820
-1829164311
-23010389
1252466066
200394816
431914414
53066442
-94021194
53237543
492999127
-264361452
-539722912
-908582361
74790195
1080898299
1182093371
-529398577
1596791282
326579800
615100735
785663252
205809672
-800063336
-1542565617
1619530245
531508794
1399918680
-1600650219
1969820390
-1820258119
671221100
1833006681
1656084663
1039504488
-831970133
1443122843
1498757583
1691725293
-2036037094
2039695562
-598834395
2028009362
614780596
1721771318
2039385524
88441636
232963361
1988332826
2860533
-1051614318
181870900
-532441048
-1305797797
-284237757
1791624614
-153256945
-1819722964
67131642
-1851671019
579357018
-1273395548
-891230932
1599818781
72755075
-1899932976
-332548272
-861571298
203528901
1579146342
420883393
1144597222
-590957586
398244208
-769194282
223091966
-1826751708
1707395920
-342693030
-424886888
-1855303808
1782149672
-1559141041
1046688391
1473419887
1675993127
-753358092
-1603319950
188370080
-1629576802
386888661
-1629710002
-1359121021
-509326690
441681028
-1355884994
-875466121
1361997411
990092144
1228104111
1399351201
1627732384
1516826166
-1811843940
-1991285507
429976963
1372433424
1055795697
158794067
-1093165979
481745694
-769959642
-244849804
-854932936
-288175301
913539890
1742606549
1235872160
-1066934593
-1397735930
54972210
-1658054125
-1708154007
-2015174151
2041980874
75483414
-1804502989
-1409440533
-1891822048
437001650
845642637
-1605573480
-1133908095
1085167482
1512244109
1853197841
-1786284999
672697412
-729241839
1743097601
-1847344967
-399377483
-1959181829
-908757793
1113521991
466782413
-1171611325
18391856
1794678839
173631822
1888382736
-730891458
381914402
-1279830817
-67891462
1626611986
-1470260138
1465156118
2087957201
771605895
-28078068
-836517619
-1789229089
-913290900
435570802
-1641697158
2101555353
1650304101
53564828
-1265066268
984034314
854303381
-1906982039
-1153293092
-133013540
1782332107
1567783934
-1577439961
57531277
-181631299
-1830993590
-1733085794
611551846
1180002123
-1857468697
-1659875227
234370045
-1583759838
-13708804
1675861676
-1573284028
413557730
259412479
1637959178
-2099387999
1071087929
35023199
1562444602
-1645274735
811292689
1861524050
1782714071
1945010779
790136340
-535444823
-322658771
1224974360
-487377388
137408259
2124377925
-105641134
1528596811
1912943035
-779635147
-695609781
1576758507
-637055910
-248960216
2137755462
1286297336
-636232949
-959423640
772194022
-561827538
-1882990434
1069283256
1918808751
-1571778086
-1058807961
1898679499
-1844989458
633656584
-1559585712
-710512844
-1154979368
1814282922
-410514828
2021000224
-1699450874
626647317
-1040388271
1989209897
-682667603
-2003342662
719277428
-1347582045
331732738
-811698101
1031642392
-2011450052
2075043955
1842794039
-1448046174
118309991
1362326281
1212552131
1748591043
-25720451
1512582802
485805001
-2060845922
765705834
-1960131831
-1569921105
101931148
273567609
2037467617
693389873
542865470
-1530234926
-1538723453
1084160079
-1008746562
868663371
-536289667
179144416
1503112650
-2142935053
549760854
-148485177
-542730122
2145421183
-89400741
-1514758485
-1539174339
-1910957829
-724504802
1502449233
-1088450110
302940500
213518856
1325445440
1471418375
-981305287
-963244463
1714686645
-1719444954
-1995442102
1131957813
-456389471
1950198211
-621431078
1206213524
118737684
1811525423
838528478
1551659673
1550381162
-1520134768
142699555
-763054192
1125023027
1667277950
-545315918
963854788
1427122070
-1369028635
440987401
-322459331
432515348
-202284671
-472426428
-1379494704
-1470030490
-820573390
301685695
1726990501
-1623105106
1740019339
-569515319
-1456087263
1318141249
240894932
432216002
-1048823145
-46475719
-1770495339
-2098857892
-665002031
653302758
-1125982433
578769585
-113694640
1256598462
94961348
238647685
-270223263
-628460756
-2112656959
-1065388250
1399666778
-181543834
1277349765
1531125903
-834705091
-450125820
-562690503
-393386654
-1054811774
1874494637
-773572021
-667640897
104418623
-1068492288
-617051853
1035458115
668843024
-396676675
-442950071
-725056878
-1142296179
-1706732081
1258205025
-2089337015
-241437002
607354999
1482097553
-1585287898
826017708
-1196045392
-643157396
20602904
185689345
434563448
-1793057474
-1130273440
-1718559782
-1811483799
-282349415
-1756954969
-1147132238
-1504159168
1744713429
1534863152
128644835
-909022083
-138795242
-974122809
-92990172
2030597408
1748685245
-655774335
-431628307
757468663
-2132832042
-855565344
815379645
-511952085
-240773183
-1619430472
166842814
312947119
-506508885
1797405633
1826992395
-736323339
-1784832033
1323904191
-1973164959
-837099706
-1738052035
-1541529390
-2042601265
-90449480
498114707
11246277
284306856
347851730
-2025181703
-244247858
868660110
-1812454659
1863108479
-1622721147
-69353497
-247480974
2108331223
375614362
-73365977
1546048763
-567165104
-439725525
-741488369
1962003758
1381204982
-562870755
-1081559549
1190924136
2054792937
573749134
694400994
162466685
97812520
-665412246
984568100
-2018052609
-1278597280
-1657863783
-1121466013
-2128168563
1330286806
1980480474
783769507
-1343258155
1802283675
327051157
238205964
-435825994
576069388
414571329
1105068094
1831392074
-1363742150
-1080477666
-325422673
1823194628
-1630115755
-1324072117
965070578
486146962
-1265877252
253024208
1618448528
-1255555705
1637111906
-1344284439
698090978
-1461372089
102002091
-649747104
520953202
1487470040
-404774060
-1482566147
-1091857549
-494043803
-825999099
-686640282
759940409
949086669
1295584019
-1525410041
-1315433350
950848647
-1287887424
653363027
-1781475517
-691887082
-903131746
1867498445
-1821383040
1444114495
-1745755986
-1559442650
249231274
-1658032883
981743914
154919548
1300100898
481610603
