-278738157
-363069539
1879736524
-972335505
-1738052617
-45278061
656692768
-481939757
-1804116195
-274675260
327204913
-1905197885
2127118082
-129918299
-1781543350
2138473546
-2108089191
-360823900
-749236558
1198651461
-1122291349
834725497
1708245967
183791446
441537791
1252034522
-90863380
-420241559
-1318458899
347186499
-1529361105
-107960390
-821029416
729277628
1397603242
1172253171
-1889075772
-1111417543
-1316759086
-2041682707
1123607543
-1856713879
1188715255
1276603733
203779265
-1505045349
376218800
-744184322
-699143046
1611580065
-134354713
-459439550
-372373602
-1837367105
-28504750
-1660942335
774408731
-649671339
1305555275
1728494547
392890515
737516211
362164823
1511641676
1435366326
-659152811
-2122936567
-647602147
-1714673698
507762977
1215074403
528733356
-2146310202
-240628922
-891765654
-180654187
-92981191
-386242846
1319223669
-472129257
1593277958
1336781523
-328697532
-1373534879
25265026
-850789043
-179776785
336843123
-390333521
-1778811536
-122483234
449286036
-2033181066
-1688696194
-1819738143
803482271
957945985
1058980189
-331322852
607229443
-749989401
-952833239
-1269698295
-1849732334
1530023221
1764111917
1291473295
-1882155564
-1089597920
-1956555193
-1168931824
-1516648477
-2028153572
-597963742
1091738357
1942049028
-827274363
-1150565693
1527415535
42975822
-1391567287
1592344210
659572855
-1148790693
1017086453
1401453514
-2036633527
-437284544
-2094708640
236668776
-771543655
-334560247
-632160246
277165190
-1319585677
1964834503
766466664
483514692
264230845
-973389403
-1688597837
-1592695040
2122276209
-2089541842
982714210
-1156676318
1463462662
173210620
-349496769
-1847482856
2941299
895104646
464793163
-1210596460
292723181
-1460899015
98172258
-386833476
1543128284
741142977
521946285
-873822671
-881503675
-144841923
-1080853397
-1667536574
-1722080569
403386570
-1180442895
-1966928484
-457413983
317691200
506088871
-1754270314
1929143923
2141421040
1627502814
-1730756896
-1251441559
-510330389
1542567027
-1350681862
292902467
1696519630
686250393
-1723778654
-1195957290
1075899353
523220664
-317304411
-411934377
-482989870
-722933190
-1313852544
1843538490
-1264344110
1245141302
1002557199
786069781
1787878607
113316805
1201572439
-1061693252
-176256572
1537392720
1479521034
-1620047456
-851309112
-957812561
1290678272
348658610
-379917007
628711383
872375956
-330362406
159659550
-1064295999
1409820486
-1583226597
1085146350
-1493358098
-482528070
1725749975
571256964
698735808
-523998405
-143921106
-1759692813
-565803672
-732573631
-1941356847
-462781778
-1614728683
1566944108
1752086003
1997710464
-669435371
1368627059
868475193
-1635762150
1966849615
2020825857
-1952539075
-1866540804
1474102654
1159984604
-340982404
359488691
-1512839410
821168837
1568067879
-156819003
244257997
-1936596555
-420676251
2089210478
356037860
-1515379441
1572044789
1366047878
837316927
1621892546
-1631629570
1902842013
1739813133
-1091512580
-229165179
-1819544924
2076262471
1043246524
613875561
356909449
364638807
-1386834026
-130813076
-476848669
-1105193118
1549728344
279801535
1480136994
-836827115
-1909849969
1516853710
-319390180
508511621
433958389
334422869
1696138742
1187483831
1631732863
-2122340906
1712054745
-1977258159
2011253438
-1540243733
584894357
-2067179999
-1267991094
-1353352661
-1229354587
-1548292172
1241380118
107734280
-1479427876
406787056
29910999
472825329
817261301
-1482072002
777520606
-1632332460
-102627477
-521383149
-324224099
-1481849386
27628879
2119441275
-1027877924
1469362278
1842028644
-1898966524
1523234792
-881843019
-1210933234
1359473265
-225567610
-1708182068
-993728810
1360645633
1272315183
79880601
-1545819284
-912977508
-2115561296
1684691825
296857288
-2044019093
1787139874
2041565410
974483896
818619140
1130011257
1078927400
1238968148
1431441958
-448893872
835634421
-2123666534
-1366593274
639553471
1915208336
371033106
-1451379411
-1166949821
-986249756
1673211972
481680260
-1558122858
-1608713651
-928932001
-779503202
-879873100
-1269279755
-279113011
-1080417827
-200067268
-1714171860
1765520629
-1611365169
-449959884
1122112480
1465860405
1052716049
-535996053
1695981568
-1934714326
347551368
-1353422404
-35786646
-138089301
629668096
557023605
-879545920
1729607202
2121063156
-982257521
1748585479
-992352105
2087343411
1948808279
-1658108667
1265137174
-2021383410
-616619000
314334653
-2145551050
513604819
2124941972
204007017
1598623854
-697730168
894384290
-1491941333
-1029246780
864082754
566812433
-455343489
1271665263
1013139362
1074749931
180504945
483994857
2063252072
1799150545
-1084985036
-1240216612
722553786
1745143216
-803012540
-1146622357
-126852771
1281616820
-101520204
-1812166476
1678359850
227747670
-2102325768
-1107980916
-123518471
650456612
738808712
-531409693
2049977357
-1564795322
-1888612671
-1680525732
-2023888429
251796586
816947008
-1279273822
325548133
1050429879
-1000700367
-1895457847
-1774050930
918877737
-1240751426
-1589979550
618328239
287536384
1346246012
-1527664497
508055569
1370194165
-1491670586
2020675747
-1707986259
-1032279671
-1494158684
-1110949555
1056284094
1846845026
-557436087
337509399
-236086350
-247012366
-984183935
1937582086
1298451304
-1762097513
-598358512
-23619527
754340215
-2095622593
-1971572703
-1599393598
853779191
-546733125
-828539588
-203472272
-1066330428
-1804529926
-1288891964
811025264
-331427211
1620453887
1041131922
1942825681
-1461211193
258659356
-297250717
-1138712057
-1671068792
-199638818
-2045262983
1418163552
-1817206414
-1587797091
-1419399450
1508899798
-228356937
-814316568
17934898
-1555787651
1300328932
-985724718
132153931
-1341000061
-988325818
-54894956
322340463
-2012897766
640731159
-944093820
81456852
1684887494
-183112003
-1315209741
548206122
284329096
-1237444559
32748863
-1752109220
1647785111
283333667
1895678133
1512431947
699372780
1751334617
-1361259371
1759064170
1668520603
1344517835
-1482729557
1164255595
1234593698
303082665
61218340
1606425320
158670317
-355728231
1811547527
1612928621
-1006083914
-24249091
675881544
-1326220408
-1442493384
-719358819
2145173409
-1933665519
613558195
-1927780932
-1742469412
531792814
1397241931
480742824
284902911
-2070915293
941959590
1587568476
-1810977724
311424972
895939965
1503879352
-899993775
1474940906
605488335
859676537
51743537
-418740932
681527243
-1808451493
241172027
-676915279
-887474838
-2090857649
-1893382502
1859540553
1331081856
-1998906392
-1812517205
360029492
651573011
-181317129
1793440418
-1250269454
1427370583
-1192710596
-1988631638
713088876
391763968
1824248296
-1638569235
1816655656
788539859
1757841397
30653923
-901003005
-1561427921
1151975116
-2020226315
-796571641
1209488393
-1382424404
-79067998
1099779109
-1820231826
415607874
-125304097
1660925681
1421800701
1087528606
-2086658336
-2012776215
-426608429
779293784
1171783731
-1065498288
-1076485237
-1075165885
1885644547
498525097
916395419
2080917466
-317379196
647245485
-899141475
-1591901157
358983830
-478898985
1634387047
779144222
-1184417146
-363455011
-354037052
1724566792
-1273031174
1850604865
1026421388
1789967674
276741723
-1358740771
1867497149
-1536865283
-1759871633
72301803
-2118464517
486782722
-1068800449
1583794315
1795161125
-1023539719
-1850017416
-555729295
-81619254
-1477504708
-1940423589
-1350576850
1619112954
-1641656606
2084798570
-1536804379
-1041485070
1596156841
519074086
1075775229
-754555450
-1357141560
-294396817
-371160130
1392158263
1898962627
1382513675
1614607120
614380545
1533061454
-1536862660
1254428158
-2053605278
-1754148112
-695732394
45033526
-1486066443
395563368
1798165428
1894696883
-921320523
-587710809
1362596776
-2039147373
1883979293
-972349897
680193452
-784139849
-1256351345
1002441453
1129171253
1144235067
98255023
1843724789
55125390
-401728730
-452277179
950567891
1077801177
967417280
-87059293
-1951216261
1855365934
1675916116
1992251266
-785444612
230951163
1128280143
-170421163
-767248410
1584639770
-1976009332
-446678996
1558935127
-199791290
1357335943
42049482
-709684451
-1471861549
-1826467270
-1892889040
1521626001
2136868061
-1913872426
-1388845988
-778967853
370645154
1815446882
-173750418
-1561195776
1228584337
279931076
2138595821
-1381573375
1475943696
352070215
579819284
-1527859739
342796632
-675930178
-1268721569
134463576
529651952
-1928619281
-182411444
1379690621
-73585532
-1589226983
-1469747975
311818992
-597921528
655506333
-916782708
218738778
147115729
-22333228
487011650
-1193985310
-961066799
-1085765093
45494019
1686722910
1415806577
1834414442
866027020
48843382
-177792426
876780611
452138530
-811560431
812694854
1792712526
1497527626
1827855067
-570896373
1905955768
-1290484303
-162176559
-1422576684
-1780017872
-1040200942
1792309143
1839605947
-747674039
-2088242058
758905325
-679399836
-1010682214
-1593697180
184932926
-2096513958
545573710
-912200941
-213169047
-2146442022
-1925632851
2055574612
650889051
1601286133
289840308
1353191607
-1275442205
1905835364
-741898481
-1570556027
-444976916
-1887972644
940093012
-11539184
1660415807
1211948790
-1143503580
-428999210
-562532490
-2146537720
-848896077
1312164082
1596466057
-395430240
-559915159
2101834657
-428389872
-723144936
592554923
1738751087
733401783
-449689394
1715183810
-350531386
-301475214
-224677905
1306241688
-433815757
1944966578
882716057
-134362754
1235699737
-1101553929
1288553016
-1084496994
363246008
-1411240318
-916655681
-1961779387
-1569784312
516950571
-1703227744
-1013409234
-677825629
638228861
-1907846266
-1115001615
1543470296
1485696544
-255253964
93795711
-1295923401
-2112470658
-1864245866
95386566
-1485252453
580163861
1564333402
-1976205184
-244167370
2123289425
601145983
-1948060682
1222376871
-541101885
-1003745016
-912794594
230201499
1573481186
-1832182549
1833628534
32718173
-410721545
212179660
-167620487
375908023
607775788
36533687
-1374350717
1661886168
-1078339109
217115605
-191596527
953219247
1086976223
464532190
626634842
-1315056510
1201670737
-940059659
-2063479201
-1275805660
-2097641941
365941876
1856417361
986789333
1364107744
191466113
651356443
1936035646
21673419
1145237319
-91405195
1129582778
1648610140
1755394377
762813052
708813860
1803463927
1942928263
-1940900213
-1146690754
-421090149
-687535945
1388868903
1727178409
-1142135996
1593985435
-260859269
-1331909447
-582549763
600498708
-1202254435
-716812954
1610421488
-1528023396
-2145632425
1036884315
-927067434
57349393
-619878454
1193318321
246602604
-964940739
727534808
216820063
810728445
-448477575
-1639761965
32708095
-636381168
-1570198766
-1010109791
-80172791
1994268277
-2144035053
-1583834788
-415349672
1112041795
1176938007
-1850043453
484846704
64222774
-370847565
1354444794
-1369188926
962670539
-475098801
2055291544
-87303442
-91663069
2007608390
306117180
983180354
1597886414
-62820991
2043774818
-884283363
-1280059919
919741426
914424729
841648142
-1150199411
-331826662
2108160751
1004215888
-833605846
892332450
839673137
1725968920
1638531617
1180872038
-1263254550
-1545857705
1644930616
1899529506
-1355505813
-1173447632
