-946925396
-1373542115
1738362790
357210
-1216417465
808373840
-2087702762
-1780373955
-1038090159
1154803330
672646272
-1963748973
-1813714249
1380170518
-206047253
1999836314
2056871543
-1227745697
72543529
1178860583
-1572817443
-1202092581
996185144
-1294956510
406618469
-1424948842
189748199
-1388091477
-11515440
351496884
430805737
419688415
-365744512
582012974
1333037809
668159470
290508429
-802928474
1715049641
-1947347924
-207336282
-16976879
829327360
-396592568
-1506234226
1197392808
-1629387619
-2078286846
262058353
495790476
1337227627
-1267770102
525447985
1612154082
-1547362697
1172197098
356622234
-2052643890
763718534
210239905
-552285803
1158788118
-262711519
-1925353792
2004408784
2122952498
1993163415
-2051967302
-1391750613
-1492602687
-1610805379
-221243069
-690346643
798578428
395165236
-983143831
2041671260
518344686
-1721004089
-1395640653
1154353317
-935098743
-1607310251
1708062131
186941593
60742080
-1410855559
1450938302
353367185
-742856546
-1538719922
1299493386
-127277218
1782764716
-1836618597
1889353720
-1816424291
-1174321424
-431180556
-37876896
-1275149525
-1157365396
326782706
1185911383
-1174532223
2054558779
947434582
-1116236388
1846056961
2037683016
94492333
-1554646602
-1725944677
-2085739186
-832115449
1081505968
1224657318
-2002058905
1576504866
1332568405
-879119186
1463153828
-637740906
-318360531
1821680212
2114995603
-1982371407
390344969
1274233566
1685353515
-1891929105
-1155290468
1467038675
1643400716
-1238413317
675276738
-1287422708
-716963493
238312950
2094462926
1763040462
-1304411749
-8987815
86173418
1825009328
394467978
-2089012717
1241701984
822047898
1529302786
1558374676
-482721259
1186826162
-128230574
313962957
-1478220740
1245512900
-1761739440
-925811908
-1552468479
269144435
1140611495
1973300396
162459327
148909794
1625398893
1351090195
-195430042
1451587239
-960084132
-882021963
-67517357
568267680
-120022031
-1859971843
176774760
90630803
-912037249
963013833
1777370700
629798969
-704981960
-2037020745
1370671732
-1714277002
-1564411220
-917545736
556348430
-1008883591
85121634
1361445043
-2022785440
-219624266
206265820
1393357254
-1600308627
-953074525
-1470428592
-487999546
701649799
341394188
295723004
-70255393
522418361
1204604129
-739670539
766436256
986086130
2047925496
-1077050614
-1570621508
-37549797
770793595
740115453
-1347321472
-867544352
956083354
-1080770718
-988653099
-1446500971
-177104482
1728648744
-984056254
-924956536
-654882734
-276487215
-1578266890
1541050920
-1814835569
-1865032202
-1094688634
-97394993
-1374175936
1913505711
913937913
1502885105
-752356237
1591886325
296514254
-1417853691
1731977561
264686817
82449629
1456300373
2129654851
-643658691
853139726
1095906736
308067596
1231081487
2097982299
-788394154
25345033
1221874488
-1198316323
-249460105
-871987786
726107201
1587853836
-2038587
-1605215964
1920770931
-135927770
-1607419777
-904410076
-1369070725
618704722
1911454503
72738185
-1109937376
-1167570962
-1560344829
-498637701
-1743927261
1986692564
1317169807
-497059123
1117269394
1587282658
1747306516
719243459
-1936203481
651467310
86188903
1060994056
-1679292436
1122229816
2089998586
69904586
-248653422
-2066535712
-554601486
1203738259
-81548879
-205272342
-1804925565
-1362945345
1549026732
1445554332
1892427127
1653972048
-676769363
-49552923
1868602826
537853581
-2084060739
729466664
420142643
-818417708
-1844754921
81127204
2063668810
-462293653
-503570241
-938554632
-519357882
1677220904
-370434376
-190884517
1333578642
-1178875089
1820738786
-1141159114
-529497669
-1883915415
-1554838990
1947487444
1147498992
755232217
1760524842
-1189913747
578351011
1646342668
1198696346
-1090266639
-1467165607
-1737002950
335874478
1291761319
-1935755522
-913167038
744080741
638323120
1376952114
-456506942
675314096
574881445
-993020685
1051739086
2066808221
-302900735
-520957822
-1068566696
1805694542
202912210
54041262
-1450582631
1637851248
-637911579
-1159714336
1455235563
-2049012682
-1567508478
1262178633
1313459319
-989418595
-74613864
-823023748
1673869002
390498760
2123196722
-1651990806
796367173
1165363554
-875806977
-89906693
-1656069153
-350399938
-292036008
-806895486
1990571689
1902567139
1373027182
-219330196
-968490749
792311264
-1144260880
297456963
-361013190
846844373
-905791143
345112637
1042701002
-241595744
1814897413
-1792945781
-985075117
-992171858
1550785422
284032567
-611765854
1322927213
1705416045
-1688079490
1199766034
-1163949160
-1031762520
-1826381959
-1507518482
-743934099
-1025590078
217940323
-93020512
183474362
852462246
701566806
1568828313
1032378797
-1071372937
1490391815
-1130341426
-1181087915
1927717712
823733683
-869248485
-94102333
25497723
-1335481919
-996089517
1923814260
1957782158
1148015963
-605510623
1917196227
1298169814
443183312
973003216
116197460
-667819563
-245614634
1767275410
-543194890
264699865
-1229753977
-1234619318
-712730732
367817531
-1012838873
1090712456
647914634
-1709718116
439625265
-1076961829
573058659
-395908152
1005836748
1959949535
1655750562
-1157940142
1139511886
214809985
-1323453082
2125116317
-701257434
584522620
207243620
1382547317
1880959957
-18343995
658479649
-2038189016
1798992794
-1784531437
66874007
-883268694
-647107095
2063101601
-1868838516
1565458194
-441958256
748097441
-231783758
-2106564614
21240695
321989697
2099567357
-1385251730
-1127593464
-1124932318
-2118282040
-22650254
497595871
1969856788
-903592543
328988968
-1086574225
1421044186
-1125934851
2107475264
1551425149
641667466
-9684978
1634465375
-1550350190
-141518117
1668668804
1831327184
-1445227007
-1949264212
189429176
-1452792069
-700115413
-990037448
980610959
1556251951
1869812150
502272862
-1551211502
-2035660517
-889645038
57739622
1598780350
-1075548059
846260420
508974046
-1976416658
1991653028
-1880097240
-262424184
1241644552
-765057586
-98846098
-107571348
644292586
304466323
35542330
2000082707
719966474
728297164
-1326512328
1966526059
-96232981
-1364308533
-2063798037
-249369084
-1119278513
-1105108386
-1651801108
-1307388218
-1010657776
-1357384625
1994183902
80033753
1819558182
212238271
-357017631
588949180
1315181204
-407023585
-303680768
-966661363
-1821287113
62614452
1007810566
241981940
1164482889
-1787489370
274965745
27457808
2056884873
494438692
-1107291604
421034882
1172437441
63149663
1927021796
1132479349
1990624575
-252127341
-543562490
1087146289
-1764532318
-1446116216
520129708
2091347033
2042754477
-452826794
279252439
-178196177
-1386526940
1322075756
1306640497
-1917882500
1324206230
-1991383984
961156646
788491863
-1660459669
746804038
1339956909
394078326
296158456
128849735
237412083
202772567
395250528
962133133
-1970161333
-1418694640
1462066503
-80198358
1858073704
-1036185395
-265760834
305871803
-815387174
-1684261733
987133328
-1425955092
81516152
152714143
2104303931
-826886421
-10315062
2035972713
973055066
1804909930
-852619527
-1264994876
-165041306
-980944098
-105795369
1676295050
-1290993390
-1931885498
1489832267
1344948072
1002406221
390849117
1552675882
2067974373
2079447644
-1111928095
-2022999899
1042176998
-1692291207
-133516046
1657429981
1972343304
-2140507037
-212397096
-2117039536
222022274
-1476293876
1501870726
-187979197
1247879449
1271587137
-1668499538
2012397415
550818608
-986963518
1222604884
1133999655
697730928
-1531538614
650681493
880206042
1779076502
-916504364
1022346208
-905544190
-1708123635
486409469
1497756371
696916288
260067620
-129215648
-1472130262
734444776
1993320140
-401874118
243000516
1181690402
-2045712250
52222556
791221559
-1371609972
1996909113
874486292
17499218
-220338415
-1754997768
-1483681579
484015436
444061022
-1170103234
-1269830657
-1606517604
-968941883
-549078529
-717797354
-1976349969
1470229745
1493066397
913934078
483141979
-1144144948
1994559536
-395291534
1677811024
2041595506
-470842056
123087270
-1534980041
1967340139
-1186359630
-1007059180
-29977635
143121080
-621705275
-392294689
-404883365
-681392452
850634697
726104752
-499759786
696750447
1204694199
-874052947
-1073703004
501943628
1953665135
320730415
1068942143
1128286112
632058840
2130076107
874745905
1155601755
1866259682
1802377669
-701042827
449943383
960263084
-247316511
-1187600604
-415718791
1075531188
1271439276
-956747028
-419654375
-313054413
-490037015
1626028138
-118939404
-800859824
-1391288089
1015414874
-1168360896
-383952115
-590392574
-1313404291
-1024801428
1670081393
1501358585
723553161
147450309
993355770
1731931938
802923353
806239241
408860828
210245024
1625965588
1218917690
-393390997
756967434
-306210643
-34702048
1009884730
-1065572343
626204027
-171787618
1828279775
1664024855
-254204234
-654788284
-1105495392
1337232291
541103985
-2084886213
1528017458
2128452049
-10907332
1269876800
1930406790
531108875
-578627303
-1313181621
1192317731
-1647691895
-1256148118
319168217
-1764555373
-1879652152
-293907946
467303051
1879131468
-446145346
-1678278685
-1311962528
1212649859
-1730195027
-5092263
1507711633
1636100619
137760241
-328818964
-1006213056
190781337
1808793510
-605504403
1034401422
-799267260
-160914764
561098578
-1944849333
-459264398
-1409163129
853329875
-987988627
-2093057960
-56463617
-1463258042
-2117752004
695806674
-313859338
2087715098
2007758116
-1824115777
-1318339769
582022997
591881351
1550733191
1149564675
-1695225997
-417182150
1024396621
450027034
302451149
1885692669
877010926
-481065910
1160244729
781527266
2054105625
2138077195
-1422351346
-944208722
127548734
1497947080
-925417634
-1007432407
1419655937
1179081869
1925669665
600400693
-1875524643
-1055757457
-1090415839
1033400361
1325521613
1199111886
-125777273
-940945212
1127103828
1167951101
1841038333
-728554431
-1402103932
988572543
1363563865
-1651927258
1703444064
1474558350
-1520037329
1504613545
-912518451
1712799719
59086520
-1904923638
2094418262
983741259
1064984808
530259730
-1924113242
891997030
-1760704693
1404721548
573266606
1609194775
-1416429401
-1829857970
1734314223
658588248
1795420166
746338865
-97170321
1198810870
-8721519
231924273
-432578523
-1058838667
2026080058
-243636856
-157229792
-1735515605
1134537353
-983173505
1564745278
-1515847260
-1333960607
-1007231226
-1186738578
2070708860
-589968326
2146960430
-47993708
-760681415
-1296390342
-909221804
1308749628
-1056655456
-647039682
2023417092
854586264
-1164502553
-545463882
-1018643140
-1283957124
-1306986009
-2129582145
1498862212
-158620270
2068073511
1951809006
-409377193
-631017869
1294519996
1424409580
-87249853
-1522191286
856704455
1557144546
1090232347
-309695819
1766886370
-89366229
65062456
1037094274
231336525
-739416137
1176461944
1674503808
1117540147
-367698716
-2077762704
1975640583
1586620823
817573109
-35075796
2120889432
-565723284
-181853604
-1323675814
370851899
1986260903
-29437509
-1574940079
-343314127
779725648
-1164892626
275569002
1693230852
1823588849
-829278215
858678499
-916270179
365767341
1734853447
276572348
-856567588
1067941881
1736231204
-2014637294
-737123064
-648938740
-364162458
409518705
