-2097608112
5595563
-751039193
-1738118791
166614290
-2084964171
1703199315
-53674941
1634867334
-2086045408
-276415078
-280874614
932033035
34736984
-1888057168
-147209607
338159801
1509142493
1509893536
-1038739737
170266021
1854557001
-1080809526
2122107910
-903445881
834502321
508407349
-1976821399
-2057043394
-314286767
-415928913
-592549445
1569425028
1753365783
-893177630
-1896260194
-664405291
-1202354169
-1060608762
-895598166
-1049182115
-574028712
1404579131
1191749425
-1643237772
-1804669512
1985545200
-885540774
256160046
1911977893
-741669008
-55914282
1204548496
-1931553857
2068963045
1087745523
-893707915
18197622
530819089
1820107192
1643192476
945421607
-1255091107
1582901952
944756260
1677224028
487627690
1690217540
-1234214244
-398446912
42896686
6509030
611991671
1070479931
-633018032
-718783855
558342074
-1260593431
109036050
-1811897680
-94903853
1140031999
81711998
-770798811
1125142346
1217674768
-1224889016
1479024691
611389944
938678102
-1622382457
-524381600
1484591424
-558905427
963755792
-1446742520
-1898757469
536430314
272246482
-752620302
846307938
-541049469
782931350
-1224410971
-1710037051
2074611816
590051361
-60340332
1652966282
-64231132
-177315620
-1316348808
1262495740
779158075
-1336854520
-2146977061
1224071979
1957517369
-376129846
-942593920
-1825053673
-298510536
-1872539882
-1277697548
-1051112222
614847814
-1435491327
1173624233
692953622
124843112
-1773141578
136648442
-1707065123
986839024
-420446791
76464891
-294968345
-102498465
1019220406
-212253985
974476073
-95920227
-408058351
-1723936774
-345764281
-344200314
-1749155600
-1540859534
-1971358170
-360741287
-971984090
1623422225
-1873559251
-2062965957
-1330057165
-587687152
-1523499790
-356577900
1839368250
-1282386228
1327855034
1293212365
233948516
-1378157253
1387319106
-1329377891
887622980
1255533435
-1373730423
-701423645
512401883
-392643280
1966694056
-436278187
-124321412
2063108138
-613103277
408247801
1723762438
-1439325960
-1330009782
-1481157571
1217143222
1884580851
1690789294
601482760
-108074412
-770056898
-2107512418
1099519232
1132217732
1480303774
-1807037087
923804407
1664805989
-1223119101
1093930060
47644043
1441323646
-124750933
-1398057900
1614966044
-933623855
-778267624
-757328387
-575804193
1609078803
1130902694
1778675813
-404045874
484998948
1224467032
-1177666470
-955153663
-1226764485
1020904549
-1473232576
-940556785
1124301165
1730905406
637491051
1923341257
1424614210
-633475978
1166280187
-1558266437
1770926949
-719114275
946902434
-1121772517
-130652041
1777223253
2087199670
-482412366
-1080969926
1017041970
353455817
-1561920882
491920180
-720998046
1209077277
-2084126016
2103502451
-920437965
-2123077244
-1726348097
789193427
-1604873165
1332747222
-1686202187
178006654
300554163
-294979180
-506326209
-1631962177
2032887122
-908607447
1964283069
-812245234
-1883091368
156847328
346051239
-1381252440
-1167037246
-825502770
2096189607
567961986
-1715594889
-1892318637
-331422274
466202398
381593615
868208951
-1932392044
1979782819
-1037313004
-796290771
172561175
-2022849942
-469385174
2144256306
550672823
-2017583175
-1801772015
1642964122
-506126476
-1657939518
-109528204
2056367044
-979206526
-247764584
-1375964690
480513764
-1546546143
-191198089
41362208
744065147
-253902343
-692910220
636646009
1961029249
485002318
-820412582
396852762
520884999
-894792359
-1477070126
-1627439073
385224320
2096988720
-528710836
93646115
2003878398
1662390210
-1978847836
-313949886
12816508
1724737072
-696865527
-814162542
663947241
-760253686
-1450923925
59901224
618209545
-1674791687
-717772734
-591644145
252815456
-1407613376
1144919260
977390770
1476022262
-634155759
77918395
450705785
401888246
-1983620470
1211736778
-862004244
-1767466831
-935855032
-256582303
-1871773627
-1979448409
796652420
984885928
1901444743
-1493080270
-1267925266
863702471
981556601
721085088
-850259461
-1438791235
-1354092305
-920839472
355341524
215591696
-1835358213
1275627956
-1503307484
899408754
91708281
-1159218780
703654109
-1251520518
-382029143
1142178834
-1584791174
-1399516985
-947405515
-161580585
1605880145
-1708196045
1263628768
679929236
-861430101
-921080173
578039327
-917928411
-1892148721
-763550479
725349258
-916374495
813222320
1031525916
654369545
1217893650
-1301544620
-210048685
-682227417
-1001825187
972038973
-872433618
-820020288
193734283
-1225465132
-1911619389
-1788504527
1698320083
1064735901
-2132572423
895756322
725714021
-854797956
49090067
-1464625577
-98526339
1743187516
1011926287
-345515259
1024381855
864700391
-1841103947
-250447272
-285919401
-1971848666
1952141151
1533435314
-834684697
-1899043900
302920501
-170874681
1059568143
957205138
-1455049657
192242324
-1436548218
2027781349
-1613973969
1742084036
1574896511
-924745604
-581349685
741873904
229649442
-2141945214
-1259549607
-1392925696
-792291418
-1736766498
-1108731927
301550799
-1538720733
-1931904080
-1021719773
-949790428
-837181620
-1883542862
807044432
1805483757
-85790950
-729901473
-2080372383
700345386
-574302673
-1892457404
-1286485940
-1298884284
1875944042
-1590773807
55461500
1135508546
772490258
-1268554252
-1302433121
-2060780033
746403857
-1078207365
-2073770168
-346559105
1029228287
-1437382394
-701072113
-1612154790
-1375260797
-439112563
1612703091
662029380
1488233229
875886563
-1496908781
-1987179597
-1077809628
1378097587
-871199887
-1769586407
734301373
-674922524
1040388396
-1708991866
-1862711374
-104678480
1995716360
60732626
1892231971
-1608500180
-1811145848
-1593440876
1361155454
-2101756679
2143243856
-210220102
187338637
-1296003713
-479825323
-2058594037
1712781299
159736619
-111002494
-2029620351
-1652743521
1570186461
1843935744
826899451
-31820161
95989152
-1480105130
-1309500488
2065190050
-700218336
-1818330333
-503138778
-899118180
-1804302325
-507219609
2021291050
1395637618
646678776
-340316964
-1000328006
-75615387
1406050237
305510485
-2035166413
-1452652725
-1480390493
-383911191
1567686774
1419095565
49791950
504031196
1391736023
-471527273
-2055498105
-2042882997
-266354384
1139663796
-588194377
2137896579
-2021505583
-2114910132
2080098271
1246794597
-1357133473
-1576635287
-1111750345
522552528
-1485161703
-778742272
245253385
-1911308260
1419338909
1286592755
-95797450
616908902
750703876
-556383876
-1714231458
1274603774
-1345012993
584540667
495263418
466395482
-898937398
1544241741
917514350
-1037368248
2145909772
1323610626
-782453893
-1941523773
-1670445192
1342580668
1633828375
1086852985
-38477176
-88856660
210783997
-623722507
-1722957940
-1482956141
-1380296713
-2019276541
861297628
-2019359942
1444928518
-1882879223
1520830439
76341764
-1249374696
-212003721
1677382769
-99177123
1192144345
889515260
2083461888
1581566547
-93605827
-1041116117
-494410330
302419997
1782985139
-282274766
2024048048
236833478
1516047906
1752217678
1222724196
1623450922
-952812718
414439977
286221194
1106861760
-1331868042
1714567668
-2035037116
1314253964
1209435032
1299353934
-1591085045
869022151
-1975679010
-1599756255
-1606688075
605694241
1375290742
458674750
76331402
-8095017
1569804317
-214963014
1947195117
951725781
1565762355
-879627942
1880730212
-1414017292
-1818933212
-1526762665
1705390200
537501727
-1190713887
1197551163
-855726085
834635163
1943564297
-522535338
-1114051980
-353967446
-2010374599
-1456635451
-4112530
-1999961548
505281185
1670023806
-1523341701
-899847101
-665456229
-1136821412
-577289890
166449386
858954428
1242734165
1540869947
-1160931094
-1036671403
967667257
-274332864
253322551
784488674
-692767975
1000192101
-454061148
1024915053
-759821153
-1076877603
365655867
-1192249806
-43114181
1034095031
-530787285
-743372126
290395478
1311851558
-2800582
2008332147
-1780642977
-1709221220
234308920
1580924393
-591150836
398847735
-2037737854
-550289500
-1288062403
1271148263
2038622923
557066253
-2136215958
1137072708
-1865417445
-628704776
482097907
1674337622
-58935701
1967745998
-343251833
-594656347
-326790027
1867266816
-485149877
-337725012
-1433762460
1809956365
-1308589512
-61214034
1079193123
1507745687
-798909522
-1628515690
1367765172
-1297241931
1126290956
-678626747
888081903
1407593674
-1144885965
-1357793138
1961467364
1914090680
-2104006746
-1262630429
-1409129849
-553223184
-2009255141
-952855621
-1646854592
279819918
1817073319
-459267539
86657812
-816308078
-1191717855
-1741106314
-1753663283
-1527918237
-1902020052
1287376147
2047951638
1466533326
338771328
-38582190
794345949
758320914
-2040467228
969388079
-208848296
-556849406
73605071
459362152
1854304011
-1748100483
-1144379564
-2079738795
-1511098751
2079901880
-1929906435
1654009265
-1124959875
-662213279
-747156481
-1604853753
14270893
-722615163
-1801857279
125470662
-586604547
614446147
1517568841
1684499045
-863359134
-122670577
-1513744382
-1908041079
-640696811
-1721178450
101714493
-1292974205
833281394
1371571409
-769953200
-257216647
1609208111
-1766244690
2099241651
903548027
-226854342
-1076927813
722677321
347902610
-696187444
-1117513006
-85505518
1960611736
1192139956
-1307266218
-84392455
-1116856123
147876044
65675601
-1921444378
-742310293
1522763304
579431080
1326342473
316202397
-1420425530
1440864930
-203306205
1475833953
1200109229
-1975841538
-531339206
1648520730
-909761853
-1137088102
-1325939149
585419449
-613560329
764492835
-1679163698
330936213
1081079743
-364205180
752340513
49565012
1227190689
-61605831
-1866768243
1267189701
1126947462
65801405
285953740
995064061
-596119409
-1732749870
-940554585
-798813329
1543640440
-779933039
-981188478
-752235943
-655465872
437896172
407497224
-806704510
-1846926769
-878665655
-661868327
745950863
-1085650896
-1390145599
-1320343108
-1160725884
2020900173
-885461582
-666973256
208939758
107522753
1346171277
1308262078
-2124956304
50750329
-299220696
1024195194
61056537
395155229
1860983244
-1031372537
-192342807
-1400754183
-1235895758
369823589
1631804778
2142680275
852984840
-202074452
403481293
-1215839860
-563786142
1873891794
-1625750353
191603524
-334668094
-1125557966
2097349634
-1746511569
-1823125753
-501757989
1627080593
1915809498
1982473143
1879336538
1629840450
832426740
200355390
72347997
1663689373
2118363617
2108715945
1692645777
-870869101
1584714304
-661333044
1718832989
37422868
1898785907
353979345
1947414566
638444398
1014052586
213435029
1573331794
-693577795
1323194576
-2039071302
653254773
-1486893395
306166038
-1567514448
-842585402
413654331
474690764
511804983
-1102543993
2069794224
331069922
-596018233
-73834867
1743412309
418637030
201006687
2078140003
-124915944
62296590
-1263717172
-1112983563
1942719816
-89048801
-1907700820
1099593562
478085959
861462043
-1638000606
-938114481
454215099
1735754063
-277665197
-1072636061
960714694
818956477
1100997660
-2117852150
289853364
1045250639
-1603728414
1216409930
1370332274
17899805
1552347207
785932855
-1995766599
1023672932
845315344
1245244270
1312368817
-1908576894
-1004057950
-1414940426
-1878601583
-1712726113
1445669342
129228287
228715661
-205236313
944621113
79806470
-911759351
