-1461728079
-659935
1124892252
1474036163
177841296
1134547372
-2102613519
-673946846
-511561012
-1087843770
-1588458965
582943525
-397651161
-326391369
791922654
867096948
528031572
-974634060
1168494486
-1775244304
-1185092242
-2143354922
1208059688
-874956392
221508963
490353845
180517334
-785011642
1877601920
-1409245684
-1323109861
-1495837045
829866838
1138644046
-102190859
-1287039158
-1335103577
1989727296
1793793919
1019377455
-384883789
160827624
-1082002724
-2060996471
536794760
671402974
-1124886564
-79497827
-1307334411
420518035
-829812491
-34477301
1376882294
402539196
-1832698742
1725506048
-1379239118
499545976
1529596859
1043929848
1883772931
-282085239
681422981
1733496590
-62407934
1397225381
1733639032
1377628900
202079663
874220175
-2132700775
1313650493
-1867131064
1242999716
-626142597
-763452903
549857909
-560180139
-1754737370
-1687348651
-1951212507
-1158515482
-259891074
-701983910
-617522559
-759726057
652672793
1250454369
1984770137
950327593
1160891066
1725107397
1758910245
-32296305
709350042
-106187610
-1631701629
1509594687
861118389
394086123
21388598
-1246616017
330521200
3696586
142548286
226172802
555711195
-1527311610
1935829876
-1073191611
-207872812
-876352577
76762672
-2114527845
-984470689
-661649309
-299852156
-1678491275
-591353197
-1979974142
-564114956
800922391
-226821641
1246800068
-1194167412
1742347488
-1474005738
711927368
74599027
-247656307
-220468618
1887944880
367598611
690926450
1970516699
-256088763
-1820751517
516453145
-786251728
-1648763172
752314400
-284066304
-399386015
-831215658
695602975
-244680152
1445366796
-1768734766
-2072794935
-733375101
194763719
-684132475
925847616
-119921717
-1603599971
2013349420
-1541305604
-304802326
257662215
-751298019
-51979718
2126998589
-1497963325
-1543550467
-574126631
-493888854
227098904
-766739402
-1985788492
-1292542216
-873423912
-1636279298
-1335185807
-1973062739
729276610
379494805
-1861786605
-307576124
-398721314
2126109481
744005851
-120556505
-154728490
1892003742
1596007654
-1171391790
-1408284792
-510343968
-649850220
64564536
928785416
1145102938
1379156149
1262941500
-359270726
-564865562
-520969722
-1040308662
-600051591
479791361
2097265550
-757048058
190429012
-2044424804
1657003774
1343094057
-1079303017
-1562120803
-1883237364
1936445448
2069858773
2126921776
-250352923
-827338739
1717598118
-265948298
753953300
61698741
-1499020850
-843707785
-1172357494
1114243571
2013998289
1877874371
-142612334
-1255967861
604253463
181424912
-514945657
-1634672195
1558615283
-307529256
311505749
1912081196
1131429618
-2006139069
1725533357
-544407686
-877637059
991823466
-854256515
94287715
-627189263
-358896611
-1933215968
454473890
-32077685
-1504001318
-2053454015
1382541538
-2100102321
2036981366
1117562789
-770068347
1758958959
1962947623
800206387
-1110769894
1549614508
1081863143
452033525
-227296333
128737953
-1703135581
617562409
-1821390580
-794442375
-708682961
217631650
-1050850318
1723306500
-1893467484
-922519865
-1383344461
1429016849
-1294597264
414560875
415382356
120993344
-1481151547
890187131
1955728980
1722544152
-152649501
-1950147427
1737535157
1047025616
-428501290
1602318307
-429239010
-66077964
1250588075
271488898
-1023860690
1221019271
1931455889
-1821439476
-1026718179
1337899951
-1418998620
-1599089886
1388850787
1817158326
-1541559178
1287732983
1098133836
-1155639032
1137332572
-1297772325
189110267
721341145
1277514434
-1790434352
-1523337170
411807440
1113289614
1881940675
-109851636
-1548211631
-1593805591
-1251240580
-1667394085
-759399511
499055991
670395567
-2063386842
1381387172
-1476488450
-934658036
-558372248
-2047260912
1912039185
-2092380321
-560279194
293392436
-1388167689
1894761922
-519307089
-83644264
342803301
398722248
-295461751
-1428218422
234677564
598274259
512017581
2038900663
6548029
791519994
1077533725
-1455829539
-1522428492
-296436632
1324316598
-1098107897
-1521020862
188249781
-1584815413
1880654781
1937504593
-794246108
-1206467267
1558864928
-668244364
1235313442
-29946979
1482579437
-379855844
-2084261850
-314329190
-2124510673
-723016889
2001456048
-1293890311
-1127219593
598702708
537395265
2123584359
660041354
-1717248693
-175443830
1368136065
673635949
-1210794468
-1909312664
1359732768
-347330259
215337553
-1401604295
1200930790
1267624251
1866449831
-852095828
773928995
-1724303042
558710801
1392309458
-251596467
-2063917937
-73613813
-434815384
-1403417739
1520130095
1022733778
1813706393
460759871
-956246592
-1064232085
218645648
596605514
1927112233
1876582889
252709325
-258119186
639417
-773145473
-97647447
226425589
-925082434
-773764525
1803124006
1095340851
-72064533
149723309
-1744142832
236595682
-468691666
1595297868
-792623065
391886422
567537423
-1675322727
1565482885
-1050430386
1663325657
1920614900
-240977600
295889254
1989441294
197335119
355472104
-212108050
-607042713
-2084524959
-1938022111
696448592
-176642229
-988913421
-1981180075
-1264674734
-5729199
1589830757
-1844480231
-2139816462
-195366148
-2054445172
1799011192
1783498536
-1626297731
-1794291250
-1047996900
-578164389
-277614715
237526461
250391141
927753622
-2146595969
1689804337
-419140590
-352301777
-404068258
-1382983841
-978603969
1701405644
863435659
-45295690
-1869532116
-1211745627
-1682479723
-1694299610
628984245
1833606208
-1652542705
-434940307
1455276239
-1924059165
519374767
-51468904
-456288700
-1707626147
-598956845
-1725340512
130193526
-557886259
69795906
-1122179552
-1189596357
1182198719
-1366484681
1594886067
1863504533
-2028376115
897576957
-1664233463
445222393
1414611739
706779270
1664641233
-2004312259
-630154703
-2086832034
233491058
-407196306
1880098583
-1186891322
1594746537
-58111706
1880132716
1009304991
-256972074
-1780847604
1795188950
-428405356
-2089177997
-393644549
1411637487
-1543636757
-726228336
-1615487587
-230828484
-834291740
-1496317448
-1544153148
1586161378
-1842452363
1478603401
1387562593
1721571053
-1019643828
-1087424184
2068048933
-95646776
64975790
-429762661
2049753673
1791004575
-1474776447
-2135058442
-371372045
1057520947
-623980898
-52014843
-1808139069
-422235460
1303818498
-1903335132
-1724560244
1197517333
-2065414285
1688925757
-717540046
206790853
-90194264
871110011
-1907234255
-1995037904
301396025
-1817930072
225196205
-1407801990
-1791984029
1440955119
-1295364204
-2022929347
1530302229
-832360030
-1861808814
85562167
1314730643
-860842749
599427479
-1275034292
-2128021828
-700528835
1572397747
1894347331
245505440
-1931266169
-1481150517
1060579842
924621476
-1022153393
-693146657
-1821331919
552170079
-2103299248
-1753198522
-2005090590
44501786
80387533
731974319
1934178225
1310396465
1641456822
-1546881241
1572833287
1744667023
127024847
558393732
-1626716995
2111731887
-108314620
1973407667
153798569
167765233
1368814343
665399496
-1238223619
927039218
108937131
-1133717872
56210192
1333197012
-337107608
1179685493
1265983239
-1207888861
2109813974
-1459168171
-1981732794
-564937222
1502124701
-1617236380
1284967281
1447450426
-134942938
-836383381
1196970007
292748249
259905918
250194512
-208294862
22979369
1392059690
-1211438447
1294536207
-1898178543
-213314964
811081366
222431434
-1720519738
-1910933149
298184881
-343904992
-1981936577
912421312
-299914356
-2002433664
-424455119
1307312479
-1722676339
-1565881315
-865745919
1999169399
-1603492567
-374301741
1753188235
-954739065
2044490680
-1200285461
-1906888364
1686754547
23678832
-375808226
882763115
-264485398
193226293
457992946
1333986639
1699820027
1256078233
1966952085
2105044323
1798861122
-1476240042
1847907723
1197144536
1809641274
1598891720
-1464047246
-829807752
-1417816615
-748555487
995842924
1127530537
1022392727
-81681263
437927196
-1201682247
-393077571
-724026385
2071518439
872498048
-11647696
1569664450
-1229247948
-2083878272
681916245
-2086316121
-1660952564
583959158
1496226587
-2128685777
1864058406
612701785
-275397930
252980279
-1956272257
1878616755
-1205951619
1325324021
1286420087
-1193698287
-1403988539
269127145
-57876909
961648588
1962041184
-1269237338
235798709
-716509986
477173449
-569517290
-586943513
-467159388
660772776
-917824747
1027827851
-89143015
449116202
1443184997
736129119
-1265626727
1033636735
618875058
2132651327
-1554942490
2089247448
1214489595
-1350209367
-1498602471
948295356
2127260515
-606331028
250761376
2026501028
479255702
320632271
-1997208034
-2000468207
488458936
1526150537
-1036030543
-1278365790
651652714
-301173346
1543611667
-853206589
233008014
-1506443813
-716038862
804875016
755214870
1736037271
-1742120946
1373030359
976635959
-599715950
-1257122160
1831736945
297908745
1727356637
1766667435
2077887085
1056654963
-1497904627
-974545197
-1135552999
1645806762
449938116
1913450265
-2003521503
-164530516
-994938667
-632318568
-1833598691
-1467368848
-1126670677
2138417220
-1667396888
1304269147
1670280371
2077368069
1004400711
-233354748
335090441
-1472067359
-1002972699
1574958769
-853770619
-78157909
2017549049
-1277737883
484314289
-265079109
507200703
1310648095
1838107085
-40549347
-1711923386
1050175871
-165863361
1181396344
835908092
-1420480771
313104567
-649933056
1981778663
1225862489
813717089
1070576572
733448944
1503906501
-792810747
1007566975
-1627596266
1595939899
-220938359
-733549148
841683963
-1036786006
2022904847
-355474092
-774051655
-1287107555
895757567
-138470302
971936272
1681655185
1775290369
322315699
1290355001
-553418905
-771575521
1612133377
1432552983
943495277
406707298
-852706196
1933026708
1707624442
-866046089
683203595
441022195
-1033272971
1785180585
1278050189
-1650937792
495423934
970121950
-1131705160
1531305241
1186276771
-770522665
2059138534
-674785907
-444332714
-1843082568
2119689375
1844992523
1436415054
1797579332
-671000075
1923119642
1483881346
-956519303
-804867337
1960748992
177376208
1454362610
838464366
-45384207
-220778991
-146536396
-1436214457
2004563561
-1613560538
-699349237
1357798290
-814565815
2146765508
-3188316
-1470439744
827603700
-2022779207
760444456
-1552121392
1015789804
-15514502
376116777
1843887841
673707081
1024168983
2122610785
-1150241830
-982762222
-1572011042
-993908515
1719217216
1202886034
236974288
2115533980
1720444046
-160952433
-2113805313
-1463577911
274977445
370119004
8575467
-150635075
-392219087
-934109707
376234330
-1451680179
485184039
-244904623
-969163345
-1003972582
-1811854270
128705301
216346516
1607384403
-1665046249
1548079507
-193954588
1481080364
1022026752
-339148937
1835793547
-651410550
1357766928
-1781595819
-1673203928
1919497730
-1894504761
-860818303
-133230724
-523006544
1053136830
-343003167
-1019202914
-322377431
-175638108
2124007776
-470711450
639814602
-787414963
1417950224
642616111
241714959
1745772384
682525220
-1201207050
29905963
-644925390
-237644063
1047951118
1785184532
2074549135
-1762338682
-703790860
-1235628086
92520958
918944047
524912834
-847253754
1498787708
16375407
848857355
2110829337
-278825774
121119809
-1943475364
1304911713
1218852253
-606187143
-531182604
-36052777
-1193960521
1520268952
