889971502
-2015853480
-172587749
-866846253
-875971775
1648329077
-930194552
-301429798
1059055268
799627738
-48973474
-969389072
1358901069
-1713901191
1077306180
1507178976
1973709090
562917312
-1221092487
-775386885
598994136
387582318
2034002113
-618271781
-537959543
896744146
16203876
1386669120
1373061120
1694846414
-1270905450
-1899822839
1344257558
1768102546
1484963466
-406927862
1923310927
-1281080077
949004510
581255047
-1402778918
937768184
411891317
-1301468647
-1345500375
1613622962
612406080
-289962774
162802690
-711176692
135084748
-1362246484
1464016438
-2079429172
-947528624
1973003339
1832798778
1002860743
-239343999
-959332764
1645997118
1225572066
-1184405970
1217864802
1861948279
2006384454
-1311190384
1170615165
496962239
148586443
-386344958
1908267604
411202393
995793950
-409188990
2109610618
-558634051
-163352329
582436939
-539042016
-2081332340
-1343348771
912564915
-447124763
179304977
1748343121
1433884475
115808213
4557924
1144575613
610583970
-573153373
366420488
-83065580
46850594
1682194004
2142021389
1754504195
757213620
-84879543
-1106615597
-735287294
1828918146
-773659855
1600527596
1606507213
-561908672
344578182
-36532437
1242487018
-1316923467
74313492
-1738417749
1766634574
-1116308268
408754344
205119409
-1088027913
1666725341
1771907894
1415443677
-1703622983
587325867
474094116
119342795
-661571469
863553076
-1563701543
-2105252916
-265352186
-57689222
-741646978
-1040859142
1588999481
-769057115
-1697077300
-1382101874
-693803426
1904932419
-824943447
-1466675487
-1582426801
-489520976
1679302827
2140700871
-586504241
-1449629206
-1242557681
758716354
-333321927
1984935954
1806304084
-1798696168
-40731870
1626790202
303547760
419264633
-967438518
-1904505274
632220782
1272061673
-133340464
597896612
-145851859
-1839184576
-1116491441
1423891995
2106260769
-378605128
938929782
1541599812
-889965742
-300485709
-1113180813
-805479179
965717091
1279702350
1944164158
-2024651958
-651202360
791586965
1714877372
2040124781
1532735461
1699801944
-1323452097
1047403015
196033840
-1023066255
184812532
363635940
-1240969767
-1875866898
427145906
57831285
655985715
1824254808
-24408475
1241191189
-1346354666
1269334326
1371749260
879504797
45395881
-531384223
-321175113
859887676
-2016194694
-174009728
512080936
743384065
61934681
-1534881714
-1963990063
-175634492
873309879
-440100430
-1498566877
1881196940
1474325535
389098173
-1028953835
703728352
-1034540664
-1867308292
1020955390
1026082110
-85082070
-125586
2072878507
155166257
1835673688
1917313780
-1264699999
-263258657
1058772660
572407088
-489467584
-711446782
-1152268411
-1594838653
-1866227350
-76594795
1613962878
1941740082
-706214398
347802552
-488136862
1875257579
601385841
-829376012
653517769
1636134690
-2043747848
-1756669407
-1117255825
-1558164856
1034183311
-2107722874
-1127112627
-381519094
1267202834
-838133876
1353148407
-352882234
-1967632269
852342517
-2069239702
-17347992
22626431
-123292818
1239814032
1036218142
1621403513
135696418
-1477178895
1433153486
-993547233
-749128536
1078180831
-972089810
1651045015
-1080376211
600930942
-299437540
491454603
384504466
-312862945
864198472
227969127
-1383967151
-775553402
-1089706400
5244881
-1566112342
601810596
-781422022
-681485484
1482580372
153326880
-1794719809
963424248
924791838
2143401057
-451647552
413625121
-1900354667
-325498117
-520994972
-1962746599
-1927878596
1893997502
855750931
1009444016
-1199382550
-1785674852
-809045804
-1266994296
-1914285885
1943552807
-1414830605
-872169051
-110763467
-1265049233
1380235476
-831472872
-1760448010
1003245487
-1298019223
236994908
-2113715715
-2088873699
-1420360526
-1427530355
-112450863
2006545377
-20349707
-143678490
-1371909159
291965005
-1408023258
-548409409
1955257146
1892012003
1457106146
-615754361
1984910555
589982927
-655271391
-1076626819
-2042525402
1118460859
957617908
-215430698
1438627594
359634034
275695330
-1185902009
-338406128
1558703025
1188797383
-1380832385
2025696875
-1793385357
2119704204
-956084446
965439692
-1378321553
-419251983
-1726833825
-2027424914
-110077665
1461081628
121617360
1834358929
-818151148
787221231
-859391892
-155526630
-700859467
-2105526541
667053312
743708548
2130964969
526291904
1980853613
-352343725
1795577111
-1524488524
-2028398515
1476273617
1941716850
-1097211742
1138740693
350549640
-894335276
1255868973
-555941282
-200214466
-590145859
-2051663760
800416847
1871342521
1612969134
-1698117278
1788970337
-1265156613
1956382671
788812477
-50596631
-675738093
930369497
11159713
1912138650
2065210292
1543897778
354578522
1412782451
-1749774930
958471362
815789667
-1052428251
-2016957600
1353401389
1135115808
2060809922
-1767459130
28615457
646321912
-1464740338
697330585
1371379347
1342696156
1510821396
1484022508
-1510450253
1623153149
-996416776
-451268570
-368889114
1231823928
-527394847
843662892
-1672090023
-600849187
489651704
-544155093
-607621606
1957593931
-1785282659
35695650
-310188332
-1136475780
1939686888
-1273414381
-1358296149
1551014421
-1005409723
-1533626464
-454182329
1653036597
1223232718
1584787442
1378255668
1025386593
-2003962267
1047230698
660486954
-361627682
-376929294
466434058
-759008181
1973089250
-805853779
-1938059411
-479251922
1195826274
-939911182
-43696570
-1193684338
-508713414
763963245
-641325554
503561999
-1003301912
-50975300
2092178159
-412192682
107045670
-950770228
1660664409
-870688573
1735249777
-449437487
292056673
719341023
1489000537
2107590475
-1912122923
1593350814
1598526888
410552122
-1255240991
-1958017758
-667851003
-1841452236
-1698699672
1108928956
-2043867796
-1126758953
1817983226
1055920114
-1521785528
428748151
49456313
-1038488807
-202892026
1556968735
1544697397
-176374623
-633421568
-967567523
-179121778
1915540862
1544287543
600287745
-1197341924
-1172911556
571940532
-464782869
1642128973
-1517271456
-703772189
1705802877
-365345546
-243939856
1199467069
1909028345
1426383579
1682381879
-585696476
-2133029149
49671464
-1278321208
200873917
1813263344
-1712339372
-1273421755
-1663977014
-1202003858
-1009840849
-1149585732
-1212988351
663836672
-1912343433
573285675
-1062673543
959904750
12613345
1702884580
-980383317
-2143638067
320265463
857036759
-1272168977
-605108407
348257308
410845837
-1629016385
-728402355
-1625205142
1729649873
2105302324
-2077491481
-391705253
1989106067
778959631
-484995986
1926844642
-140424836
1466878144
1961580803
1004323666
-1788780571
-495148497
1730167668
1096143868
-1293153544
970426504
-1320852881
1343230093
2044017377
1076447860
1904706675
-1715104476
976360750
-336906502
1318317389
-2037272758
1725582427
914521076
-1131945121
-736684340
-58321518
-1246520318
-1665701247
-726876934
1990058475
2012033991
-1609276168
-1712668776
-1159851645
-2132362903
-1151960651
-1517309798
1322164755
1911853873
438933730
-31447115
-88565715
-1584944045
-729645271
-163761770
1184470499
-472377917
1477592026
-1373418489
-1089768949
-1409703163
-1905540379
698727775
457438729
1844916367
-1632341349
-1043951465
-776955562
-1038324500
2047443935
1862021765
750139335
-2002155953
-657322996
-1251269163
-1838077501
1044142078
491122195
914338219
1263419460
1844206251
1273684931
3258901
-619993640
-53378537
-718051709
-382751545
-1318127246
1836134122
-1655493254
-88738039
1936552440
1050035886
-1265217346
-1080049962
-920673596
-2095155179
-2140396265
-65761510
839658817
-1076800595
1855233048
416840093
427959955
-268097679
-252811073
504994704
76035201
-1260388208
646381570
-824001019
-224961334
599850240
576706662
2027325089
1142606006
1554322128
614831588
1268374956
1203583666
-411462376
-2118448733
330727020
-1349070563
-548009849
1184524795
1898990319
929675579
1790469941
-1606587309
-371957265
501421556
-203238541
378849366
1676456051
-639764332
959600948
1281115154
-1665622277
-858434524
698823124
408064576
-897400636
-276630717
1519695440
-293121010
624703227
1282504664
-505051565
837582508
-1591011293
-1101637659
-2105529230
-791195494
-1274331700
-781040199
-2082570294
2028909250
444646269
-884960104
1429958186
-76521140
54919020
33218854
863426064
-564967587
1191634420
1957929156
-612074295
-518078434
-2092537103
-476523578
-2061876179
-689351415
1086249069
1173779164
1854272977
-41478315
968892744
347990559
-2042455233
861822498
281117472
1004419488
-1535036212
-2005820919
-1742081248
-1348561457
-1329807596
629106402
-1184352224
1580752422
-609547090
1632608468
-1264474643
1782720052
39029972
-116274137
-1363857352
1292515516
-1287059090
1320746045
1054487570
1805109501
-111751116
-1506174143
2082371955
2113978762
782968687
-529559212
1495730545
663502079
-4961889
-398253820
-2037188877
47579559
-1829390717
-406485490
-2077609107
501660867
-2027860733
2014864484
-464521755
660770520
-2009906712
1055285054
853233392
-1130355749
1786326672
330891241
-1235106910
-2101596409
1796875617
-1171915130
-476476449
-960905821
-89779398
125436886
1252526641
-381704984
-1101941685
831362781
996928352
1823529960
-2094284903
-2109840536
1722459002
-918476051
-412480345
-1463085152
-24220324
1225520475
-525871987
-552673607
-1624419839
2078372810
1748690327
99351055
-312131258
93964955
1638463259
1190442851
-91319372
-1126444812
1870304673
-544231256
-350333553
-1985090315
-1738368070
627607189
-781411480
-1533884806
1108503646
2031821865
-350945265
164743042
1109577421
1019292681
36404066
-537880436
-451592883
2135560878
1473197264
-1622583664
-153930417
1964902458
-774554301
-1130416724
-1459072935
1883649577
-1986400094
283857493
-1568976719
-484246422
-615235541
-2142188592
-1210348461
1256883008
134975068
468970033
1864994607
-690624380
885826224
2071419485
1820612528
707894281
-613734934
-1381576867
-2081277578
778762787
1713606191
1877143662
827440517
-1404104857
1108885149
-1597571077
-590268294
-1636954928
717752881
797196545
320150230
-1613667277
347259672
818743717
-79213939
324867960
1499072475
-9978692
-104402082
1851148974
-531338224
328667017
-307190195
189004718
398551378
414174588
693426166
728256887
1342355646
-1422365121
-220984047
-547705738
-1526598947
1810974941
-1179268516
-1447481727
-209757131
914221976
710846960
1890643747
1354124693
-843704552
-1162642114
-1242255070
1594282891
-487636757
604385080
1333941515
1325358256
-1020263808
1740632524
-411633833
537822124
-1195310433
786202401
1955358410
332651680
732492741
-142823290
1276607084
498187741
-714151045
-1564040697
1764824380
1891748314
-230022181
-627262466
65982339
1148082803
-797860720
1514013234
-1547343459
1068068802
1931583907
2030092414
19917884
-814483774
961387413
-187433278
-1467899779
-1441973757
785720763
-1539746379
1357355622
-954226746
-1954205621
509230966
388763355
1265327246
384403421
-1482971773
-17951469
1993400497
-2118787261
-600726754
823045035
-2103987677
1205940711
1661457013
-682306021
2286486
1538449509
1315778595
-1915501498
1916608253
1752217931
-1928703923
-2037947649
-628886417
-1389113579
1450843821
-1802027746
2042017780
1824654635
140544838
-101856324
1045093988
487611751
1319252687
1311836383
1929850808
-2091331598
