720098584
2146477734
1770390503
1505827501
56226458
-1010597346
589807974
-2143046252
-1733729451
70825724
1621424537
1010599049
1044459093
-1746171594
1051280635
1687037759
-41316708
2137781073
469422418
1417224922
1711913500
-2074791899
-286455725
-90792369
-920914104
-1156520370
544054528
180147199
-1468802176
657311344
1773851852
1077591387
-1266262925
1708425288
259591622
2038576201
-2070346607
-879083992
824667572
-290140582
1214957412
-1335234438
-2077949760
-614312460
1540525378
1676455883
-1508397923
1925163802
-2109551779
-1425321287
-1610249527
1427600192
909550642
-1179093887
-1047109125
1423975556
-1944875097
-372573018
883100100
-678213255
-2120142428
1353482262
644700766
-145485274
-1261603134
991397171
-162836540
-618955009
950739158
543236684
-914418162
-230860807
1998389223
1399306967
-1469856387
980677120
835578371
-1729847907
-857283241
1453068228
-1195541568
-1445747859
1986603226
-2083692198
-80526535
-1701353107
1194562268
-384667607
-1389154199
176349218
-718094688
-913546669
-155188731
-686926341
-2038272302
-1664139078
1545232577
-1933455841
1063924163
1068242570
-2093736338
-118035243
606694043
1096432380
-513473957
315462881
-85182365
-199744088
-2089259129
1966443910
1200334295
-138965242
171213282
-627967258
-547129638
-1638813130
-1915882038
1436599043
957498810
653511160
235849567
1362796592
519295687
1786546915
-608471620
-734824418
978695408
-476174524
1560954342
810801122
-99660145
1890152211
-191428688
-728034495
166606978
-298035405
1564079339
-702749260
-2070337648
268653148
636746607
-75716379
1990490124
787296609
-74166752
-1225754808
1358914026
-131748453
451090737
-44826386
-1868006598
-508967790
1683284705
-389213554
1690818872
1051023783
1312428114
1653738825
1109905600
194314134
412225262
2112290464
1307073811
1503667062
-973094350
1737205244
-1181873098
1257603486
-856028205
-813577474
-1927369647
1266283476
-1825771509
-1598641231
1361936059
-642428457
-370802126
-1733714758
-1821946341
1270807674
789058673
-1839254667
-1133627756
719105269
-1742072793
1965094081
1513283469
1590107152
-295050022
-559978689
-1934820949
-1719839651
1404509611
-1127575033
-448680564
-1489819224
1311700446
-1621529012
1717410323
-644738451
617756031
-541293103
-1428928768
-257239271
-1388489775
471176587
1026711013
826649605
996556106
-2040862577
-259621748
-613054950
-1193381070
1260923267
-1681497433
-562731170
2026328060
-1328320849
-1486337506
-1785853879
193871550
-1741464473
-188103813
-835657758
1586119217
1912881312
-1730788161
1494141779
-526711934
-2104581864
-791974273
535508084
-1323550641
2114862510
-559192355
1295406589
-1109689410
-984268052
-877425259
1518218314
1920073067
301323536
-1394767966
1171724351
-1198943930
-1429843401
232276926
-547462496
350717068
1385274953
1426894149
2131239280
-752356204
1840539317
82668768
616746148
-1052444429
-1267378621
-1843509041
1239126174
1588953928
-1879491176
-978649388
1407554787
2001076900
-678321234
889580366
1037444210
670004104
2126659342
1518554451
-1163587920
1564823787
542369377
-1500448339
-1763117527
1253893702
1528122406
-1645231324
2003971689
1074348960
1218376765
-168804966
-46407050
492211814
1425161812
490260104
1850511788
-954396252
-214144646
-953049828
1601040876
-429722959
-438204702
2034870400
1534657807
-1612765532
1932301072
-1579412741
-602073514
-69657255
1751069005
-383533103
433771360
-600897634
-1488500182
591230011
223702780
-729919553
1147044947
1419889127
-1795019241
-115374176
191952111
1499911151
-674983354
-1649119070
550205150
1728592238
1341223151
-492220487
-2105044302
1730144042
-1007918192
648582604
-786341235
1980901962
66058815
-1874595021
-469294507
1350434492
-633214684
-273970259
1853636541
1583208934
-1091494409
73205845
539756894
-1157110053
1249999097
-583955164
2098120142
-667210791
-105101928
-423468391
692299584
-625116970
-962941743
1455426477
1670075055
9452663
-1553572041
-577955845
1855885275
-1615705641
-408893603
959781433
699585185
1411504788
-1010565222
-833269281
-877699763
2077991687
2146616747
1359297788
49516076
379749684
-1665524968
-2138139157
-891877669
-1264256171
-1044561545
-1856320876
1341956826
773293983
1327817013
1390253587
79493467
73828528
-680360283
-1901225141
1987667940
830662890
1803773663
1295559334
-1590784277
-42860865
89882211
1527580277
-1077830729
-1854443342
-1185415086
-1885058656
204739095
-1234453736
-452371767
584191858
-537376669
-647357363
-981367350
-448019867
-652371945
1919509711
1770834156
-1633215642
-235530684
-1988229430
-341338406
-1365614500
-1235207953
-365097308
69806404
411994672
1251605596
1662992312
-1899815934
1696028788
590691269
-1059534520
-224585069
559494611
-1863270886
758145960
914982765
-1421804325
653787706
889709205
1496962618
-1788340765
-831433035
136974045
2034159900
-2017520073
862978214
-1110073737
920694997
743373288
248292927
42467299
-487809133
-2115135181
-1103410423
-172330315
-1322551466
-814147850
820272426
308916348
636321882
1133026243
-1865026949
1097783061
389137003
-1194812992
-649533949
-1434863300
-633949292
-312760594
-163238670
1257329181
1097322092
-1355753121
1679808938
-999055684
-162391421
1729805686
-2006787358
-537754802
431906782
333544753
1483875087
-794059727
1931890962
459254345
139519485
769654851
-1649278910
-825534999
-745760168
296473897
-2075231208
1562716425
-2074706387
1222253607
1743220444
-697300229
-1186010008
117005285
142408178
909717725
115551908
1968882119
902005393
1664926232
-1830816195
321382312
-1473061039
1846350876
-270833723
917635439
-1305264621
602306026
90582633
-373888958
-634502331
1131778093
102123172
558642120
1318872611
2021194021
-1442175823
7791516
-804280374
951420544
-810874448
-1546410617
2071956662
-655375492
323886651
2045372930
1892807371
1478482119
612435492
1578955112
-1426129054
-244854555
-2133715205
450409252
-1335277205
-715108726
1261983488
604830057
1171065247
1794430485
1692276068
1126439871
-659747761
-1096360847
-1779222398
-198861545
846263825
1889068421
1948889001
851467285
1952198461
-2004756501
1346435112
2082150581
622282403
790236320
590909856
1224488798
-824588850
-1756202783
279881151
-316298054
1638219809
1786384960
-1232502785
-818512968
-2079807633
-897911481
-1627469736
-68831397
1865690983
441802626
-1139804750
733224171
-1413875970
-1382149791
-2072557472
-1513935081
-146961309
-1227921083
-1856166497
419381899
-969441373
1592861883
-365607574
-1708003929
-370114121
-1180934490
-971433742
378578875
-800784627
159834942
613726790
-402611870
-1943545065
-1505831236
-227116836
-1515936098
608290594
-173794059
-1639931739
884685330
-901739708
233264506
819426720
459415927
1899124114
-1678980282
-1729752099
85123726
880606490
-1824986762
823908923
-1732846229
-2036827434
-639725327
-1996748356
1613017181
-1076744951
-2135488171
-504316500
1137440542
1405872563
-1417050166
1726963589
1186711287
1682832330
772684559
-1926383034
-1776371826
164281091
1520226600
-1859767178
-994759811
-428126997
-1578399240
-1775169282
529270641
-1727808032
619013637
-1060788046
-1921486012
-1059667272
-949235725
-1444819965
1565526712
1138856511
1518318769
933476558
-2120167059
-362967857
1650196021
1925432296
-1624851257
1962592902
-1859986549
-1032374153
-1324883390
-1633983056
1337057709
-762125069
1166573585
-1587496550
-1099145581
-1004111019
73670497
-2058129419
-496858878
465431312
-1953806855
454315322
-2092193099
1205922613
-1709031728
-932125111
17012922
-1370020721
1465651803
-1795653979
165399591
1649324460
-1328411789
2069159832
1412711645
963974050
884586392
-1913896713
395898660
1789880256
-582755967
-177907326
-129426351
-806821272
944069330
300152667
1919108528
1377111646
-615799684
79684362
715528568
1211936185
2001711818
-187041365
1598572842
669285206
-1270713389
-879682442
1572799607
-694108472
2008949984
461164086
-2046701338
1600985482
-91183878
1376908716
-320024264
-1807741209
-448296507
883431355
645867382
1349510499
-977747004
2000485665
700028815
-233191126
-170295873
458061633
-777938040
-607119844
461537344
-205549243
-257977418
-230492341
-326357962
-2117419013
117932473
-1240795512
632065409
1670400205
-704010322
-1857058101
901044473
-1575538344
-226000901
-1860044397
157652396
-2129874729
-104479073
-1620047225
1366079722
-1858863034
-1231566738
743208933
-1479461082
1920288981
-1599373496
1005873033
-522823041
-851583325
-1967298201
-504977401
-1914316056
1499292193
-194214252
-77303152
1309692764
-152792879
1054412437
-1076026937
47969735
-552506826
-846387877
-384075026
256602510
-1191810569
721522232
-77541983
-1199236284
1463642818
-938945505
1688764660
-122466995
-2140696893
-334419481
-1433402325
-1885920639
975242149
1623318192
-994524000
-1887357951
-2072712176
111976639
-307823831
84052988
-181156882
-608629754
-1795230178
-1544176129
1899001795
207201527
614355723
722918907
-1724252615
-1967198390
-666478212
-1500341107
-999594464
-231082459
-1939649229
383707381
1905597093
-1200772228
1264575958
777289093
1600611370
1444430509
-1393829975
1405757880
-1813665308
-2034734862
637083564
338177725
357568817
-1570883198
259309033
-1758268524
421558980
-2112803946
1413022570
-1918199668
311891599
1939132326
1391097176
935879254
-1512716722
-1522630824
655066812
1015099351
480720873
-1061029852
-730144403
-2104590326
1632625735
-1491875510
-1223396996
-1733040146
-939837906
-1234163600
-2101441837
-2135440592
-332049408
1137400128
-1464015859
-1633990095
-1206619374
208877768
1988368479
-2110128593
937228147
885857668
1712510284
1692741412
-440245885
1744533422
1104040644
1857384588
-1214279502
1090621420
2088517179
937918252
-1396086006
-1865465379
-500860417
-2029263714
830922957
-1468759316
1067847614
418482507
-1569695525
-172939363
-983934056
1814611765
2007448929
788354788
-2110955927
-1178775087
-1668949369
-1594699542
461192482
169051198
-913184284
1732312149
103971714
501410417
2013900245
-919194483
1684936469
-1005123497
-998537457
-1736173050
-1543945318
-274258674
1570592983
749157607
-1797241203
1929341004
533041896
1770995461
124677473
952676451
-389272424
1543073462
-1641965985
-21875220
-2055517256
1446216505
-334631116
-1087084646
-837576341
318734815
-782720443
1072267868
655471170
-1921205465
-263032923
1833767343
569239560
2070707792
-1964968530
984618403
-1005015449
1606570151
1192468927
-414600690
-2077170691
917627348
1166165661
-569275202
2049823327
-75544165
-723591730
1971474617
-1602951565
-602465579
28971756
1370292780
1109109624
-1195237791
266994502
-1909616776
-624880942
2055707276
743554598
1819570152
1081865411
-861558864
-1656610547
-1586420797
-1365264700
-1606387494
1308012429
1146387490
467812731
-1364080929
-1881770083
1001381803
1264352465
372354227
2037654006
341035183
-38475960
9335572
429430425
-157002350
1946201541
-731957003
1700237676
92077261
1777359175
-1719618005
121895972
1099783418
539178961
-1112668995
2068300931
-1741084667
424680710
-2114805547
600268625
-100349851
-1372038333
-1733851222
-1533879152
-1491769719
728290235
1427476586
-1389255745
-180829187
1598229178
1531555366
983787120
-365457372
433873342
1071688302
321077808
-146030845
-325127178
