1535882477
1988697126
1905680261
-841137807
1007479483
458365499
-882401196
1819802242
-1229303029
631486309
-917908363
618117089
-1553821588
-47830731
1123369013
1002455524
486853352
1015520583
-315174988
-1786477441
1383512430
1240483427
1514822672
-1002737835
1056615079
-848734874
689057168
-1926934007
-185399096
194003302
1682017259
-666195571
-1812527614
889065140
-1120732938
700791474
-1845243863
1692033989
-702112150
1240818081
219653990
903560333
435534257
-122302920
1335169502
163411506
1945401258
-2097660857
1419174703
-379227931
1893057691
-1862910035
722843783
-1894835214
-1039118930
-1131804658
-976020681
509403662
-665262584
440810699
-162228620
-1692301375
1450748782
-1321561701
-1498995299
1946259522
-486918649
1083008429
-742859013
824764038
-2099493137
282903344
848078088
-1142337060
317705058
-360495696
-731292435
114749624
1311786285
-996894251
445366166
741896364
-1178327377
-400111389
1641059214
-793700002
-663168473
352842080
-410257814
-1352853718
-1733723039
-2016587844
-903627619
-844637630
-824971983
1513365238
-492980443
-1651869032
-126617177
1573798726
823760397
1599434140
1099345710
-1600930317
-797586787
1674368822
396762674
878510968
2121027041
993646226
-1448128054
-1496407206
-1265672779
-1734048751
1118111004
1940110084
1797042441
-1407098502
-595504002
1521376926
-818950496
882957404
19215175
-287454291
-1494585723
491754759
1371414605
1474072607
-1211694492
863450531
1164699044
849701448
-712605389
-141859849
-1617310132
1534646057
1754279487
1671711409
1850004700
-978931200
1968873787
1373650227
732891713
332195742
-1587492487
1051190283
1706813315
-531577190
-89351419
1604525304
1149429205
111480552
-162963434
1470275440
-792942568
1112586710
-881829972
625208018
-1486771441
-2090634537
961816218
1840768971
-218271958
-641750522
-635054546
1654013917
183029136
-571419613
-710368944
-708426871
2071198022
745421967
564321379
-2048233887
867813044
-218281492
-1529616664
-538329603
-625868028
-470993340
1467471472
847507757
-307650008
-1341571805
93543500
1010470746
-2137101993
-885910762
-110321489
-1881984724
447110956
1024388852
-1502606029
664684253
-1132725627
-1175850731
-1747679112
1936045192
1280272787
-1191080265
519620845
1389879106
967735466
1404354829
-39395495
-1525476250
-779589103
573933010
1827506473
-1405296980
684352971
-1275681603
-439706391
215104020
-1964251751
-1496064292
-1928814507
551190290
-1226161969
1543024156
-462907898
-2145131978
1518662572
263245417
-1130322910
-201050417
-1141725489
-1284903289
-525882647
729524367
-1779557309
-1557894903
-1786600316
-314716915
420166182
1190935684
1175655653
-701714561
-294340125
2004757303
-1920967757
779827275
917838896
-118150156
-57109358
1064161090
405130319
-86846173
-938399146
559147994
-1527675607
90390774
-1835730452
-666745716
1379825116
1756427837
-2065425087
-1026164272
-1681429852
-1637101675
-419246605
-659112465
1830235175
1059140385
-1992663123
1594155080
-675240435
544182178
-1661126895
1348324075
1148084368
512780993
1679633822
1235739537
335648810
-320122953
1935298661
-632039705
-825554085
-325997058
-1518815083
-598914436
2118566076
67008166
-727799320
96472472
-606870126
328247066
-1783471403
1923402805
809166243
-1167318266
-1088975650
1978199291
-1536628400
-1625078123
56242
340832169
1299446911
-355510063
-1970804815
-1588243259
185227335
-722483200
1169151181
-1049920881
1918473477
-345189211
-2088340052
-454516971
-800899398
-696081395
-1503042260
-1228036740
-879456481
122659784
-1825218206
2071572615
-1454881597
-1865003732
2120309578
761913533
-735352087
508655812
2110496118
2089217595
-370162569
-124994384
-930803745
-326452890
217319135
1704163810
-1661647329
1700737060
-711949995
-1096561461
1472279514
1895654260
-1631333053
-847842262
203629330
579464253
-1221457684
-1277050239
1598211063
-842133713
918718028
720917299
348087627
-2006153231
-635869851
-1652905339
-623055262
1401559330
-866118980
-730934676
-1547034920
-1244541955
-866645481
-2006605892
-627239539
1687075498
421999545
-26958257
-1977386414
-351736551
2092352036
1497661312
-607545850
-1152074753
13609991
-305773355
-750808711
-19001297
-1649120590
966476629
2061859624
1099439428
-197483535
1252130816
1298940249
1537120406
1337966235
-1528367133
-217746950
-1883911595
1544285877
-18305574
-311667376
-1725348507
1127418783
-340733425
1288881229
1573096248
-1421309039
-1851637596
1329468794
724210433
-323766706
1380605833
2065930419
-371584947
536921069
-1988663317
-305621010
2034283975
-1607588519
778974462
-216266961
-7356015
255542816
1148178370
-799744458
360818098
-1613535938
2131913293
-634877449
656337318
526406442
-1142131145
-533697793
-1931124304
-447842158
-1042507422
-695719149
1561152354
-2130515927
-791161283
313135250
-1512699015
-1715390963
172633902
-596997923
31442369
-1617794802
1428424450
1440453862
1144676775
1459741737
-1848415809
-2120402825
1506339234
-94889871
-1419528055
706062065
-548288285
-1821290562
-1798573533
2132741184
20617512
238192831
1744920834
2140572677
1442081267
1017401879
731931019
106549089
-606478610
1585207369
2093388169
-224938857
262884677
-1239695458
-252584199
-73950168
-913096607
131391744
1735102220
594395424
589803198
-1785094856
-279980663
440007711
380271719
248810216
-430425204
1217152488
-1885679485
1846777471
-338805078
-72622301
526787833
1799643134
-1954595844
-183943591
498421937
1267229339
647409004
900295748
-873044782
832998473
1117911537
-198916716
1269771179
1071486415
1022056614
-1272227295
441456546
1815031266
-2106700466
206145725
1383018189
333584782
1796745558
2114023814
-249343261
495243716
-1525626595
2137530222
-593084573
-938504946
-1972487434
1456778857
-1544931374
1682931679
-1924453698
-1893527942
-1415443244
-1499016870
-1182485568
-782868851
892530732
1904911047
433503727
-745995210
-209720411
-1489205348
704519918
812622224
223794668
-53746502
576631387
-1229009107
-1012153774
2008426698
654732508
321124207
-367713180
-1705261644
-628235741
1190015784
572208599
1790259518
-743015196
-956772340
-1034439811
-810533304
-204954371
3665790
-1855212371
496085726
1195836053
372015275
-1450844594
-2076183805
-242937567
-828041027
85784023
1082427538
-1740931962
-1157926055
751785568
432204292
1145133544
-2046725035
2072564068
1801351026
948458803
-1572680940
-1721034881
740588220
-1602987835
-212360578
882809501
-449127092
-1851679013
-478344327
1088596482
-1496868099
-365039939
-915330674
-1061840990
1325342433
706849417
1799171775
357039891
-624012021
-1927732428
-1150312822
1920899435
2050494011
-847221978
-968015395
1790848279
790435507
-536111928
-462901676
-1817633636
-1902202926
-1328210818
-59544388
1856678945
-547577077
1333440707
-119911580
-1152116926
-847196565
1446000510
551643308
1414203723
973667818
-1281374043
-759217316
1550946537
349863878
-1027505858
76432728
244024484
666262550
1193807965
1399654930
929899598
1046871507
1591300233
-535979625
539978566
717219244
-1347945023
765612867
1351631335
-944950674
55700852
-1473922649
12621832
-182834434
869539487
155335341
719736418
-1078371811
-1164855372
1522867520
-1461210295
-1980650465
4797796
-1807354245
-567576040
-247393325
1444832619
32505555
-896617008
-87589972
1955567645
319627442
2032144387
890011421
-1149794878
395345353
-180822630
1761464953
-813200357
-2010911608
-1793814040
897000410
-1805934358
-1451236396
1808961287
410312910
-1188483368
309917280
-684473287
1608893657
-893177233
-377597232
-1246133793
1452309390
242937704
382948620
1018038992
-760028515
-916552256
368680241
-2053417973
-393649842
-172273628
590194492
-735415833
1535389978
1348889120
-1666500670
-1308575791
66680465
1506576302
198878489
1984859907
-1650394369
1156409027
-1528839286
1646511503
1802561518
-2096044110
1701890502
-2005678242
-676647187
-2007852139
731996305
-1210291020
328454468
-519405835
683206581
-2092999240
937378524
1008730131
-1897301724
439601712
1527985119
1195058176
-1510804707
1675411194
-1836867223
1385390996
-277185553
399956796
-555423624
1534381012
-1253536743
1883426608
2054578563
-1339593905
26869507
-819117528
2048683398
-335586240
-885829689
479726381
-749358620
27286344
1518512684
1880983042
-967548223
96621729
1439225981
888297261
-1034404228
2002659961
94794690
670828548
999844354
1498382836
-30832839
-98390171
1160464209
284223958
-766205979
89299289
2147281762
-261687651
-1146227241
-239575949
1039396004
640266598
365498492
7979610
2042436159
621935602
-26851458
1710023155
516429775
-1185892556
1572322719
-1553751094
-117523874
-876111918
311678734
-339012755
1701871310
788896592
1703433967
-419800954
860823292
140806825
-1893376824
1705756238
721963285
1984855087
334736677
-604045736
-1003392851
-1731310657
-2080248020
885964048
-1887006228
-411382193
-1759699314
-840914312
1559839023
-684369607
-575450590
1449366929
1240126116
-1349279769
1296499843
999554041
211131334
-140014181
226531606
-1318184873
1539638338
-901465627
-159447567
-8237000
1681929321
2118217253
-518253372
838202957
-902869340
904601537
-225217199
-1550277888
-1034820748
511137399
34599194
-1479390145
813073397
-664080572
1979691505
-687387355
-1757061643
-1632777036
-1965745967
1081944286
162751049
1159503709
1205100772
-513929776
1807349407
-1897905961
-1476943717
1462590309
-193687129
-632408789
-982596809
-2021879486
1992621440
364448534
-1424345313
-1133401214
574914910
-1909690338
421862931
1890816361
1466760117
-1241852725
-524640247
290988370
1470052318
1052791420
-401924639
1135067493
1885605848
712939873
1863530455
-14799117
-2033929923
1774955707
-784331256
1355208361
1167535322
1752590446
924405173
890916868
2131897148
-967329867
1295265379
-1129161315
998539010
1122026045
-1904823731
1660901364
-948163691
843488872
-322437993
-1134069525
-380835023
1252244365
-1455708678
-1293678746
888679403
-92651906
-1200078836
-1878908333
-660323553
-204095397
108475442
662246478
1648914879
1469170763
-232076681
1262475251
935904589
1431372974
-176394807
-19742174
1486520268
-1986299841
-630120856
1467333537
-1969073434
112715706
252092212
-1679018660
695059164
-1018808803
623084176
1257876519
-931781557
-1306286570
-1684975766
-1012886040
1157646371
1058231729
-1777011344
2098960638
-1610274023
1880156643
800557664
-2000053701
-1029103678
-586014857
866595835
-1750903282
588617714
2137536220
-913827733
1099628466
-1132321090
-1398673496
-2119549754
299839716
-203199962
-1353021115
1905705529
47889522
-36053196
1161542309
-561083845
119151126
392728559
707555499
77836754
516640506
-386650298
341903796
-536122076
1729292857
-1201335907
530063083
851525421
1834185090
-50299573
1633758171
1594415281
764576582
956068105
-554287797
-1544123309
1939363374
1894313181
-1161247022
919697225
-731595353
224500700
-1461409795
-1107183695
2039040269
1269274710
1924875072
-1550081814
-1814131303
801065842
-253269412
-379189230
-171857446
-612823187
-1523032720
-766210626
1628583488
-1034497420
626673329
1678769399
1866050267
672402534
79875196
1921085922
-1452476169
-510239236
-1540192639
-766389359
-498113159
1142572723
-388898368
