-1802742911
455634126
1369965731
1548059368
-1440178936
-2105965833
-1951051112
-2104739597
1825991216
-915254699
-230768034
-793455753
-1558788929
-1573761141
1581577536
1847086744
-80202844
-1911231090
240615690
514647501
281882893
-1665813675
-1516580310
-1913610310
-311693362
865663086
479352422
1875630618
466452367
277101486
1866321025
1424258276
-654214531
1701066411
-39935500
-910714998
-932902142
143151762
-1150105802
1761122544
391155879
887240076
1547090873
-1226473869
259006399
-392897109
1865511573
1573014873
2077257511
-561058241
-1538129769
-743836963
-1765988503
1679956566
375844856
-445050692
-1362259049
1028655799
2073862774
1867821021
107961768
170269582
677166129
-579736366
1601781640
-1396213354
609832830
1521841356
-1887884882
649574731
-861535761
1091824058
2023168302
-1621661932
-560646347
1413604952
-455256595
-2074587180
-451989647
534551554
255479984
815922183
-812985617
-2015909828
2136628071
-1397207648
-2131022821
-1716634000
738669704
-1579085866
-1319115552
-849821784
2091224245
-334787991
759676748
1830142595
632763508
1647853255
1941445131
398224746
584678000
1642570786
1617807966
581253896
2119777789
1159382589
242170519
1308477333
-996215156
947362305
-207060692
-603955662
-2100874426
-1688942005
270160520
-1086463562
29058413
1021987523
-1037237756
-1673575166
-822331172
-2064774731
477109494
681250105
50374611
-550814299
-1114475784
929570121
1432178911
1405770866
-615000675
1957498795
-1768740827
-496839704
419732543
668143111
-1153362484
183985769
1562973270
-15993961
1955474286
-676051435
-1345778307
709170449
338963898
2117012040
1873777746
2122020919
1100097859
1683473232
-698572028
1496979303
-1122111198
2117500034
-171355898
1694205652
-1307235294
-2019831319
473428590
-1367539986
-939659491
833552803
1411479301
-176953126
1363147989
1693876588
1091061049
-905672571
2138362763
393462703
981747367
1541266679
-221826603
-1278289327
1794743304
-1876948899
293178119
-1819133648
-1362645876
642338468
1701894197
-129413668
475981592
-55442524
-2066828168
555040681
-1174461834
-1299107590
1510617153
-450086306
-1386784983
-565870261
1395426801
-507549923
-1486975379
-536906801
743137729
-755972084
-2043124997
-722583765
-784106465
470184271
-675029077
1708655676
-1650080315
-812198704
1742212925
-2009685384
773031330
-1043472218
-1179335096
1851309977
193631650
-339462590
-2025962128
-161708403
-1122475561
-2128340296
1357399313
-1116763100
132515020
471229284
1693282096
-528298929
1499412665
476925251
-383615516
786190952
2055537109
803550470
-79458104
292767180
-1398974559
-1182066198
-1929574765
908405320
-873297860
-1891084513
1094628416
1713279465
-60945108
-1859600711
-1901232081
-1903356094
692997524
-547930972
661773110
-572979565
114947961
1139529079
-56340169
1620201507
-496834602
936944365
-1842110598
-1816013166
432287336
863912946
-768170877
145224220
11257307
2109005283
300533110
701466777
498884396
-323197489
194880706
-106919544
1017205264
-385039862
696711267
-442719500
1957445502
-1012243547
-1920922720
-848117542
156261785
1918023396
-1677574728
-231837170
-1253711195
-1922475228
-1510842553
-2067938611
589335697
-1554549019
-2072071435
-572434438
541790053
1796299795
-1091169931
-370151327
-1200006193
1984571737
1296382094
366219693
2135197285
-706786925
-351884086
1601633610
285055134
2094413999
-1060909878
-1807411337
1396306014
1494336947
1150032572
1587853995
384356573
707658680
-604071764
-1401111756
-1523726169
-602042488
-1981373860
-732124003
-1810401514
-693346294
1024991343
814081924
1343297837
496722511
-880929163
951428114
-1969852807
2095484657
-515597996
-280435787
498894608
-1816608980
1311122910
325598992
-786470518
248984898
-571984304
-941782641
1059377955
-1063069591
-150967389
2093012584
-1525938619
-1041478029
-1917340191
-773818635
-1043481289
-1990281557
1332426881
-1489964384
1012101405
1602062414
-414559249
578802984
-299233224
880937931
583866601
-119435125
1603144968
-1871677435
-517996502
1529015033
1951684682
-361156473
-1091141334
-1881414713
-1578609800
1864109926
331725483
-1899465857
-210102754
-41358366
344161559
916069398
216910648
1222953378
-872356376
-1336293370
2116617621
512564045
-632108033
-2045438991
-1035848610
-786009880
-2006762782
1085988044
-617652916
1457588097
-2062479680
-1624899569
236615912
860794325
-266679156
-1111938966
-1730006966
1372193606
-1546549167
1146132839
690755893
-216816765
-1289614036
-797872746
1847094340
2003544476
1269567122
231515699
1394466711
-1748052434
527999236
-1083641879
-1657572226
-418140640
1421011092
-1671241716
331579841
-599188466
444619497
1801930201
-8259948
-604770975
1364111715
831992295
-907620724
-1212536610
-890254814
-1076141015
-907244932
-97235667
-1676373202
613002494
-704535490
247515670
1619930064
2004994661
-959959352
-287954867
-1317146753
-865951057
-1156025970
-1382089784
325870527
-939855301
-1590760790
-1306392094
-1205201564
-1198372427
-989098843
2020359418
881190879
1304004883
35029073
1867683458
-1893091840
25308060
-1839918539
46208704
1102740041
1264036696
-554361384
970200766
427959622
1210771257
-214781142
1338450324
-1674699157
758657345
-2108631174
-738993511
2053599401
-876271606
623861476
-1007825424
885565838
-427743202
1338644383
-163040655
1999867985
-207897090
-1882796108
-1274701940
2140100203
-506985789
932516779
913595568
-381979909
-1243855664
-1127764119
-1540996134
-272610785
-1124937037
2143418566
-1427851108
1461228879
1654624981
-379221779
-1410191509
-1522826830
1760719289
392411299
-351139251
830355201
-717048235
-1217843344
-1175917575
1358744632
-628973032
-23471106
-1118634163
1918004484
-1051547916
1428522995
398839450
-335908384
2006120020
-1352321492
-317801849
268102379
1806827160
-2037821960
-832001186
-2046355458
82053605
657341458
628113239
-80117445
-792123590
777574961
1068030890
-1220681550
867732458
-984566164
1676196732
-226379905
1921812769
1715525814
-1537826864
320987326
33966925
-53269746
672933168
-1336918714
-1959890210
2012975937
-1320974446
-1186769578
-1775819680
-1827670797
1291251087
2021384602
1756932097
-806849648
-1638774599
-251182660
-1477587750
-2050178288
2084823154
-1429885503
1800868216
-489201319
1141501632
1654892743
452149017
1272451741
-1250466303
1928293585
354148156
-379127606
1786127044
-1146881375
2042043449
-234686764
-421443165
978613241
65189760
811521185
932663324
-1396703818
-1641773327
-1770731968
-897277789
-1842696829
-321513637
-106798220
1095764784
-1709859311
1925624319
1670376280
2022938374
-2020622438
1846505799
804530648
934031547
424769642
-1609951376
-1770204791
-1793271852
-341673485
-602009325
1012864199
15006253
589004310
169768834
-1185271461
-1991323345
-1467615644
-1054428843
1694602576
1770018269
1551795175
1503342294
941073165
-51031439
1422683270
-1843779910
-410234470
1111033339
-1840416983
2046855966
90386469
1077719580
557971601
860415290
-219111746
1238141339
1359204474
-2031748632
624411920
-1709973047
877741210
-972208270
1344223917
2082248655
-1949420246
729234814
1870487477
509736763
-895487215
-2039098232
1576346475
1667108555
8834216
1764454023
532710361
-1656569617
797235300
1387648798
-1201662291
-1150145622
-187417412
804676350
-1736456379
1815665367
425493040
-492985992
939282396
-898770183
-24152656
876287015
369516001
1935880792
321443904
276407332
-512232863
2122904762
1817662901
717556138
-122507653
226246276
2038446482
-842077643
923199775
1349833725
-1233875577
-1804296220
-548328059
-1847688861
-999254264
-1120800785
232695581
-109681690
-1204269783
-153322877
-952665603
1135894500
742981714
2067228238
463582479
-347412897
-1772097692
-1089696000
548481544
1474336981
1044422333
1696265522
691863603
-1603483611
-430050804
-1850190521
869194113
-635718522
-737350508
1882830351
1507823368
361027717
-701892224
1537059483
1420095165
-1887796917
-1489174728
1992636235
2111988780
-789648611
-97267420
-452334835
-1859224449
-1348639152
-958702766
1321123232
-88804368
1455239366
-1141141166
-1211655688
155039142
-396204196
1584898112
826924244
-566856785
1739280733
-665543901
1105585365
1297331564
-1345131226
1202982697
1172871476
-1608876318
-1900396600
-1354783288
694185137
187717513
-1101354706
-739716404
-924291523
-639030326
-1475122593
-439186880
142096707
-1085759936
487759092
546507412
-1926210150
-369080877
350734102
-1972579059
-2110288718
176923892
288735744
1227336452
128309201
1386299450
1544486997
1373891951
302300398
-1748536477
-2015790043
664944654
-928149579
637670413
-292133542
1903653735
-195311210
1152244395
-1436541678
-750578722
-392600720
-2009284920
1145578385
1097781929
-1519492265
216467382
-1225584685
-1006448073
-1379553268
-1833654697
-226435749
2098377222
893634003
-504655261
135129241
1009494599
-1980882230
-711734877
1773213920
285521465
656078840
-1101706776
1151179124
-1980727320
-947304783
-756629515
101665047
365896401
-205105258
935729309
-1151415695
1706177485
-918562530
52731104
1129662125
-1219240617
418020494
2121095486
1313114585
478339903
1073202620
395741893
1666768496
368416944
232187331
-1130186257
-1288581260
-290506045
-1055971827
743567449
1843839468
-1483127721
-520199196
1173915315
61615717
-1948415800
1336816798
-68594256
1880156382
452000987
1514271776
-978892877
114042825
482667038
201894297
-667135535
-828702064
1128713934
2006197374
-1107319918
-920964465
-1892348893
327355360
-70571195
820484222
-2045067419
-1779146415
-1309688898
-1368633645
1138824029
1543730413
-584130311
-339472257
-375978826
-1359346849
-566247653
-211038640
-658664845
-1882786152
812943417
-1266684934
471576104
-377392365
1679423043
1024655598
1914247010
710004920
799873418
368404907
1719776220
740916874
979535645
-2108563636
113323740
-1159893530
1697664484
-199341700
514700559
-552658035
84124445
1187654696
-565540063
750116589
1107196212
1000359279
-1399757055
831773247
-1227472113
-253434305
1709341599
-1773423565
2112938539
-953905687
963475737
-353753832
-1001607992
1077252027
1663723123
-1635905244
-1304714993
1219196866
-1413520218
-1895432138
-1173781005
-1170633084
83714912
-772674765
1763034559
-303016016
1103553957
1510270302
1411652611
1881526110
-528396778
-979631694
-483908627
-543763869
-231539766
256851572
159969702
220531498
-2017649311
-1954508914
1727833671
1726400855
489964249
-912059985
1025345479
1156309865
-732055435
286537158
1370355522
-321385358
-895663168
-508990352
-159933254
-958995131
-491261601
-1035241320
1185925068
-37643891
1401050451
2072448209
408851960
-1024932944
1029216492
-816281265
1999267822
1423846976
1066866557
687050831
-383769630
1804277215
-1123996472
1391395152
-1261584286
2087611582
418787391
-1355770447
-1269214850
-1907877049
421465306
1481636998
-1969682615
-1013845315
-315837711
1309516558
-1311720119
157299345
120421319
-1237310873
112100711
887375865
-747717607
760358810
615485193
788069714
-238656207
240854512
1262497864
-2057463405
941745033
313486078
1214215814
-2118912991
99370909
643906491
-2062735431
1139062569
1660275334
379322762
177755342
-2027984884
341960022
1321859655
2138088908
-110011390
-405265324
-1681597461
