-218871649
673091733
-1013271726
-1948907441
-1862029540
-163134487
-744658199
-1769349708
284133007
151065872
2147200890
-1605009445
-426918981
1603835477
1160146620
2092903064
-369829971
-2014520135
-1356953321
345029607
136340572
-348644571
-40280715
-1913687960
-808105099
-986120522
909773976
-1487459080
-1208646821
-979422988
119487896
1605855586
1115609226
1875402001
661895365
-1890734209
-1169952549
-267092487
-1309120298
-1336312225
1221879363
2141509248
-1073467648
1264840231
-552284890
-1026185532
1045372750
785471149
1370976069
898043808
-2058109701
1969084373
-1837355201
-1797042016
-1200384529
-15548627
-1928509235
-1982328541
-1891662244
742546665
-188160678
1005580360
948386098
-506604840
1660902292
-1927512516
478427356
1603187974
1153008737
-407713634
-1553717249
-1386167211
-1319048040
1492327756
1004183600
-1263017046
-1436633206
848090146
-915283210
-732461655
1301144561
-1124487498
-1988313963
-1780606481
-886011987
-916009693
-1516447858
-54470131
484923684
1787806367
-1598386261
1746016162
444625225
-1726600008
532809130
-478731032
-434343740
-431191752
-608407
-192286608
-275045661
490145124
741469184
45235907
-1363969990
-1195367025
-1727715889
1337468657
-210218252
-1860629604
1249029652
-1490144014
-1330793292
-903426267
614872700
356908201
-67529695
380154867
-1810705805
-231320039
-893305815
1867679526
1411440184
-217089274
33664569
-498813976
-68379918
-1641697358
663868002
1803096923
-693448182
101176073
1936859035
840982419
1710236907
1968172069
554188287
1558021100
-196794964
791339444
1661754885
835002712
-125869847
-573730976
-1492524329
-1097740115
-252442856
-2121060150
-260121960
1260710533
1404756058
65131073
89426577
389724972
2089231702
-1876994681
-1661694714
1337362580
-110419514
-1145272670
2091302103
532747548
-1995933799
-1433000811
-483891898
-503362173
-780728778
44172993
-1431248414
371373058
-1870192649
153913971
-1670239829
1777028894
-467872483
1399567386
1053756566
-1835865132
682769560
-1377973790
-313463472
-1131067375
-36612847
1197069123
1444873645
1419575881
326152041
182757224
-150650328
-820179346
172629043
1409556657
-755909222
-1842990786
669078339
-750669480
-563934052
-855922008
-877798319
-1487680267
-4031386
1173110900
-1613676081
-1801472172
961839008
-533039115
-1222358405
-380249967
125208058
-1338365535
102482398
-1027127757
-1308627130
1882017261
-410147230
-845211281
-1479388775
1711119559
-646474965
-363108710
-314669451
-1001094211
-266851704
-1941099845
-1925113073
1883778665
567810088
-452758072
-1330528113
1297141756
1164642538
395082855
532710529
-573218111
-1872380476
-1185521135
-775199515
1723818433
-1027297261
213437566
-504098506
2087393307
1450020152
-32571498
3504953
92882424
-1342055058
481808411
1913679610
1921713435
-747265235
-1093784344
523900233
-837495672
1665855937
1424592264
976547589
-148984271
-1391691187
155480711
-1390209054
693039658
525902621
2078985305
1303341252
923645278
1913383200
1570159152
-1380024620
-1772819695
-2093873023
-823758318
1269090267
350827692
575589025
-1631908116
-705918181
-1037368501
-1301054387
-1347568679
309728620
-7120741
-1737624749
1086768946
770668750
833706652
979603856
761639914
-495553831
-1344421737
-1108710445
-1639294566
569266167
1198761083
1132410821
429668235
-2009156924
1197751353
418266369
-447269100
430803426
1971430671
-746259199
216262251
1816880534
-198482701
701135709
560907431
-1677104113
-1041908807
1860654746
1455216002
-1719949024
1109443928
-222473427
-966544309
428350350
866617672
-194573379
-1772366930
102760373
-1174714451
-1245522846
921280096
-4253154
753411311
2063219766
648383819
1848468321
1501724649
-537941940
1205046614
-2099014370
-1165105852
-1751864334
1630240433
1780483101
-1704862189
499107102
168974218
-985966529
-1978106127
1154456308
141897730
1573609659
1870564333
-1514741926
-849101210
84575430
1246285036
2138284375
-2070083142
1556382542
-179716744
1818365861
1376433439
-91021348
1997454197
-309050629
-1262095104
1973776261
-1887105696
-1275700740
-1004232476
630156405
-97212280
18331611
-1520445415
-823793922
-583350815
784803871
-45925226
-1861141174
-1141068480
-208635744
-870768234
453814986
593083608
647774699
-1218099157
-1919048481
-1960058030
849625321
-1529977902
353187753
1861304063
-760596638
-518228595
-1427342780
853517744
-672170204
1750773254
-839132319
2092056364
1704533658
-1986270982
1316569644
1412782907
-434435823
-281900478
2034150782
-1048410738
824751555
190175274
1560039740
-2054086938
1882474897
822526448
102041005
-448172520
-1512774156
1590049175
778954757
2071269617
-1802687517
-720567662
-1552616693
1961671799
-1346784097
5961549
-2034724468
396486163
1596573315
2123990365
-448369618
1791725656
-1008930179
-1487357413
1511208140
1154551236
-180559886
-204711094
1623279505
1819499882
114633094
1208626707
-528201635
744234241
-1773653085
-1433999763
875450554
-1059446806
-1725296478
-1799045229
-774417204
337428753
1851861837
-339438577
-1350701095
-397365520
1619234136
-988027216
414268249
-1372459640
-1383362985
-1457213859
808814271
-1804330788
-1438038395
900289613
-871467947
-1746087339
-1769681095
1631411012
-153054336
-1139635683
-556597451
-1437730146
-1058873904
-2138180385
-322652020
-390357051
-1535185258
1686230046
-1455648887
-600012233
-1644386945
1350741368
2145282547
920465851
340461427
-1245473345
-1431284667
-1726800838
575506824
-1699284102
-1222643243
-529063578
-1867174883
376414347
659919677
-488473731
1979928110
-2009358929
2028159563
602115611
-1800756648
1882231335
683359128
1593416130
-1673822237
-1097856210
-1757324958
1611857174
-1901594789
-2086751606
-152996802
2109883282
-692723519
-816527176
622810516
1812186118
1555613050
416839609
1112824042
659780141
2105443449
-1252919404
1450817178
-884841326
-2119189994
2109624994
-1126685595
-1951626391
-10341439
1921571863
-2103699973
1447500396
-651289025
-1766360809
-552892567
-2131773718
1149216026
1748890326
818042063
414756879
157987609
-1785544580
839838190
-1401745005
-1548796762
1131547438
-2001739123
-1188034208
562849306
-366489443
1047607300
-1143813503
-517857610
1445405542
-2128936829
-1717515309
1980829352
1534112989
-517381718
117204010
-1126265020
-169133643
-1167144610
-336971267
185855281
-1335864209
-368080439
-961248006
-75519815
-1421462344
192155042
-1590716572
859994887
1984679415
-618083898
1171111972
1048442531
2124954928
792027971
-1094260672
1431992277
-1659446531
-565648922
1188721685
1871627817
1990295856
1270208521
475879795
1239348398
-1673091494
-367974644
2069276877
-1356362210
1700285850
-1079522152
-1099877338
1505149213
-744387110
913232107
1539916879
-234614708
751102089
-1389587764
1214699942
-1494531721
-1614959122
-475840570
-349425087
-1359491710
2122992212
-398743486
315211525
-1443561474
-198666920
345712090
-796135697
1120941441
-394918894
2012201008
-423350572
-1504818804
1800517835
-148456623
-40187947
1294251919
-959704247
-534455614
1616254077
-1361332969
-1968775178
-343876454
32706124
-2070057000
-506796427
2145744299
-729581936
217688253
1948288177
1366604534
-435983682
825393562
463189440
669557817
1617361
-2039225083
-247582927
1618048833
1675216659
-362041101
680154803
-1340167529
-2075161094
475297422
1321266728
826264921
-1497199395
-30076450
1002141405
1868474701
-2146875741
69853596
1756805800
-951916075
-1434066169
-88217259
2103984902
-1815454802
490993524
-1160929536
449204480
1137105149
-1856064503
-818641384
1155589135
1350917766
-1387518483
-56169121
-1380241327
-1240421261
1977154816
1920052921
1518304101
54725788
1689549641
-810604941
-857027639
-1921679741
1596292681
-1668624060
-2129043832
-901573337
-594780339
1385483279
-2133817436
-768111964
-89031545
-1579457942
645266566
928031110
574747323
-1974963226
1873197216
293342408
919538592
1174370559
-1724605423
271553822
256976310
-1958901940
-748149154
660713406
1221425320
1252152482
-1648986203
-1893862830
381240048
-91898237
920866073
-1382460023
1688788696
-2138593799
1101541084
-1339207127
1620878708
-2081370871
-805494574
2003506417
-1548931937
692856847
-1900093076
-1973309771
-1393244352
273082664
-1318632342
997854735
1209727871
-1163645579
-1262454342
948649812
1039725914
-1961825957
-781063188
1202537975
-1809760125
-583211221
-1794841954
2042846781
-1791769965
-971796852
880090438
1352235320
-643974923
985853908
627632413
-547418625
-1026380898
608829929
-2113906968
-1331386179
1673844744
1013384317
-1666365834
-1377042486
783990060
-254797154
-1744840457
934192287
18198418
603630991
1374841189
-368863866
1237113653
-25668683
-715833803
1897832445
-292316962
-1965923752
-992773209
742181633
-1306830559
98616673
1070483799
-870744238
-174435789
1013325727
-1730702998
899493210
1836427865
-471617412
-791906196
94195161
-1374234633
175750238
-1096001687
-1366491183
1201548924
-1701973030
-716574842
-1043792534
1091041982
1468500528
-1740677582
-336128759
-662232457
570029919
-35822629
-471679559
-1105871549
1722681455
-1303080880
1832205404
-760128968
1429507411
656594731
-499401267
2081435597
191022067
1196913638
582654532
558231286
-561907993
1638588756
-408019789
1070615347
143238977
1136864053
-965436456
304627088
-977978824
896647869
1703731190
-720335864
461402061
135243317
2006656866
-938584329
-78527423
1351035198
1704040196
1945745868
217679645
-1692573972
718181657
-1296599604
781385536
-1882312143
80904003
1080492155
851160952
1076646351
-2134743830
-37770808
972027713
1839505974
1677723475
-420046166
-303594122
-12903990
-2098973852
-1886921028
-1696036723
1223386099
1914327544
-1834054884
-818741138
905132344
2046721030
935592326
2014562300
-700530738
-1121282312
-1911666598
1555153801
1881553600
655643160
-309518429
846428788
2046739523
693499553
-2130964639
-327084418
1295919837
-1459598394
1263181602
1857951892
586000921
726553281
1734693388
-589268521
4862114
-1768750335
-18729079
-45076458
844956758
1166606819
-1750165179
-1408450605
-1215309228
-72873322
635631931
253530596
-776681034
-364975660
940372259
478389994
429572991
1380113090
18879960
-1306759144
324694106
-2141812849
1796064059
-1424720834
-1128633115
1756705584
1285241096
557199070
-960432976
-99953604
-104241017
-1798735410
-1169700744
763455275
-586843254
1760335390
827497240
1287264690
521059132
-1311384046
561907162
-559639844
149014246
-475138302
443696613
783036678
803757416
-964800701
1075889626
1183312970
-1911830867
-1893649770
-917894711
387524318
753526996
-1171579013
-462022989
-1802927094
-475610347
1299589572
2046352179
-322093305
218853588
-144599072
2065397754
229153524
-1214847234
1712612087
-1241478336
188243537
-1977686134
2010360454
-583029135
-1816829650
133771977
-1998050585
1961372213
-38975318
1828615530
-1964329370
-1533751820
-1933218593
824489042
1865015598
-1509004587
-2120430008
531946052
2017443827
-1765573760
14414535
671541139
-46736949
941867232
-1613560537
132918536
-388655324
-1557235556
-1817403024
2106145479
1321039497
1420594762
850207522
-458929463
-1866660574
416213279
-598735767
-332230903
1527917613
25201926
667193114
68950222
-301028841
663229995
9592513
-1702969284
