1760455642
-746680096
1277679821
1652349234
141049951
-307345430
1301652584
1948193342
1350701112
70191284
-1522536097
165492281
55960919
1788026942
-1606696702
2085538387
-1595389641
245428547
-1951337347
-129534834
1604314794
-289592475
-1600796879
-118244385
1758248901
-1880233060
-1894083054
-1946223445
-503850239
2019973179
-912197402
1527396679
-1629063103
-349893793
-1704906354
-432927409
1617916917
-925433000
-1668011086
-1734918343
-1756715344
638502390
886123779
-172259631
2064405299
-1124833931
925657899
-74330217
691240964
-841920333
-717893957
735676604
-729482112
1157438476
-12493644
1943268242
487000840
-922069855
-609356504
1534447101
1493798898
-2067405379
-604823549
-1352723411
-2039266235
2108315518
-1170269232
-983286392
-2061429249
-134672913
2051167264
-1062194378
491570726
-639484431
-937502198
1298036878
-63856875
-153327106
-931284736
-2087739394
-746609924
1282439620
-1047185457
879804015
2072498420
706855323
-954494727
-1709055873
-2043752766
1814698637
-968266459
1387311571
137832394
1813280483
417645055
1555438776
-2004203705
1669008646
-1602754223
-1827905806
-1343349680
-728975008
-813951422
885474373
-1328430641
1665560315
1749491465
-440188028
-10584647
1863237198
1545013540
-402984602
2033186598
1145831230
-1973391054
651497946
846538641
-900297802
1179990272
1761700177
61109750
-2062123054
-787634563
-2070797108
-1231408702
-793162214
1897522382
530040045
-631036850
1961540463
113588452
776624219
-375228749
1038478392
740334455
938148363
536755978
183462127
-1266265171
-1521608464
2062023815
1194092557
-1854671478
638089126
799842459
945309668
569148934
382383027
982372454
-1246343894
-1215657883
-320211821
1330194725
1029410527
78986916
-2041735326
117202270
613173891
-133460091
1006285823
-860139177
-827856517
-385962020
1686196374
-1094895803
272473647
404412326
914754951
1810071557
468720659
-883444030
1544856760
817356460
-1053081658
-2011514682
-2010230964
-472644354
1698019444
-1217837198
358220871
2037196821
1954081546
102597920
-500361863
634164401
-1310019009
677784403
1508945780
1530876001
-18186229
-417713933
977242191
-130274165
-1458438626
1812860208
255397566
-1773166168
-1613492767
1461317475
373726229
-1413921312
-219974796
390359548
-1441888796
1279316865
123379140
-1709059930
-588942729
-1378130013
1278751709
-1211989365
-820620913
-806445414
448631087
-1821700897
768643405
-1504166008
1694667155
647704147
1900413257
1898584458
1503373998
-353119920
-1697833214
-1587975470
844413242
1237579774
-150004455
1093178709
-737862900
-857799914
251919940
402261839
1970822383
1343548025
-1438370412
-2082658063
1110214112
811958803
-914345695
2123102152
-86092246
-826033410
833889056
-1758932092
2050288345
141958269
1806203083
1481631854
1033268626
2097580759
-1717358869
2007604603
-638382248
-1099486935
-1386679895
-379143300
1504271237
-1708744287
-1186447319
-1498991120
-2102579172
42746550
-121797067
2022395934
-857430182
-1277648385
-190751803
-454130066
324991532
-1453489824
1445905666
-689495217
1560026253
618455809
1640536761
858808357
1747546697
-1347268132
1730508735
-1808518487
542975045
-395014898
1068053322
894185649
1606985751
-304601332
1183647954
-1149276217
-416186390
-302342532
-1649340153
-1974024938
576813713
1561762655
-827248709
-427931046
1621317783
-618503484
-375942579
1622496186
1740895911
800045790
-792348315
-1101806549
2000589264
416344846
1903894143
-1354747455
-1058467775
-1197975310
-663974886
-1427116405
-624070021
65848687
1862886735
1688896577
-436840924
-422852438
1953537877
1485006454
680283857
-48029563
-31438366
-161132955
-1791974798
-1919587360
-684692872
291772561
1126534550
805443470
505237203
2128271051
671914425
1174335161
1605247381
-1810707460
-255002597
671713534
1219664294
1166233784
-1920264457
-718269892
1679674841
-1765869146
-804860483
-380636801
-1103735001
-1128113059
-1705904392
-1388662464
148225024
-1049449611
-1425693355
-1937492176
-1942682134
-713246141
72444538
1493536659
480798086
-519556125
-300597827
-64319834
-407055485
-1950168038
145936997
437326625
-1483249264
-1093680866
-717078030
-1473374261
935738992
170901473
-751537736
-462366764
1900286524
1827310483
-204129732
-2046076793
221186944
650686680
-1264819640
1342964565
-1839187321
1046978504
1417987314
1016920305
-2108579121
1165773777
-360498432
-136946874
526793368
-6616078
1025381611
190624124
-167050624
-1530495797
-1433083699
784332657
-970749269
-1915669880
71050561
-1428214338
1562108648
462236465
2100031785
-1871071442
-298307613
-1996208849
241137531
979393508
413777329
1653342893
-159383547
-624208721
-1365689186
1497208644
-2017122645
493786614
-147407420
548262205
2041852886
890426834
1215477945
344982961
-1471629105
-1038065821
222513731
-717993246
436619806
-821662482
1326827860
1107957511
1589835028
1285898114
-751505397
-666466520
-120285472
1332214066
-965613878
-1375963189
-1247790427
-648394886
4834919
1643068426
-462877876
1848283599
328216368
-1116808366
687086978
431764053
-416429217
-363326080
67865287
2069055834
-1374250013
527762922
-1907685046
-243180023
-1856016945
-1559599044
-889635839
-748164876
209919845
-1369044611
-1469587334
-319125231
-1970644562
2055285836
-487237149
502149109
1491722603
1437016070
193881935
-928001628
1549202048
-450985308
-1032548072
-2103332458
304485419
-1760819674
-1465280009
845232766
-1124762679
446798055
1599691978
-190015415
1740884001
-875854604
1187646995
255545454
-646593355
-1172454513
893757728
-1216843104
76939021
869812191
1528752401
1182894318
1896076332
2045343898
-1322309545
1465274089
-299709738
-1883706574
2040014438
23596155
-98925809
2063980449
-1054856611
-1185827163
1336285676
-2121480074
107890168
-1820547328
82672613
1017343011
-1627077154
427169551
-462369421
-213879529
1798258264
-1467300202
1684016489
1857579634
-179430175
1167974597
1832118368
1583846913
302442188
2115911351
1277838378
1123238760
-1359939580
-1767639727
-708540281
-1246812639
-911094823
-1656055715
-379482285
1255571144
-1901990936
-409393761
-1113289352
2098334711
-1640152998
-1206774840
-537459639
237432544
1108292455
-660443470
621799272
1496757682
289382359
-2066093569
-1820108293
-665895959
-1204373986
769282972
-516294442
-841449905
476382193
-229990394
20719878
-374980399
-1782336330
-370797651
1323273894
743490430
133412385
2108163841
1543808153
1941363639
-790052754
-572719590
1810675748
-947789320
1098243804
1977274558
870204244
-48082582
-746824842
-41634533
171619442
546645586
412311473
600895883
14472737
963181949
-2114950597
745113104
1319801188
723441813
546166039
-506638696
-683210199
4062641
2092465459
-320442929
-1598765773
-1517447606
620485098
-1106095969
1556261942
-1342301246
1657609717
290158842
1459215929
677514123
-1791052285
-1138469342
-237100323
-1209211381
952524262
264104682
418394504
-1431461842
1417214288
-568317355
-1301815829
-75312811
783299086
-1908629580
-653831939
-1671903451
-482830160
-825722873
1455396962
-934278878
722576543
518672456
1254904624
-1175043076
-1688683322
1484350835
-2017113413
-1773505838
-953799741
934584964
-429944282
430617936
318968482
666344166
-1170872883
661057197
-243557986
1036234974
1601731157
-885060817
-190919954
-1291316769
-1417981977
-949283662
1691718693
-89973013
1260088778
-1424277639
1400351417
26616388
-1022343268
-48116579
509458653
-1596169688
-2017144306
-1603533351
719206721
1962150035
-1246471793
-2042584465
1181864186
945827147
-588717317
-1526131469
2018717257
-123601005
-1678078005
-2124196008
1192250189
1245736302
-827272355
1999981308
-1034264525
1484543482
1982567754
-1841219076
-2105414677
-1413106316
946536725
-1389661501
-1601688959
904952256
-82486682
-509736105
463460348
-1337049483
-1446529584
814228518
1706140688
-1789356799
-966152898
1661691356
-667204305
937032406
-1272666335
1254158239
-195891359
1288605196
1300593387
-750098316
1151174156
-406212553
-610316321
1495735498
217193755
-995759328
-1138761045
850592420
-273310026
-149894407
-1333599397
1615507779
1035129768
1114318408
-1735913397
-1681314637
997672543
-42616415
495654116
-1569380159
-1895053055
-1859332709
2085597902
366800
636685281
-1392040020
433939409
-1927342766
-2005116903
1558143943
360292100
1359310380
1288910202
201190232
-484479585
-1519030640
61320822
-1721367784
823514499
1872774570
1131517427
847924140
-447440584
-1835567170
1062761438
-315495244
729211591
351709495
622356466
2100011598
-1065425268
857694843
-1555885450
35208516
-2081515118
-2084674772
-1043826902
-287259701
-100806773
1709516265
-748668900
-275717056
-1934829933
-1274103375
-1885005535
890834943
2020559169
2106284354
1899822638
606909517
-1220747724
-1248524185
-818204199
-399500777
-1927358867
-395254260
1742431588
655984745
-515533569
320193085
1888055658
610528175
-2128259005
-1692037006
2144329014
-837234797
1360477154
978968000
-519950935
-717577558
131477271
1933726652
-903017481
-1188174927
-69185381
1892299740
512478686
1069282303
1795055391
630493468
-380173177
-861885180
-304289292
-1306812914
1156424614
1783255484
-1931017873
-2128720461
754657263
-1156017294
-430949761
-1857243539
-727262
-382728717
-987431389
-1564997086
-106233282
1787272885
1157282806
-2018417768
508643083
-468976881
-1152335183
2069350266
543051481
1674722346
1425383054
-339566910
260988688
-1076552861
-2099437850
-1254272339
-76173320
-1117080736
916846554
1993896992
-393255966
-432113641
-1655117632
-1811272761
657496874
-1172168544
-1141346478
1912399976
-2063991656
-527744302
-648657692
653907643
-2033843191
787699466
865723380
-2013182909
-1919144466
1136561957
-2126622212
-1091184511
-663073904
1372435317
1092465887
175309099
157076499
-488132924
2049784262
891913310
1174971769
-1235867602
-1906259257
-118435523
268557682
-820745923
-729276492
2125020188
-967727670
214643554
-5481419
-84787053
-1867888190
-209661945
-12096707
-1286310562
-802379247
1901240529
-881010428
1062392310
1778689223
-314901039
-1273594270
1594178160
-1098883750
-1430028848
669754187
-1470953740
-187413033
662226705
1998733791
-269914366
1035608468
-1595779820
590696581
2055127161
735950597
-1017338600
-447374679
4936034
336904224
1264865008
-1501665966
-280922607
-1204014476
552097533
1134068326
512158522
-283030764
-1707429521
-1650595543
572258552
-504744758
123503025
-2130726286
-1393154835
429275597
602144003
435227525
-980357911
-878165449
1192919732
-1292674251
306333014
-1224692552
594856207
1793017267
1490476836
1940008348
-209790355
-472506140
-1599875495
761463501
187481408
686056841
-112126546
1030317568
964785401
-202983521
1132907583
-1459511604
-414346413
-2133865609
949052509
380643017
-106975922
-559583657
770729109
1977605524
-286498568
250404
1755213970
1162399252
-745456510
1144858207
806744790
-1421144852
-159859493
874180793
-1938907236
1608394512
1893337841
164577943
762618885
77864244
-138206056
-233215057
1696737718
-94004554
-1783828556
1654415047
785503358
1959978943
1162869699
-243767848
1446078238
1208852910
1669177339
-2082544637
-1973931526
-640470369
-225674784
1778355058
810008985
564304245
-1676435412
-485399365
