2013693515
286615822
-692977610
620252034
-70927130
-2058879112
-1249828767
587466371
1439285366
-2054657951
-1035664918
220404727
-1995602089
-554502064
-1433419113
1238649170
-916393218
-571444548
1430833790
-552253447
700422422
1663324116
-1181694156
-888945378
-1255525334
-557497304
-943637981
1295655599
756634244
-1301635753
1942270421
1959294859
-191798142
-1811487380
1544588760
1871795775
-476257427
1619169367
-1423047592
-659823701
-1852254924
1914711819
1245534971
-814986358
1442131652
1142701444
1473797554
-1242636533
1899257590
474795303
-1481295703
-1611169297
610719972
-1628078010
-944963475
213715755
-1358708667
808078916
-407784110
345718171
2002828415
931402683
-2045639796
-671259957
743639210
-1214431173
603742494
853765522
-414455436
446743547
1076678615
1248676086
-1357443667
1101733741
-1440390021
185845668
423714899
-1678798012
105872175
-1809706744
66213604
849341036
1865655294
-381426598
786892804
625256198
80083329
1488594093
958756894
1894489560
1775586688
-901376355
-1896730807
1843128560
-755943605
-2046346788
548932707
1230873782
-1307222403
-1136795041
199672808
1133616098
-918547190
479333327
-619514718
-1292922693
1704012927
-523717713
1854171461
315715675
-165614911
1640933245
1631142632
375204744
125452000
-505549646
-1802503778
614101818
1241344862
1762394626
885033626
-2088042410
1531475959
-689985069
-57210469
1350451031
727804391
1172049694
-597486144
975456495
1009797090
655893726
6720854
711675546
-1793056015
-1888794110
450241398
-685865890
361747637
1121540171
-2122127551
1617022115
1195918532
-2058274831
-1071336017
862034941
1516280797
1082634652
-2131618623
-1611100479
1806188711
1800957067
138174261
-1628135392
1958530212
2087703695
-1332400608
1530937367
1182487062
-1521615844
-2082305338
1985623869
804171364
142622311
-248247047
1226167758
-687740657
-48848097
1624754493
-1082324348
1335173086
829513279
1554451636
1716141333
-1532034256
-810753511
729021606
-2041720007
1731387120
767890705
1433327742
2040957745
1971931061
612431441
865834876
2131988597
-1504428705
410983649
1211003199
2056900250
-1470879984
1220550061
-1646365624
-2096124297
-2113712887
133004661
801071748
688256329
831967660
-1931541168
-931825674
1523543741
216691395
-1822372722
-1122280310
904539934
737817682
-768775418
-551288615
-851263512
879858267
-1266185787
233973312
14074676
-705390154
1339711359
2010747703
-1641846068
-2132219603
1916453652
-1361757793
40853878
1185899021
-145516599
-261885213
-608203405
1751696477
1273493490
1410877709
-1479937511
-710185720
334792663
1750857976
1809538563
1638938078
-1546727760
915641452
1688435470
-1326798812
-871353520
-1269160706
-643705629
-2098232355
-2057844103
-2020725283
-2058244025
950245647
-1730286208
-1559636487
-687193349
-123997922
-1886952799
1131985637
-660729032
689702908
-1527607501
-1935330412
400334720
-1836265981
184023261
-601317987
520897468
-763164433
2055856143
1422122490
-1636927736
1599561251
-1897045846
1225675181
1077917208
1166735099
1219102127
-1842514548
-1394692178
-1544346818
-1838373418
-1334251171
-927011030
-2068863991
-2071548941
-1726747147
-1774972420
-2104159190
-1995822050
1354868850
687165377
1372871147
755994086
1805609656
2114564376
1429624194
-1258929700
-972065314
1570107896
-1559508930
-340632918
418417688
2113135801
325490221
-546350278
-709955534
704891867
101274072
-781205472
300847367
-272681327
-997182589
-608177671
-607589522
-2020911138
128788630
591293852
-248295798
964220676
-263776911
-1375507103
-1033275078
-1931385898
-33117384
1627621544
-2123470430
108389065
-749058150
-1175896176
-976278646
-1113119858
1386447193
188336733
1672160739
-1126312007
-1647380161
1064171701
-104872581
-256532790
767453138
836190713
74601008
1444713934
-1432992660
767387849
2121403479
793083853
1906593894
656097094
2136733419
1061587323
344345678
588144663
-990124348
-1401149878
708657160
-1779213512
1779749499
-1832766762
237527917
1786126818
1243265188
63488862
1838213124
1827663656
1800738750
-1893104744
-30898828
1256358635
1756467467
1390825878
-1283690849
-1623258879
-2062222262
1161391127
1537042692
-1466334986
-1907873975
2020792205
220085736
-207587622
1081962312
573261345
-407247884
1339681684
1353948698
-1025456116
1628821215
-1765607664
-1384265887
-1093335358
-1741762722
2062470782
1825607307
1390520589
-1314164979
1691480397
1875692051
306242243
1208287154
213894228
-650671968
-1600671992
-1569551704
511511289
1911514524
646459843
-837215519
-265862279
1626085500
-310540683
-1136201181
-662919940
981462497
-237692325
497021115
1086724945
-981403712
422713546
-561742332
-1245750004
-1186023835
1652036409
-985860625
25232797
106811517
-2071691285
-1302503892
1501953631
-123489934
-1478210945
829914641
197503977
-652991842
-1570558509
238870603
-856368803
1182835960
-469710788
-141969842
2114593081
-409827861
-1180643844
-149312272
1280848231
1683258923
504639001
806464308
-460480354
762882437
329827799
-1433433641
1194339652
-1942231997
-134689168
1410915662
2139791855
-1495038157
1638203736
-1054962127
2134012796
389198953
2932429
1748793149
1507147438
-1989108597
1699411750
-1056889896
1205242888
1890336426
-1068188798
-1819855071
2128137526
22877195
292359921
37523127
170025767
-1933509689
866046053
1005732312
1800920557
2050638142
-277216682
-808632010
-523865638
-1364483355
-1086638254
-53810931
-408891919
340277752
456764066
1756532795
1603296086
1075368875
-1156193052
-688326471
2142733473
820841360
-1767221167
1156850237
-135162643
-1545852388
-1429744954
-1371489342
402484987
1485068431
1574904452
-1630460712
1110703292
-114835934
506927690
-196551889
-1582675696
-154356301
-963701756
-863509140
1748325531
-527761570
343033583
-1844228535
-1638674111
-1229809800
1844900419
1828839677
-727102533
2081029693
766748787
1630782232
1256651994
-561609678
855780585
-352062630
1131385891
-1776290722
-1783605509
277016295
54287000
2071166780
1831380558
2077120830
-1425093485
785422865
-1802109273
417172700
1167176410
700408746
-688027448
1234048745
-820872829
1984955683
-1390174447
1179246957
-385198691
-1115892230
1820525825
1204592804
246147223
1274632192
587139570
210382267
-560452300
-179592720
1488076073
693056780
417112089
-821687196
278632311
-1559268648
-308015950
-2090685435
1838483482
-1052095916
531225993
-1220805074
1661058082
-2068652229
-308105693
-17639728
-1584054086
-1434836813
-2021256284
256091672
-1041302894
649981890
845742501
362734174
705532884
-1144666015
-1173849617
1399587036
278342412
1511601502
1004229954
1647775725
216064737
313789922
2085146908
-1534901939
-237739995
-430578678
1462806726
-1722618133
126867418
-467201215
1303422492
1817940276
-806130973
-1198451670
-62147342
1947117479
2083821866
-922012880
-2019077286
-1891916325
-715771715
932758205
-1459125156
1542547526
-1345352649
1775496721
-1005591967
2095391892
1009739342
-2008459013
1815402063
-1157722628
1996591280
1505451070
2027974239
-827168119
-609251292
-1284009490
2056131820
533320841
1664500248
540252950
-345183016
1246840399
498021229
1030885120
-724149236
1187820405
314322846
1233136327
-856623887
-46221536
1412620615
-1058601526
1986624796
720340798
-773462450
811225114
-558908602
-433774379
950723350
-1630971026
874318347
69512478
-450190318
-1139190088
-1545111567
-1138461118
1167872881
438191327
818952329
340478064
82938929
1727795387
-1977555971
-907396840
2087050545
900201750
-1955824515
1483344776
-1585025294
1532222619
870996513
-2004236304
1635577967
1740062711
29314643
661369225
-1236040493
-567285939
-2054091242
-1160378978
1736586251
15961469
-905412350
-756491637
386305649
-2089444034
1073881321
-792584607
-1133954724
1609012958
882264823
1078228119
-1716774230
598607819
-2030303312
1121194541
-1527694172
-90002082
631840597
689844173
-1900343817
-1073681813
1785121970
-171079447
683699091
-809949772
-405592223
1480305075
575864799
624919499
-971916579
-1178845702
-722429221
460044963
-483266684
-748729810
-1006890076
-1577589450
835211020
-49020565
940165164
-1898797863
1814132678
-974102765
-1638210740
-2012280010
-827641294
1516021027
2121664015
2107661760
223151316
-1263030438
1828174365
-2112069904
-1523743657
-2053688639
1468957979
-1460512040
-1003025452
-455963664
701023384
1590330528
552687012
-316900617
821757516
115000787
528676653
-1890458971
799496048
1252772355
-184535899
-2070334284
-143189080
-627966670
1628975348
-476757857
-387763528
646443261
-377181090
440208384
-1135600117
-1471803132
-2021316829
674501519
1684550153
376094243
2021153837
-1101658765
-397389551
-1962756386
-733019057
-1129258629
763394284
1683198394
-609129654
1818415510
-984531149
1082769884
1932798193
-1434963406
-2090778731
2133580400
1090022580
1805825041
-1722523932
-941578631
-931019541
359362552
-1922218405
-1088424418
704097892
756492581
-733321744
1769677057
-2022599667
1164112777
2144841196
997368229
1596550649
993293856
1678580751
-627664782
-1207724717
1126204520
2100738925
-483461679
-1099266804
-965100945
-160044466
-1258847444
1352742918
-1464446135
1348145381
221758932
1357812269
-494207980
-1680760651
-1016498674
-549295908
-1754700702
-404584823
222311147
1251229526
1577196993
1650610622
-985858764
-1328645129
-137243376
559842955
-2018256300
867839051
1416417790
1555159424
950207877
81426807
813318856
-1903357034
1389224544
-1223919268
-1511016908
-1584504971
1860253335
1606649345
-839154012
657094796
-1783344059
1649086559
-1576397877
1973353377
919284132
11551436
1865905224
-492591356
-466104993
1238572472
-1542809978
364907324
-1358359098
158874696
669437642
-475297853
1078163376
123329979
-2098872965
-312712788
514183885
1873972546
1971313560
1716537866
1557685603
-1108621816
-1021894252
-1993598507
-247815019
924422893
-771621963
2056321435
-761876201
-1169889129
1862640972
-463688513
1991510732
408600595
313979612
344850834
-968475913
1784183666
1843685497
7888296
1914202060
1309411378
-1747746611
-653270522
-248675331
442246397
636809560
1218638311
27867331
412288853
1341178490
-1212684472
-2030960754
650535004
226957973
1727899009
-17527404
-272582450
-1067642826
198812377
-1814936304
-127804891
188338421
-1585681908
720454538
52724408
-112666557
756539611
2117441391
372558483
59646849
-714548835
1882355583
971529570
563431108
-449206746
-457130388
1077496401
433096321
1043040812
-988735387
-1383739640
551726419
-24816278
-215947349
1267466426
1939057110
292581818
-190472669
2056609477
2106011245
-1666597621
-573878302
529601258
589382264
1359865681
1181465401
-1914819762
-1318459263
787088970
-756678862
118135497
785968827
-1369346529
-965845252
1202373624
824774547
-1666551957
-895991457
-1632933653
-1874964784
795118263
-1291990725
1720048897
-511880458
-1117065178
2141266509
-60958225
-975560382
2128975739
-645083851
-248647004
-895755322
-932860569
-387849695
1863313067
665429850
-1710585344
-1714855734
1393963206
-49880428
-1574876041
1279843146
-1103420090
1218810241
-1615080840
-2059263152
-579706593
-1076557705
-230004130
1362814579
203555052
638433861
1694824338
1852928499
1154075575
1011812711
-872262027
-419858873
-662753185
