1931245672
-783910027
-1019647453
908510121
1548286047
1884612091
-1418659371
-1445475984
-202235585
-814965761
-1493737478
-752974236
390011943
-2126162501
-356111804
-1592822972
824356449
-214602462
-926722001
548280650
-911065811
1576231786
-7307720
1045433185
929622900
367753279
-657147623
-258288872
1110476417
-1118633881
676053775
-974490092
668569398
-2120027533
-960463181
334065692
783209670
851694083
-1330761463
-471033697
-1131807819
-638982169
-287454751
-844488041
383730969
-702845968
-1854688567
123169909
138391376
-269559207
1120622148
157967783
-305546588
751914008
98462137
1275780709
1594094857
-164910823
-1048753891
-1412321628
1386981755
-268446173
-1436899887
-1915852635
-850484405
-1466219341
1731380228
220919668
-711637721
1764442717
281221118
334865882
-1440554737
-52246614
321009104
1519291427
1419862878
-1848865166
-196886881
-1723363836
-1261041625
-1125843736
117160726
1744075548
-1804551044
-1726438571
-1833212532
-291814789
-1923154144
-614689991
-2107792721
-2140251850
-1655184861
-379273049
-2080805210
411832624
1870197284
544448601
-1917406650
109539097
1921830607
1926020154
1193130091
-1444787068
1644123413
1057941919
-1133449376
-54987410
302514593
869293275
-1020056279
-1217061288
1446531055
1249091384
1414784385
1202564540
-1878058031
217909015
1057659776
-503913240
-388541498
-672321099
-497252611
1572877301
-266280665
-829504737
1638065625
-1958154083
-383553395
387980330
1139786468
624678985
-1380801575
-258016976
-360475063
-608766025
-146063971
430300840
1545038895
778985075
-1834878783
-141299741
-1541044072
378528337
1590157138
-1481425812
2048130656
1210620548
-1224219237
-819644536
1877437944
2119896790
1877474477
1434044561
-812807517
-141840908
431969088
-1322207568
1391170858
-874042647
-1265144242
-1236745488
398409012
-1707142756
2101441849
1577624044
-336660316
1099584605
-369304022
-1386510196
-741156339
1936212359
1483758802
491674569
314468372
-412943322
562846922
909761045
1512014405
62565936
-1636559300
413991184
1939809357
1927529724
-1187042272
-1626892445
-239656106
1608693441
1987669365
-1159213724
307091118
-2001010153
-1892572670
1829747227
-1145342710
1523455218
-1387262788
909337214
-2027149371
1711956626
-427090028
1068808591
-688820825
2107958874
426874459
-1999505192
-368523620
-1954116028
1881174234
1044192212
713472174
-1317511767
1695441354
522031666
1976156211
394939825
2072569274
-1499202447
-1337227190
747923052
1402260416
-356162776
594895248
95536575
-410627447
1174445052
-1363703230
1315813132
-415368877
1877314881
1183108463
692567047
-1195178803
-1966497542
413340375
-1285231648
-2097422898
-2003566067
-1236826655
1112859120
-965884420
-738458676
1803701172
828564490
-411359064
1082115332
-2047576006
1806347282
-1787850739
-181719893
-728882460
2065874830
-1542682208
739926275
-1264902306
-1227053897
-652042920
287985450
-1588121214
350129300
-1810011472
2052602870
1711282422
-609754549
1895775665
1419639326
-1441507156
-1381182060
945935129
-861934874
1665841750
-1126372400
-1887306549
331122190
-1141182734
-377548136
1612132754
685634499
-1942086683
1618197660
-2057257870
1575022475
1950979487
-1698159949
-1205455184
443138537
138233398
-1084927634
1672219139
230359601
191815876
-500301466
739691152
2115461412
-1363977591
731995055
-464852152
-1749006685
-162116658
-944627233
-1880500523
-1865344577
-374083617
1339481369
335708894
33105186
134230446
-239303702
957534795
237456235
-231008897
2093804921
-1794195358
720522389
653394849
1958547518
1330695313
-1429906127
-838791123
615824930
-1967393640
217299421
-139877094
1102405767
1899749146
1343804811
-385132456
1947219560
175140117
1491236221
-1696058715
2041195619
1449528966
1083809767
1630796583
1551344608
392591819
-821079266
1174969733
-6421300
491239978
-1145768670
-1721229568
1419950713
-1794803515
-124050286
2104662473
588555174
972486311
-172638539
-219261188
716851012
1309487667
333276949
797472052
-44489705
287785963
763679496
791040474
1475576140
-62322123
1896083218
-1045375915
139311444
-118655652
1364397402
-884727454
1935041549
-339690438
893383633
1154584095
-469749782
1942177227
962060442
1579925800
899650366
947221825
-504473798
-978343227
623870398
278421946
-452540338
-728727797
-2133808825
1891769920
-560821296
-1560797269
-785493576
1571723273
416122510
1010805966
-1563567230
-283720277
-1679645126
-250209176
1169000198
134766376
-1882474192
487154737
-1256854033
1978680288
-1547014593
-1627613951
-1118497893
848243188
-193999596
-1355745559
-632945725
-238011929
1345007810
-920267126
-443632841
-1808375985
-735933193
-775549532
1578032936
-516615630
-402273201
-366235954
1412698551
-1841525503
-842240515
-1338719107
-1336221068
-396859400
-324240133
1530528905
1886359396
-591026314
-1770454195
1657060134
-355626905
121944898
1524906363
-1132844820
-1008399169
1395051542
-424944803
425883553
-680896005
2121930384
275912237
-1616274969
1313209774
1145913469
773821356
1586678337
-1353046207
522219687
-932218469
83231893
1185598513
-1496933570
-564414562
568933505
714413099
1384906096
637924973
1731734179
-751419490
781537434
1195259472
1927108240
1946554835
987046450
-643338508
973204287
875577205
971154115
1978696583
1297825426
-970610793
-113621188
1126575240
502167053
-464282287
1165611461
-1090856081
779533412
1050931998
1886488846
-1595256247
-986831648
1121978790
-195496247
1560796327
1946163464
2127505724
-1589760998
-749812387
-1397922450
-1375210871
-69750698
-1052426863
-33675447
1699883479
1251778492
-1711269548
2018908654
577424273
-522091497
1231473208
151316315
-783986568
-179341268
-11230410
-291974122
2041531477
842941712
256675188
617884421
-912887550
-579795250
424419164
2030569634
-1658885136
1441321545
-1545020001
1189355294
-1562211555
1644338090
2117369684
36715949
1832972544
491303263
-1710479672
-1652712715
-1816331483
433950529
-1507734874
2003269091
1147963830
1540604049
-1372467426
-2110435292
-855110045
-1539960027
145077169
1443443448
1687706414
-1307617856
600841977
1661096127
1760012913
1693129076
-1856148896
1359754506
-1951910173
830627943
-1748774610
452273706
1981522922
-965350595
1635251067
-990355078
1554339388
-126247008
-1088132369
883672138
-1042696131
558980202
-1415389054
-1634753
1154361738
-340484029
-1973999867
1937246994
-1075605022
-257057526
73020262
-447393801
1158594011
-1372197314
-1493931502
-1066727161
-320881416
-1853981107
753023552
-1781518236
-550062831
-1967871852
660105926
-313572189
1523272513
290479749
148500613
1212671197
883745320
-1040300906
162391465
1529387260
166562541
-2023604628
-1464271593
-1031478237
-915129859
-969460695
8308277
-2011965520
-1595469589
-1647048370
1673138259
-1573811545
1704796090
-1656027029
-472219460
-1253987660
762411624
453318182
708560759
43310741
-91577923
-1865824112
681502801
1561410210
719566897
-598153701
1585900004
-1931208463
318675595
643549504
-1972299778
476720320
-2054149788
1362379006
2001535893
-1311673945
1297200602
-2101027878
-1216938206
-1035092502
2862541
-801637326
-140329468
-1117378484
977099034
-337459875
-2098287347
-1196885140
-1978286920
-259540863
-2097597738
1105564470
1969407974
834861715
81940057
1745100697
-402384131
1587837367
-651348774
-713199481
-31123707
673666449
-1966069715
1493454505
319852974
636095455
-684311612
112553243
-324132591
-133472805
1852276099
1942384751
-1753574622
1420880241
1549237348
-1706237126
-213655213
797899295
377391189
-265061390
468373117
-776814706
73446688
924005661
904490414
94225210
-814672668
-1609498367
1545759107
2049183983
1221880326
1401121967
151953827
1702655091
1006430277
-369621408
-1314187408
690641170
729760052
-1812161254
-731614714
1287013248
1123498745
985389425
-194196123
1763773866
377130696
-989521914
1932294955
1409075250
-210772456
-10010335
-745995991
1467059634
-1097338877
-1982725071
-117365924
-2087837038
143962814
-1479982398
1963759914
1939071890
1170579057
-1474341709
-1563835280
-909127018
2065561968
-1177596184
-1476139431
-548152737
-998342871
1539859756
1292719083
-348539638
1190655324
68608668
964526741
-902084591
1736074276
1190169473
-1324351412
-234360489
1814046402
1592649265
1330674209
-1064023634
-1206479228
581228743
-537677571
-787536937
-1456752949
537833
-1958435118
1592325857
73553502
991080740
202140269
-393098341
-346077031
178428780
-301612717
510998321
1795788719
-1751085086
710766217
-2116432353
2064433602
395021119
-1762078721
-626286463
1401755248
2065346553
-691553969
932876398
-1932445865
1896586717
-213510741
1169538970
-188279029
961203072
1810843379
-1257230216
1390479915
681524461
632244217
-1714259731
1038331432
-163233191
142182859
-1134267586
962456419
258648299
410621773
1388675345
575820583
-2009169089
1911407792
-1774837411
246565427
-1812411950
-1598931811
-167089217
-1467350549
-1579095195
1591843804
1089465807
1280682118
-52891823
-1027324713
-1145132580
584799944
1978783516
-2079149280
-1018756444
1561945880
-74749974
2000918075
-353802416
-98255974
-1409152637
1219515316
-1888304630
561087515
-1268366712
-1167665358
113614295
-1970443016
471749753
459451584
1243768809
1826335796
254482980
1119741411
1201068706
-228994119
1227901069
1926896006
1940818558
-1276416207
153296062
2079928600
-1017332513
-745171335
-451901370
1737798003
1335058330
-851792861
660026941
-35334065
1742187881
-2009473978
-235635915
714451726
-1567137314
-1966995390
325743947
-1113137010
-998790582
628445339
274729288
-102457531
1525798904
-1530837999
314765691
-1195370149
-675554098
-787299379
965150020
-257900424
-300489842
-979473090
-341883593
1450711762
1456062497
1115976767
-1805825576
2175981
820570233
146936222
667084786
-1970345362
-513124565
-734143704
1854781211
-206719524
208298609
441009043
778311267
-203405995
412258116
769568777
1612573373
-1373712895
1974998585
1262907253
514470276
-44849883
633866276
-215039742
1304443690
-1418642484
-935654956
1683092242
-486314908
909918462
-284005338
-173736132
45287429
-1625500051
1851293203
2084627106
-1470995566
1225802046
-1882041767
-853792543
-1554817371
-57942408
-1559580518
-821201779
-1448087663
-45170744
-1842154883
-422994106
-1967846580
722013389
-1862384184
1189556533
-1328016719
-443601115
-1016698756
570036807
-127933665
1999940076
-1894773054
-822191491
1246337337
-1630512407
-1895093202
152134790
-1231193033
-1032032702
713725789
-1870908825
461002961
-403790362
-660130106
-1936894608
2140889173
1356641054
528355099
-589898962
-804035488
1770933492
-1886349690
-741057688
1158317117
1566674074
-1746475919
1868305654
-1093565058
1502680744
651506411
-5844066
1778463664
-1361917104
1584268122
-863050502
2104921805
1204779104
-651766462
-1932407511
870932432
-2007953387
-870195192
2021087684
456212368
1502023352
-608262611
-280016831
-1676766635
1360500183
1016444312
1139440276
-1368517240
423527304
-1632434814
1890881159
-1350588522
683715610
262998176
-202271658
1953075451
1167704614
1336116276
-2125328308
1012875013
-512670898
-1923710586
2094774184
1377839128
-979294560
-849951895
-716052695
88072276
-991407641
-1347461367
1969767923
-1796566077
-2032532518
