1635485107
236817031
-752572701
-373930696
-374946266
-1677954511
1775505568
-589028620
821249090
-636804229
1941618530
-281777875
150859210
-1655398946
1215084013
1919802745
-1336718747
90540864
-652082700
-1887184358
-1947472343
450521900
-1275718015
-154311051
-489180100
-249775824
-616732858
1622731783
-2096737442
-1763177043
1826987189
-241734474
-730756882
-735906859
-910411698
-618957847
-1084801267
1341716798
2023372187
-413776688
-72289817
-1336349936
1410611048
1101321451
60638426
-919878558
-1962424317
1564678641
141800438
-169627784
-1035770035
726695938
755520867
-597855249
-1541766868
-62757064
1837792098
-1463871986
473659837
-1155198918
-1006270707
1638849645
478871000
55496213
-2090495688
1918041512
-2033917668
525889043
1546200865
-35500817
-319381667
-1452225497
-44141162
457985671
-560908265
59337344
937061675
341537352
-758853005
-1169112761
1138162290
-1327064254
-1178250872
1591527944
-413168170
98309215
1274579505
-54890666
-1814500525
-2017781474
-246785568
-688025149
-435704084
1834665910
1151664386
1084764015
320472414
-346729693
-190591738
896751007
623212824
818209123
-154242527
-1062607627
717506059
-942830900
185672049
1450188912
2079876043
1112847969
33665960
-857117338
-904532173
-1776348957
1687329831
-691533441
-1947836630
-1222358452
-100165087
-132812652
2133810117
-1714924241
-218480631
-1847662103
1302179705
-569666147
-1073419990
809111410
-804198930
1506790912
-1429124607
609029321
1203926036
670793845
-1896320355
1059002787
1722563418
682553600
560765397
113822001
-1145428298
1930687052
-1167125900
-48085721
-2004558488
757803117
-319109406
-1973775135
426583270
-933388828
-1517545977
-609881139
1005824677
1315571103
196482030
1217478388
490782665
-2088764270
-1092237383
-1904729437
-1423753211
-789582917
947263084
177617081
-1752652960
-242205155
1918859688
-2006399203
305192123
-2081571142
341408360
-273604176
64011387
-446329860
-1717659154
1716705209
762626085
2067423477
-760312135
-1342725931
1570594213
289274900
1068591149
728113458
-484193478
149338497
1198099255
1499107854
-900629183
-398546374
-1858537717
-1676787243
1247781803
-1439552115
-762511646
578854417
453682249
883481157
-1276132131
-1464785095
1485358182
-743156351
759622743
1714711976
-1906024937
-297319772
78931003
1349048024
-1676498890
-470818017
284748650
1804723776
2097373119
1268388602
-386238376
1211029552
-1547278663
2061068729
-1532281247
-336915279
-59222199
382088029
1317702923
1458357306
255366868
-1182627141
-1648398486
543938884
-1723232101
811227326
796949064
60023287
-1015596904
-1707729132
1636567711
974398521
-588764319
1339505234
-1149017712
450253759
-1839215259
1250970402
1603010531
-170534252
161347830
-785080377
1938566651
43845711
1811246899
-1465425606
2098847133
805930779
107502572
-1518802422
1284045933
-981514395
-202891066
721728227
1044480574
-1449118574
1395170394
-112647191
1543983002
-305484685
-359072544
-1586534077
-1474943445
-1816283442
-1348886827
1293148353
357746955
1723774244
97710479
1937628846
1483164224
1567938691
1533087804
-1856330512
525922395
-2138790336
-910382493
603413297
934569286
809576708
806660861
-513284799
-821704362
507437518
-296779624
-802958114
-1901394183
-1269842591
-1344801607
-66131902
1858957616
1111382265
715523459
-1083283809
-590526262
1533807211
920363483
1196732052
-1829158977
1515965975
207855331
730266843
-749794976
1325834799
-1513518427
790254421
1069848136
-1834835539
-1258382254
185743427
132524431
-771680834
1387498606
-1740219846
-598979519
932974061
-1213593712
1240652398
2012844232
1681706120
-446302187
1008745352
-1867331711
1474794635
-2142785469
-1589938203
412184641
-635412329
484591932
-169632884
1131461242
-1747957644
529328816
-576979958
-718157932
658184786
1814170549
-571717627
711780563
56388287
-963878218
1677406826
2067279540
378187088
-1146521384
-1796555003
-1161805697
1732465225
218714416
-794082461
1752811422
-945373629
-1146733032
1525803758
-1003671798
-812926900
1481836518
632457348
-1114936725
-958341289
1957100618
-71617436
-1281539224
771997581
-1583292119
579982672
-354711207
1701925415
380803172
280267242
1332096601
-862556867
-1744487703
1970876608
177623277
426679234
767794817
591748248
-698612905
15300968
-1517271243
552188207
2083524973
1129989882
493202219
-1175047757
248607964
-1244499945
658231900
1207611756
1430424410
514792945
-1803250229
358159836
-1012695726
910391415
1395916636
-307699145
-1999847503
1442575126
1388820546
74561211
3872354
1364094106
328262786
570593023
1619528511
-1036375157
-1489430961
2058223170
1677587578
-11852678
140852162
-1965832484
1314235498
659461257
-402981664
-252728967
-764350032
-341246127
-741348565
754046895
-683508169
916137272
540835096
219750299
-1858866731
-1459236518
-656281553
-1994005557
-2061390101
1596361631
1618193496
-1784231129
-1546364858
307203621
877184508
-2013625154
-47085516
-1923546408
1537549023
889762485
-297622455
1247955348
1307384596
955726244
-780100485
-1082539200
167439583
-1143507339
158727988
1694554737
1536974961
-2062759822
-403298108
-759800100
395159773
-1465328669
821204199
-1728361064
832555518
762065858
717864377
202387236
605194504
-355040940
251755631
662183535
1725084583
184310229
1444225199
2026524665
1191009443
-1000811620
1674734267
-1882264934
-7900995
-945760105
1645461183
-1378568684
-705838129
1109094555
-41253014
280839761
88672949
-1142312348
758789211
70620512
540509913
-309481747
1952790338
-568395390
1951079678
-268622230
-821374360
-1613807355
2116727831
-248214046
-277122066
-649825794
-991923074
-2062266004
1940607253
-1084154662
1466159765
1051938861
-1293031898
943664451
429751804
1837383900
-1968222803
-1199361202
-1536102552
1139622792
-1206160179
-412121390
-468663478
460298951
-2016661915
829740243
-1706993441
-1201075803
1172942365
1535274387
752795230
1271294203
-1591668526
1669601725
506747422
1119574983
-1115730646
175263241
-1655033547
711909707
-1854765677
-1139153990
-144221880
-965346628
-1279855552
-834455190
1712958570
38619189
861823651
1347571893
-635936389
469313890
1943699936
-1923839923
-138281676
1831513440
-440762471
-1173135525
-1154320085
-392168295
1151073550
-128221613
-1100572578
1998641610
-1737805748
1576048953
2026045922
-1514655888
-1860352364
-1224260527
1477013454
99088409
977361828
1128166029
1995029070
1446842769
1612874098
-1564256418
234383908
995026901
1438096068
1641885493
1441244856
1029468985
-989352829
689270699
1207775179
1082340971
-1125608413
646258841
1856500115
-2115403913
-1369734607
1625008960
931124582
-244683997
-576094567
-1718015086
1402660386
1881588483
1711163894
-2005446185
848800221
362152937
-1455972027
1843724298
-88497970
-1390747210
-1551676760
2104008292
2140557143
1778347030
-1386700795
222086158
-1181443038
-1371995329
1110232509
1459848931
-851456058
139612012
1208819170
2107650076
1321866082
-868278793
1288327716
1027613439
561238009
-1624811314
-928160388
-1744702954
-868916592
-1236588923
-332647991
-417384063
-336333422
362727809
1736119809
1754051660
1895073477
1459933372
-1422301553
20535899
1285480810
-47126120
460557059
782488454
537241999
-1545601727
703990733
-1079779032
99333006
525300500
340279379
846000404
-17973187
1692246192
1865356904
481138650
1374382089
1971682117
1642477021
1337067629
1798689460
1799793844
110663074
-1395392309
-1277526302
-1404534498
279616740
210527051
1531166460
-903880846
502300899
-5911665
-1247573660
890464981
1461631538
-698326667
1512398658
-1340225353
675347629
-366192538
1337675852
-1254873454
-590363920
-2118955477
25451830
1932497791
-149147070
-21305350
1734604498
1594774175
455280940
-1003455121
-16232703
-1321626584
187683537
515056483
-961221142
205585840
-1516400297
-1745609133
-1480322354
1908461772
2014725882
-1318368789
151110341
250839190
177987381
-203930697
1258603143
823454374
-320081881
133875897
996873972
-515654497
-1981066720
-849339683
-221280683
-1159190770
1387587633
-1054880985
-386347144
525212544
1897798785
-1168693204
628670543
279409318
-1367142322
-889712547
-1203713680
-1921543691
-323220553
151998477
1858821985
1335335545
235037696
565971520
-688574246
844970922
-55050944
-1660834160
-236160088
370518804
-1556433296
1642565055
76925979
1227721421
-1582849214
-2091490379
1771570704
1921149979
-413802410
1736344408
-528441456
105873050
2092322542
1873476046
-851696075
-576109938
1226888817
89066383
-1290538657
-2092138482
384859377
-678548191
1369864679
-777635523
-1959842293
-1823650321
-33118162
-256715680
-472162454
1911724108
1794982964
-979665904
858102811
-1864644637
674886287
746737306
1476610113
-1305345713
521251045
1953657781
-247393620
1636130087
-1952733055
-1756258180
748672332
-231003147
-2040767530
-2098469118
-310191456
1401787246
-455072693
1666602139
1488496305
-525660107
-545141086
79137351
1724834609
699686393
-867344836
-1834818047
1200654355
945272600
46518907
1825143731
523953510
1453815972
125300848
-1853200944
-752777114
1945034588
354079664
998354076
606037897
1993795795
346319066
290784315
1076845414
182114144
1164082448
1846585479
-1120296673
1581013130
-883705617
1317671307
-158226832
-870568231
123421739
-1092766786
1137633962
-288519124
-463885202
-351987183
-366943667
-1688883553
143127580
-650058200
1183539200
-332916936
1541799861
-1449687924
1911819541
-586927522
1965642896
-972487124
-277534291
-146938428
-1420543273
1505615615
-75559182
-767047193
-1859404514
2044111404
-1902123597
-1264315395
823723377
-370065898
-2126989147
366996953
1550134998
-1025557492
-957230397
-1168740945
1766921433
1227236548
74061706
577336389
1766841875
2122351140
-541510213
-1645548059
-696774712
1218084171
1320156258
-1198489931
-1851612590
-137294103
1780103836
1654555982
759236676
443227374
-182916520
-425598583
2110560058
286016696
-162004578
1300521674
-1147023057
1549361488
1547819968
1926317629
1878899652
217490248
1147282464
997342126
-440833769
-2116937542
-1189899736
348693118
-1332934042
1418499944
932072741
861642513
-767197231
1103423673
-103660308
1852008709
875072669
1100729902
1109846509
-970734112
1599862475
-551589918
483056024
31423708
1681030430
-356860358
37171428
1186986263
178094636
-1907001790
206427132
1300249936
-1515432932
94881424
2011843216
1202226695
1223367350
-2124235974
1375650241
-1930493862
-1818792686
409114586
-1691513246
-667625241
156153715
842173043
635880184
-145618513
322249320
-1097529483
994921035
-2003852043
-1445538466
1055596107
275266532
71768427
-1449552694
-743666147
1533552642
-524580735
-488253389
-2025153896
-864144344
-1902039073
-432735883
-1323764571
1173327477
2131424807
1396392525
244820330
97775778
1833488452
1831958281
-1880346354
-1457165275
-1509214369
-198109647
-1337968079
-1860543731
-255931869
1156844803
1511571443
2129474715
1642937231
-1627359509
776930001
1781763409
1846021157
-560434638
-1147100386
-203420368
-10006297
1651265936
1759099953
-564183620
1509761467
-1599021327
-1226149141
-889097955
1535104667
1299708663
1960847896
1520088953
-382218418
-213235739
-272887481
-466147681
1784349114
