83300416
-2076083571
-351021356
1877479967
1201994977
427197007
-884789282
-2107120835
1353227504
483058207
594893722
586365213
1948599660
712958615
-1997708031
-553051019
-1563012732
-1609437990
-1978749276
1419170611
805906443
1968587712
-1844464999
-55234552
-571417752
1121405998
1085789591
96808054
-1301131747
-1539946856
-671573909
-343638244
1337034513
-2037925204
-225836196
-1360677110
1805336101
-1593243179
1841672418
2031422412
-160293235
-756571400
955832164
2062332046
-1660033526
-1276462166
-1631719084
982764812
-1436329446
212453302
-1165500903
833981240
-1913223430
-701630097
1342881982
604396571
-408505748
-77342063
1971410705
1846331053
-1603234015
-991033152
1655782857
929468844
-18338014
1344393922
-397500997
1500863415
830748889
-1903341813
-109074073
-444475001
1366961647
986159650
1551611046
885059600
-501059707
849268049
-1642383559
1651090606
-1210487870
1693721448
-791529113
-2059214177
2123412100
-1449436442
-1788594748
28074205
-2103104003
1053527749
-716405143
1260492332
144723042
1460562430
-1348534638
1342130296
-2041737276
-566248549
116365796
1796633742
-2090538406
-1792847898
-727537304
1821612618
-736648662
-1754071278
655021829
-1730933852
-1720557514
249828284
1785777438
-1521876140
1885715531
1446078869
1636412515
164135565
1988860232
1785841647
2111043452
-1451316804
1554044973
-679942100
-1351542060
290031621
-234794332
-1289676209
2088145437
95171509
-1668747128
-142548280
-911811448
301194272
-468033664
1727457409
-301995097
109922110
1063787697
1944308032
-51065216
2009956967
-1754931293
-147483188
467048425
1052209893
1493200970
859966236
389994476
-1372631811
762034363
-751099083
-1435437750
1393206961
-26088430
2072704099
989192891
-1408663933
-1311103854
821423565
1489405360
-1022331370
-100257052
-779552837
689332576
212609319
348126187
-1322979214
1394003466
326766675
1635651904
-460587023
-1398446624
-877174428
224154131
-1435320021
-1983347878
1593565186
169521461
1057378531
495068356
1306041383
2053115155
-2107912713
-1518782353
-1656704811
40847182
886488157
275479101
-165207187
1323793474
-1803086378
-1933602094
421167234
-1751594859
2144353793
1274390131
-1228339221
-1163742263
1595317714
-1876964550
-2052180521
-1423330865
-1375039563
331880542
503001148
-309396691
-236772810
1860898524
-1269267299
1725270295
-1094956610
1008365628
1537055503
134946279
1903703686
-1763922716
-2077878431
-1574365495
1988189327
-2090845304
815293765
438520262
1021953001
-1145346966
-1929014877
-1556430407
-2032782004
-1451383159
455162396
-321602393
1748262671
-487317278
-1337724966
53000587
-916224548
-1460118367
1530349480
1798077158
-1922587891
-911910874
-689745569
-749192939
-761397608
-48450235
-1142178889
-949873687
-488331240
-1617134645
-1928524154
1309468026
1420767672
1056352077
-1222195062
355902119
110872767
-1344901226
722401450
-334022715
209244299
786473825
306107039
-1640589429
1516539339
-620939015
1452405266
-1809212922
-1976729918
503461426
-880595513
-830940492
1078994263
-2096275678
1617189664
2025093752
-102328613
1358738740
-1375587601
-1265458332
1201490706
-267723170
1422594781
1519743797
1664114468
-234203832
-67705858
1636492032
653710575
1615329850
1129172249
-1192874206
1856729194
895916572
-1190803365
-227222076
-566587947
-264621307
-168181082
386953993
-68359103
-1928732344
1490405938
-1455602959
-226752583
-172808409
-960510258
-25628293
808540545
-370301667
5265680
260751400
-1405073117
-559171856
1742226116
1232148435
1026304817
118388073
976916906
164372816
2014361640
-644270588
-493802909
-1323052486
-138445165
-591962309
896962804
1270930426
-1990776687
-1357367141
1542638608
-1053397629
-472012645
637434165
287375586
74199884
704524266
53821494
-1048441583
-368787656
1383089139
1306365563
-1460659240
2112841009
-465439663
-37318065
590632122
-1173628213
1667870653
-1394956389
1276458888
-1298198545
-402107959
560443973
-1656750284
1363827452
1854822513
43850527
-1252018411
1319255603
119453076
1643435923
60944427
-1945781401
1060996366
1496720457
-2085146119
-1290540130
-445148097
-1600200747
-1639209298
-26345915
625142780
-214858136
1009553891
-1345926318
-2135129855
-57853905
-307559386
-457265570
412296347
1878033994
1628970527
276915540
2050519461
1455987638
-366271193
-1625250060
-1884373069
-1779942798
-2039843866
586957781
-1819088269
1323959899
1470342146
-1209982879
-532356369
143811903
1525506260
-13192082
813574879
527867186
687192808
-2116071169
1810078214
2138647117
-706389896
739747141
670947237
-1455262098
-951939862
-273917401
-1998160218
-893845064
2030581744
1717151819
1839365662
-1956004362
-1351021934
1795954406
792302795
-1710308619
-973728287
131702924
-1272036712
-850939793
-1220738787
938424911
-914617775
1896470464
749371903
1437960212
1371222134
-1330733300
-260409357
-2065478849
-1253158633
746362270
1071063875
1372154867
1588274210
1203166991
-715957092
1851296938
-117113238
-1161249072
97016982
-1525763446
108750807
1629179781
2137804417
1608657346
-17068014
-1923200114
-417744045
-67595660
-111615826
791060976
-1607321255
1757980294
-1026237269
1007827426
961694052
-1237507389
-2117496582
877720679
-1360903671
-2142886655
-1466264779
-61530780
-1905423897
1919039115
810199678
-1151426259
-1492994570
2100924413
1656502166
1378786253
1577347202
-1603795957
-1277222868
2011118295
-6982651
-1598230512
-1657967103
1587557689
306537890
-817838499
-1539335690
836071605
2097809
-1639620379
131210193
-199034105
-408961550
1919594727
1392442583
-2027364907
384484670
1753347406
421356760
1177414389
784801854
1513737107
-776098960
-879364946
1004421355
1386542311
-2024628943
-732122146
-1151164788
390055063
700989254
1750021292
-186612094
1225063632
1818023752
-496175738
1546204748
-1118493228
-1626930912
1837654875
1292861771
-1131749058
1424813887
-1854310831
-1413270129
-767368248
420993024
1287840417
2116585723
-1896867945
1321195299
-1970198953
-718060139
2053473226
177455368
-775385934
-1643974274
1328390571
643394684
16890559
-799583009
1830157406
-950896774
1689229981
-1741650922
1732161030
1587162101
-1238767987
810377289
824535703
1096884559
-223133073
-1282161564
-453659633
-628976023
1991993912
74095585
2130280629
-1434867942
991025395
1127386554
-66813872
-1381514094
955027190
-1170974900
-1660560068
1413116823
-210572711
-1662195945
525705244
1029687173
471102557
-896417247
-433728737
1001590925
-1981434401
925627084
-221641318
1925220206
2112386501
-581219156
1251161959
-441419531
1546756695
973400695
1026298809
1888595358
1869441160
1970914475
958305755
1822146182
462323536
681212872
-527540932
-903705537
-916054295
1318835796
-1938998610
-712461985
-859631276
1386819778
389555031
1124223596
716934288
-2132941518
-866564462
-1219203330
1873689287
-1048419546
-1392794483
668157326
-1488033402
-1762254423
538614179
918286162
-1768230517
-1292920743
802930164
271047139
-433675246
927816017
-1778388707
117613641
-1983765622
43184875
-1055990362
1371568790
-1144236005
180499774
1793151052
-360078435
740275666
-1153353358
-343417886
1009735542
334188032
-598264888
798441534
-477523089
-489184368
1643125516
-93507161
1214821712
454979321
813736521
-1394312644
2085755708
-714260164
-300998361
-1190352812
-616177725
542847403
-725139627
645032997
-1895032144
-624530405
-157401474
-904206012
817343751
1616610532
154420783
-37877399
-1018131638
-824432423
-1787363188
1510940949
1276886691
-639899643
1742971247
1454474314
502197759
-844893996
1376927083
-323745870
865612640
-1373293745
-1979650638
-1338858628
-605150204
1932438578
-1991998617
-209313962
-325205382
-2054817563
-984109117
-584470838
737935197
-1383491438
1084502811
1758417775
399717626
-448239988
-86650361
-583318325
245665811
539644910
1601304154
-1262944530
919763449
-977464415
-747282823
1097179994
-1916351649
1975449833
-1895575842
-1389081772
-233098219
2134954115
-1996707496
-1210670904
-1312941577
-1019757315
-754581754
1963811588
-1040450547
825851875
1334103896
415206185
499594515
1935118960
2020985208
1578268639
-1882412127
903129037
-844926374
-1342856179
-443793472
1245899200
-1174289557
-1461862335
761186729
-598332026
-1610025698
62320425
-4018672
603699152
-725285719
780792569
-1558656763
-591084674
1995440186
691709065
-2007361991
-918140429
-673652614
-2083835831
2133292554
2277747
773103052
-1752655557
-598930921
348319701
709554234
708703880
1864540836
814541520
-666740925
235583108
-1444550767
-1560124122
1397858416
1830309751
491984050
-288640740
1233575929
1924793227
1687238134
-99560035
-1600972708
-640763471
-342948128
-1623865321
-1507808962
1976436212
-1053362736
-224459800
-1140263872
876294343
58316863
-1400241956
1750045951
-1747602742
254211504
-1144062764
-874102309
-2072562640
-1214893349
-1436195054
1281238942
-916607718
1109230433
1819186659
-1719730598
43144595
521145800
783936274
-974853213
810196546
933445076
-1836326193
-1647187248
-1497289064
-1666181824
-1316493554
-8031050
-1009143492
-1155397963
997160359
-1970908304
-299767649
1451977977
-569376371
610543115
447768201
-783933206
452509813
952009996
-910370384
-487579592
-635579666
1929806509
-514167643
-1012627095
-800820076
-1567808329
-708920302
-1335318684
667557039
2114986103
-837922880
-960538092
-1517460265
830108457
915157308
371018601
214537561
-193129747
-1742872384
-492866413
-1788050983
1144706475
-297576569
-1321105513
-584735567
1591950789
-1809441463
89535716
14261180
-1091489360
-2068166257
1665887739
-50847480
1756696523
1189935547
170043037
-849330344
1883836714
2055562570
866200535
1345019997
-709129670
-646812590
-345086484
-903323632
-2055710829
-3621009
-1767408223
311446303
-1781901458
600030147
-1397870071
-1725350630
-833462215
-67563626
111250091
1208641629
2018443119
-84033596
-1565284180
1773952277
-779517851
1857663213
-1594492537
-1548580038
1702841320
1652769150
-1600096944
1561620730
-900676640
-1133029501
1774218921
-620279609
242533990
1328920709
-100009102
-810857395
1728933017
-2071091234
-2053836685
1222514473
1332943333
-1315026970
755181995
433401167
1881830448
-1443983508
292000104
-1025455013
1901991985
215296223
2045571584
1056589767
1036456186
-1053553906
-580989544
1583908891
1694548088
-2058760895
812607344
-515885903
426142811
-1144901108
-836547927
270536460
-946014857
-1448353304
1221436313
-1445827840
210639301
376725133
1911954546
-1293812655
1940207421
-1982974214
1576346000
-1655285541
277082047
-949760559
-1671038983
338161322
998171448
-665200413
1493210077
981686038
-1752813746
-1567306594
-398933064
371864039
-1334735041
1731653183
1783470951
2123147096
-202015755
824634507
304584987
1460082992
85126331
-1124098761
508687149
2009779874
1974716888
894620568
-224437423
-1485744879
806615049
-1286410869
553053503
-669832652
495566655
-1429924934
24058193
-39770612
-1032320472
818520917
-1025813610
1184864658
1348327038
-270319886
-967549438
62372125
-907676887
2137729969
-1482812645
-1358218478
-970741992
-914409958
-2049551605
-429102944
1546616971
332381917
1538122914
278527047
-34044599
938254074
-1641829406
-37682123
714059834
-82489562
494140460
-177699523
-787101596
