-1573591790
-1605384162
2132496515
1426100375
839167246
1504322303
1428082818
-22728230
-489231527
-863666402
992259629
1757718748
-407301045
1461078980
926024570
1379926610
-1758146128
-1336130313
1323324758
954645316
402242114
762691371
-318251073
-630571740
310474890
1336393744
-474024989
557189793
354322957
-1874977817
-278520554
2070455743
563456832
-847285157
896412627
-2109307101
1441880896
1476196785
1743505243
1061428310
-663509498
1684721785
1395208864
-1180577062
1237737712
904961422
-1884660954
-1458396696
1816891045
415519764
-1139526983
1632649222
-1552722136
425481071
1722514289
-1884726816
461163099
-1704091983
1457846953
441057298
-1909596104
-1994356882
-1094772230
19052373
-328070366
222361505
-581951410
922277446
-1462789256
1152374047
943858854
956908271
2064457018
-1067335384
130649186
1652130934
1520945571
1874700398
-1949576563
1494976258
-1916401174
-1432475441
-924743164
-1106055255
-410382882
-1821451988
1224067603
1612585097
580977587
-242555990
-707847044
1797985839
-585289305
-1381670880
-1631957059
2068434161
-947107843
1185848063
1597954390
-1522179706
2112702352
2084975938
394149868
1055993182
-68733210
-1942247907
-280219133
-1654767259
-1870167362
878916556
621380782
803081721
1639415080
-1771326061
1592581328
1200918934
1935565120
1853643743
-495096219
-738934894
-505557498
-1220003938
1424222515
-2051238700
-462378019
540584313
773288953
-1346860062
-110735146
-1260523904
-2120277404
1813618997
-899104535
-1233713770
214851546
1611081577
-1097462434
-331049434
-29777543
-579224919
-212481053
2101464397
-164379029
-820400886
1426015764
1793045645
-460662848
-1440653119
-1866440311
404335758
-130995955
-1182418054
104816241
-1971372862
658134081
1577083178
-1975482103
-1289752163
958764646
-1108926361
-1557360842
151921016
1245546570
-94749809
732194195
-1963425775
-788039400
748963976
633079055
-322855032
-1603015466
922559810
868861232
1431869571
1244769168
920108428
1350625535
1015564335
-1310052077
1392285716
396031092
-1346110648
1001006091
143529821
-1365155711
1700934753
892779119
1860202433
-1079602890
1570071128
1635325916
-1739156464
-389130859
1884230764
-2032584975
-63482407
1520075831
-951040644
-1897344917
1849930521
631988206
1469055149
1947175831
1589408340
-920727388
580315420
1398246781
1868646884
-164762343
1702871333
1675494560
-496422711
-315354724
-1285856955
181542232
2145313059
-648611611
-1537797965
-1077806281
1823873279
-1967863984
-507333882
-2043290418
2097292604
-1735482503
1690225501
-1269454899
-977082647
708854182
-681417059
-1513559195
-208605267
-151305020
-444726956
1093549324
258305276
-149223923
26676599
-1698495982
1405547943
-1398737065
622368900
1300667579
-1901483137
-1564635564
205474093
-1059835862
199950833
-1388001105
1152142155
1359720159
-472319510
1222220067
173296796
-245333046
1684672694
237154442
1652468843
-140438353
-2093003900
-2004217288
1402945132
764037600
-906573791
-1130254188
-841709172
1520632951
-156218244
-418769988
-1509933906
-1028308269
-1822932069
462630769
343040046
-338752997
1189717314
330673786
-213524722
901326244
122983370
1466159766
34218442
861099654
-1681973659
-114746936
-672967026
-2004190696
-782219201
408832030
660723267
721614816
1365224802
-572132803
711338005
1307496527
661197698
-228581503
1464928917
286786317
-690596053
-2087158179
-1664839046
-1946562563
1523473457
-888475946
2102025126
-1071225494
-1802039581
-1611292745
1164540530
-66247802
-1362341022
-105395498
-743270712
-663153367
913740271
580390524
1091090924
-379689759
132337767
1089769643
887896622
650990819
766528526
-1667228692
1779202093
-1097355157
1858263783
2008111181
977991062
1589811198
875412113
-2014969785
-1118344903
717185244
1707864526
336726630
569328047
8813115
-1669408202
1674858276
605413015
1588340408
140013944
108831532
1060070735
-269403485
-233640030
239450186
-470895648
-1657590003
30887149
1973604125
-1350912605
1426521224
-1195332566
784858985
-958128168
1293876580
521320632
-1770617880
-998411563
595906594
-437959991
1644414249
-1527738705
-1908095687
-547935290
-1897507239
-987770688
804335656
2055075391
-320677597
2000999907
1824705396
615395676
-122998929
23042625
1797111894
366010817
-1798173332
-529945268
-1805189921
261597948
982628314
492570216
-1466298547
1993743358
-199900643
-1405521614
-994059596
-550571831
-1517628576
59730383
222223396
-1901317495
-279658379
-930687
-552222431
1855984882
611843374
618023129
-1572801149
-462817397
136026382
813862312
-1391458554
-1244432452
1114137135
635028843
-1239097243
693453641
1677928722
126150929
1222338697
1327547449
-331635125
1038904275
1563250097
-1022034029
2115489710
755971800
1574748850
-1842915117
-31919199
-852735076
-1742866887
292400423
-1297212793
-1164076953
-1985331733
2007862907
933832562
-286334829
-36029714
148518238
1930631065
321285691
-1866248380
-1789415942
-1225847967
-1514831358
1996699462
1438077801
-463240067
-1547291143
-1705511934
1188443905
-622117076
1893668294
2012632249
-670307444
962887994
-672437939
1418564818
1752256117
118098862
422609456
1008321034
155127017
-242322746
297967508
514071894
30738005
-840551529
-1951617425
-1134246053
885725030
1526254355
990184462
260365118
301995032
-499614338
1536021870
898153318
-430728181
-332052884
1649696776
-2045288004
666773142
1720933255
928871481
1180923910
-1771811379
-185643411
526635118
-781481310
-480870298
-1969161747
-1056572290
-1500087802
-39229858
1889091196
-1395686328
1837526190
306180743
845529560
1014685791
-1903891520
588854856
-1768775953
-911297235
298693048
-1943279920
1369617303
-442847138
277954076
-1130306755
134950593
-470129977
-1626116208
-1524099170
1937078730
933257491
-1226419212
-539831334
-1773055020
-1488578065
1206055147
-1335904767
1969140757
1068842003
627479188
-84496617
-892457707
1368739018
-1879638360
-2125508260
-837849752
-113319948
1421412717
-1256802112
-1400194544
828149580
140563068
-2121238788
-921355280
-1183810383
1972175020
1016114982
253325142
-416970994
-1032457414
1900657204
-1473369743
1277773489
-416381521
-253179118
771423366
701840373
1758307257
-1252163192
930038679
-1780309256
1607329481
1608264113
-683217775
658147675
-752693436
1247980479
-1800823477
-1042032222
-495159727
955424639
222145232
-1934541824
-1032749494
-952308945
-1506458530
-1769765510
-329469137
-2074847221
166930272
-1804594640
17324885
-381094635
1711940181
-1580306188
-1541186401
169957424
-376131790
1826933377
-1655881633
902139456
-785306992
-912000413
-1942873298
1562057089
256527158
1552253440
2021419595
-476515363
391580235
5430579
1985479532
-1249347902
-293267170
390871714
979813227
986030315
1940430401
-1910899639
-1649749016
1976167522
154309709
1149816949
1321474793
495393731
1777178158
-1457995307
-380947725
-973819647
1887598167
1784500334
1783506750
455145033
-139535400
-936514134
288123236
-1126579343
-1455944747
634752128
-1610944386
260687358
280976681
-243323880
-1937729531
-189698563
340402559
1085780300
1817646561
-1456533994
-190882180
109389161
-1604528733
-474937589
-430346018
1183779420
-1931689473
758382918
799465041
370009798
464200942
-1407427058
847325701
612072220
-288879267
-2004156776
500318993
479515309
1202143508
770475020
742523155
-657254493
-103634518
-163567281
632642528
2036931378
1998345153
-1577055699
-1831384112
-621948914
161577538
849868223
563210023
737225926
-1209036456
688675216
652493626
1614186624
-513510180
171227694
-1119874334
235636038
607927107
596457232
-1577326110
1133925576
-478577376
-250964995
732468028
-198526124
-330155223
-1910740344
-1235769795
1364289913
1506875199
49791289
-360762041
-701817725
1408718275
-1698752210
1390627818
-1834940057
1888903210
-2060613280
769114515
-1514545439
1074755567
-5575802
-1835819626
-819677101
1542842643
-148200215
236446494
-887904429
171587209
-149211696
238081200
915896569
2037605349
1338342466
1364329824
-1888808153
-1237802216
-1662062007
-676346604
-1521569731
-1923162990
2100735765
864787165
6990741
-266071711
1696348249
110583106
307149250
-1242571924
-568825694
-1444918049
-1873695497
99371089
-1988659826
619296580
857592595
-318816815
-1880951583
-1276809474
-1690455629
129455148
1067556954
-2133914383
1437661810
1974459426
-1662927637
-244955671
-70352603
-1945005823
1600653816
-501571644
-1887930895
1048129360
-1807534495
-1255033454
199660796
650841347
-843983817
304288566
1080300309
1309148474
1539258984
-282472766
1172922203
-1809907877
-679493307
-539106477
1911730902
1962161937
-971338426
1636215957
861283449
-1909603034
-871448182
-650682416
-223790706
-1641360451
-72651458
-1896470574
257584781
1473191387
-1519751187
-1093218675
795254179
-1141700042
397319791
875001260
687891157
-1752883940
-24694703
-1946081004
-601993165
1859667009
-265689994
389368963
1820998163
-1717189915
1796135450
-1729724403
1556885946
1342448296
945670169
1500182318
972029608
-2438865
-1357300908
-1356268652
1924873203
1035251572
-2002635114
54603440
-1289824848
1193506937
45896652
1031854136
-1403079032
-1205118247
-740397900
754722998
678238779
1636419528
-1724082642
460185501
812116388
-2006464863
1897673120
-1225420044
2094274992
-441074147
1562203174
1096529580
-289819465
-682443927
1722161129
936841154
2059163935
1075123806
-694899270
-1525108587
-390265716
-36067514
1197915603
1262483141
-987554907
1865509356
213339470
206948392
-777932899
1139485388
1912961468
-1152771330
-2024426627
1907111017
-210735480
-1866084569
-1480426267
-1896330552
1663350471
936330071
-183774256
1368064309
75306212
-929965431
2132252500
-578874539
1705751226
507539156
-240584231
-1909026211
-1978598684
366944466
226895714
-1667136653
-1590215041
2036997110
1924151827
780316832
1717570067
-1810839927
1220199111
-232457930
1605048580
-2098098338
1556269108
-814992387
1113735565
-855934638
1458777424
-670124056
460297572
-1959991238
-596866137
-1798400279
-1720497985
36930483
46012642
1908724361
-1380781251
-573616977
105204775
316566596
1217038794
-317773822
514938422
1442231037
1742325110
661528179
407283311
-1851070805
-1257325490
1677637536
-2010726722
1059535729
1263636964
1790246810
94805048
-1337383068
-1859123255
-284972232
1785103051
298569793
1719007316
1221707411
287960218
1350684398
-1051471513
-587288444
-1541932690
119193992
1604257719
-2062642640
-1127329645
1137104801
-450908183
-1449587544
-1297015494
-105836182
2053177324
-1855920498
-1224687111
-1552425490
554397750
-957616970
-449655906
-89014352
2013208992
-2093595717
-489909742
-1796952760
-1313510459
-1853537489
1734168985
-679705396
896834390
1054035670
-1315924081
-987331604
192682989
-880288589
482358687
1918677711
1380767878
-1866587220
-1828101630
-1550265952
-1103419450
-218467451
-1519695040
529192059
187267889
-635094641
-565509120
1697099391
-419449358
-501128668
-1571772116
1555205509
869144113
17037494
-339843022
-921710841
-8451507
483960973
-354406876
656984124
1178286129
1183714578
287304356
-364558163
1643760951
1196953384
658764559
-260331473
-1092266728
103627100
-300510425
478785532
-466152865
2077066858
-353443828
-1718061397
1386292467
