369700372
-1513000970
-1377542976
2056445861
578121793
1349058331
566352098
-2013480463
1156403399
431993553
1756544977
1657433765
-1612704544
569249556
1881759823
1066104801
2108952655
-1245675213
-242634708
1475787406
1448476620
-2088443222
-1018975634
-312825838
1555299199
-2110589899
-726195171
-253492559
-566414196
-1028895301
-341082485
-130848618
179294426
850939502
-1511166549
-352622174
-903008856
-714382026
1031598778
419067936
244953563
404412494
-1954494741
-379035564
48042886
1607701586
-871488278
1703111657
1426241315
1597925432
-2007371376
1722853504
1549170938
-689993438
374802391
199960602
44491422
-525523158
-960347854
1310054804
1831298634
1360523653
-983827858
-2021664289
-1939560500
-2091254197
-574318418
-214935830
1809756495
1680438931
481907551
-1040023262
1143217102
-1909694830
-2061473483
1270650762
-1848279673
627893580
75681278
673937985
-1499102443
1514077144
1294004787
-517491858
993759674
1554285293
-1846868547
921748897
-949969476
-914024953
993622270
1040351331
562423341
639671641
762809106
213335097
910335712
-1466416539
-867061151
1864227546
-1964943303
895804545
473079836
346852785
2050966448
1100156648
806861303
-1513827418
49247865
193358994
-1748187059
1040153967
-1304530404
1899661078
568753958
-615463047
1788090059
-1139772240
-279755214
-1126633172
37685624
1906247819
-935024200
1897827432
1989919356
-215004574
-182924743
-1571474798
-1685592048
-280524710
-800236074
1801833007
1753020336
1251043078
-713991991
-1086068126
695648289
-1495149716
-1306714089
-962904031
-1532342683
-1138208147
-1045552715
-752115258
993291075
95150655
225817855
937167759
-1416187507
-667291837
-585477208
-129120841
-1095669534
1938712945
2008871216
-1866966308
1699312687
1252308964
1343540327
-441351493
-277593978
523554591
546606118
-142563211
-1362850645
239049053
1182063384
1162724515
449344084
583945848
-1573963124
-17773156
-1014477735
-2146058949
-277925041
-1561017481
255098539
-219206864
-271898106
-563436739
-2013090060
-1063940915
-759161086
1746988457
-1485143674
-1095743208
-282430280
99194518
1960040418
1574451573
1337795275
1049464331
1076651781
1626411719
84643768
-948773718
-151063308
-815304464
2048054942
-1914553479
-1857296330
-745544862
1635533819
1055231869
-1865582799
-213220751
2084762271
1946913302
-205891976
542384364
1662920475
-1290180505
1037252225
1951088241
-2132237180
-48034219
-753168714
-2041645734
1017040303
910634
-2123363859
1478300279
-1924830206
2018215656
1469832375
1338704506
1618988653
-1606827278
345945736
-876715398
1200055923
-1355014228
-783132985
768732427
560675363
-1895641303
104384609
1403556955
105703887
1288329709
-431613264
-1486500542
1975165710
-1418048463
1166550875
1841759985
-629424433
-73634184
426314808
1431401244
1048937926
780916075
-206127701
-147730980
2024261129
1091003201
1595213719
-962995344
1808009903
-326892454
-1920941000
-1916277938
-711252806
-2099516279
2121194463
-1385915219
-911291345
-1123900139
184442744
1872053847
1317521915
-1826577617
-398764213
-497978464
570710635
-44898987
-1282944087
1748871744
44034745
1589323402
-833074743
1275138042
1435698940
-1074245533
1433168655
1786858633
-720803345
-1808884959
643186991
-1139038167
1190382138
-1013607640
-910939150
-1096760416
-1452207110
798197011
1954320035
1470065517
757780864
1476978015
1869318387
-225500464
1963814685
-142820866
-1155826292
-139439527
-476345786
274471811
-1197073386
-620684983
1863651077
-1618833676
-603231266
-758462898
616017063
973769810
-605955520
-544853705
-1365554948
924544835
1717085045
-1390235093
1553509848
1198496123
-230423532
547183419
1239039048
-980558831
1119289970
-1424039981
1573348922
656862649
-819596334
-711805552
1156234899
-397114137
-705141114
-699334424
56570260
853847402
218433195
1197232603
676436553
-2076066413
374331794
-698409235
-32920899
1735115410
-1820389401
456935649
-117857095
-575769489
1814265178
1389084422
649539051
829160124
-1599066788
444429893
1664181941
-1059910875
1055370047
1429991585
-1140171154
1931489987
-1787665398
1855992115
1517764779
-546530466
826414257
-770600903
-530911153
-563704841
-1283482355
1666443373
755727873
1264288515
-1029038608
668648465
1089191026
577281627
1887250892
92233039
642507302
-1843960173
-122382991
-760863555
-68164236
-662536097
-788720472
-405118364
712054717
522295186
-741900878
-1965746461
60894726
-93920049
-1682216657
-1120393820
-871092135
-974854883
751040315
1736895314
-452840145
-563556073
-1899541135
-876552138
-404283169
-1294542311
-546617144
-1439387653
-1259228377
-1663275830
-1161810330
-1649071945
-1205608279
1824799166
-772405103
1620123780
197279641
1681222262
-53761226
759605170
1881664823
-163084192
1730257869
1843789420
372725898
332232176
-251352353
544348753
1073582368
949969224
-1551483887
1271082314
-22903709
-624143204
-1206414400
-1783461716
1454349268
-209557590
1837523104
18025174
-1166893435
-1626434001
-732475036
111646041
-1922153650
-1000970473
394700372
-150473578
-237571342
391213491
-1212490455
160219408
-869868439
1127780068
512614115
2041585029
-1110340613
1682303215
21162299
-1265011835
-1160238170
143446539
493562080
1483884838
467991544
1704289424
19100193
808183146
1552071671
-1159416966
-1635653539
-1324208700
106137491
-471970949
-673456423
1452512839
13252099
-1471038372
-1129117085
1868293796
-1628496483
2051136733
-457990994
1977171174
583753826
-984349801
1258374754
-1286508847
1236009435
1542488547
-949339553
35894160
-1677242086
-1325484894
986006612
-298321777
639656061
641366459
1781978771
1703270540
-1067233338
667065378
361534711
-1320081016
1943386371
-701506795
1526361076
-2032549976
815730381
1146381176
1087844822
-1570224120
-853581173
1266117582
825884778
-1526870635
812394308
-1951831990
1626849853
-33995983
-1007845478
1421593619
-96628868
-1825176532
-1786740148
-939197940
-1159794772
-931514173
559505061
-1875735626
813523497
-850473067
-1278174524
-625685203
-2035891052
98944377
15105011
-166218516
-152293815
-1949770708
-1532007310
-1882569615
205005547
-1096627181
1208176360
2058331190
642810583
1204306857
577234727
-689311264
138887490
-785373682
59011345
946167834
-604529443
-320179723
1862842312
-535612177
643402162
-1721901151
-823319117
-986853283
1095512676
524522788
1657671287
1752761857
-328784384
2125726346
-697198583
1252924977
-434057775
-1957371052
-1572815339
710132546
2022029747
-324979508
325963147
-896721399
-486170452
-656774603
568270004
-712372679
-1260604517
611848720
-1471953119
-12646634
19145679
2073736198
-1330954733
1969244392
23034533
1089238061
-495244832
129278351
599688977
-263623284
-2072237877
88717699
1836238474
1799912252
-403700908
1867626156
502084969
1028815592
-1171913919
-412364857
2102021522
-343522103
675375260
-1753378962
-1614576508
-2073459888
1756763441
-802973134
-1064198860
899142934
986073659
-1174074641
-923354512
-1864290907
1742532757
-1751313428
-1415312578
1951770829
1844467675
971378993
1335006593
-1323779236
-557228697
562883782
1212126166
404354707
-1667451319
-1238851452
-513679986
747072615
1752908670
-1471922367
1048295202
1256446691
-703164163
1289221807
-1022887883
118738796
-1475663717
485047575
-1250559939
1485552253
743430587
-1215387512
-234024789
360827606
-980899664
2097261
814216874
911566541
158995204
1834261953
1411836137
-1333128462
47907991
732169780
2047081325
1870097402
-1864408472
-438629163
-1673628717
-16045464
-617044322
759037982
-162124906
-1684573582
1632643833
-2146727607
-1268024030
-2143310244
1128101249
-194973017
-329626475
1814872606
215892867
-1336821081
1967449192
-66267014
252618379
-1411972925
1628750700
-342576430
-1003902060
801779196
2042157812
-1184871682
-824613281
-1309351872
-1990507190
1958920150
348631966
-431045606
280294683
-2101729898
905014507
-881348235
1778635782
1278373387
-890800067
-1746313637
1890784165
268136184
-836618635
131020444
-2125829145
-195520245
-1689956744
1541863740
1631065702
353972838
-1541130977
-2005573622
718357727
-155782854
778610743
1917659600
-620318317
-1503884544
-691476521
-705241642
-1633827064
1217625985
-1859823507
-1422951499
1807818798
-1479058078
-1570233583
-848923182
-413795143
-719525187
353504707
-1460711060
-1285143223
-1572249418
-1727509392
1849169711
1732403677
-958401578
-1048302348
895204537
-1577485064
-393542832
-2048638119
-600951101
-34313813
-197173274
766708379
1093484913
1335182202
860588672
-1500090005
-46212812
954428035
-315445156
1045584447
-1102059979
-1116778185
-1319817632
-195514890
-27291597
-639054234
-75309990
988193688
-96811325
-1156426832
479487708
1624752328
855361665
1147039484
-1022193232
-2068113155
-1694122527
889736874
1158099535
1874472462
-1862641219
1044630847
1452629029
598235630
-682386814
860835714
1631685121
1427066388
2027841619
-876899474
-2083951727
1531807137
781235221
-330889877
730404313
431526161
1684292180
-393403595
857297859
112627280
581559530
1460237431
902667463
279707771
1869060365
753473853
1153693035
1729422132
1287877125
-1456600841
-650098285
-826572060
-434144872
532394713
-1709251956
881373063
1155445347
-1538164007
2006291522
936134184
890379034
-1955200672
-425002186
-988335896
-171397541
375856655
-1192320140
-1766514956
-2098062613
509592760
28403676
536436414
1128967429
35511884
1442074269
-1321221193
1588587656
543609161
118852587
396582264
-1272717641
1361588408
506970451
-1606931144
2043459557
1854916408
-1252067148
-669931391
-511089614
-1914934250
946472741
-1265680554
1132494998
966913545
1397309648
-1518779076
-397642649
320361633
940542957
1395825781
-2088371822
2027972234
-319781879
-925419193
-2145408835
-875139931
1343653183
-328770075
-977946062
786422198
1170125390
-1698934354
-1435101254
1115000850
401803289
-1086911591
-1426405538
-1815039778
1410135194
1887957258
2049431259
-951988695
-1392070516
-49475802
1944511708
655534552
-31583288
-1398941137
-2041494824
-190701099
615998772
-1479652695
1180045080
2087304239
-1204206878
-1503030100
-679155300
210769778
35802947
214676087
-114277080
1296884859
-660510979
632949623
2065995496
1855144788
-920087625
-450511329
2030494726
917240894
-694540073
897505984
2046677247
64923692
-434142221
-1031589379
-310538622
-766994330
-310533730
213187038
-776318813
1763604522
-1202805488
-1697031940
1112140297
2081147693
-485649826
-1841207786
-270755503
-1055083114
-1871844822
1477971398
197767141
-1510450364
-576990130
-104245687
1125439046
-1927579877
-597722157
906363231
524575096
1674147358
455387639
494905213
1809117448
-1765322073
40459236
78088971
-1118688934
-951256116
-1547254173
-2129940362
-120811214
323634505
1128988228
220346974
207917925
-1726943642
-1093510988
1785712502
-2073263176
384194081
1248343370
-1066752265
978244171
1133657393
-1534814797
-1818289236
-2029543451
-1627586970
191297039
340482656
-417483256
-2116909967
-446023405
-1315494255
-424747204
1143305946
-1840648293
1508954787
935107676
742519257
1885384642
1521627108
-1803691906
-647169238
-1382177185
-1682292136
-1797959942
716296993
630701886
839160159
-597136975
-658659018
-1393632024
401725918
1758771008
