-1730665573
2025644606
-821201686
1696836426
-448055510
1716232669
2036002218
-1128012191
-1612290752
-1672299386
-205169141
-1961259049
-494706230
-1603108778
1041627344
1279825553
370644140
-224702914
-1818935664
-1663485553
1713861730
-1391562907
-1163307625
-983890034
-1183057594
1359606051
-2140332442
647431439
1583077498
-1927523629
-1874589182
187067075
-1616788212
1424194678
-1248177744
1771228788
-1186698722
-522527606
-1845028200
-1870681820
1331097342
245863105
380813682
1131255527
1904320045
803752019
1280267780
1662316473
-1207611555
-202574218
-1995974749
-2080972655
-1137183151
-1301918973
857908798
969370034
1862807117
920882778
-304229343
-226746264
1684856754
-290908889
1110450415
225779111
483216864
1960642652
-2078185659
841405171
1192755100
-654760580
-180714752
-1539276672
-2065218909
1195210635
-2064478379
-575344395
585954914
-720061025
2045965836
-2097909232
-991988534
-1001332126
-1992037251
-1994295421
1021623700
420712857
-1673287907
-1428791513
1506795446
-1523026347
-12661061
-1144073490
-1313838376
415087109
1103122592
-1006144162
1967799492
-289355277
777392665
-227834086
-2119554387
157919008
-1452585396
583091038
-1793414095
99477440
-1751865403
1967205795
-741811202
-740719970
-1208535460
1758105028
2042683372
706081345
-160025621
-426562922
805317403
1628495893
-1649489672
1153683979
-68614215
1877978544
-1630239179
-88823605
-1457824136
693416326
-2136851969
-1417028430
807800901
789238620
-2133272148
687572539
54761551
1380760676
-582960216
1815992348
-856692338
-947639821
298639289
-121155076
-1316964870
131540740
-1987440134
-928042906
50285432
-2059241022
-710296989
-473687231
2122250456
582011754
1780884918
-1383152223
-2086773146
-788320604
2011859376
801651924
-471877107
1860311868
-87087868
-990185446
-1181235339
1897338064
-1470318770
1427010499
-194124182
-1713759538
-1017998044
-1770322979
357986038
-685172230
-1511162021
1164715915
940605457
-1093954756
1854496347
-410013221
-1879788160
164353386
-1599595203
-639449796
-1920995716
-306797675
-392012001
-718563187
-517841932
695090439
-1102359122
-108880514
639875745
393848312
-59143580
-85772936
1748083349
-639058030
-1226635929
-1879723784
-263574084
-1886886055
39208481
-1706662137
-1787200732
-430390532
-837803731
-104864244
1401656388
1721112541
-1596927284
-342662941
-1584147509
2048680796
731262776
314391032
930703649
-1490512740
-261149570
1713482995
-1644227038
-684412549
-1112662149
-1612714709
-888247603
-1074498324
-864906537
-291087725
662576073
-968796272
2010220735
457400801
-1431643875
-1663280214
12795416
-849371673
8932418
-1844202393
1182965860
-1635564216
-1664000941
-109539228
-1564729171
832989343
790940266
561477433
-1760871385
-925073731
87736707
827421649
1847538652
-623669291
-1839983241
1112771347
-810209138
-868879124
2134492809
-102546501
1122712590
1121700496
-131097355
-1005540761
1286312597
-627287286
1184171742
-1423564259
-2128355039
1401355851
314603014
353746241
1116561669
360494410
-2138304473
426122689
2068074413
923896713
1960770471
-1773474864
181723920
-876743805
-961783236
-710742487
-176517021
-985523183
-2025049319
859934707
-1266493689
-147460415
1026832939
743390368
-1485534202
-2127330434
-1223515428
-1653023374
-1662021278
-1602384749
-477910320
936264688
39823499
194821062
-348435965
753693381
3633613
-1645538714
609047061
-61014420
231614497
611099159
1883267205
2019230601
10091420
1664975485
-1133650244
-1986265557
-701638309
1856075906
-754615128
-901418483
-896250201
-1006193342
-1351952569
1058424033
-167394873
2073863361
-487291278
-976113446
-1738557578
-1434494539
1470302146
1298760153
-566743602
847369656
-1305980928
-1608995355
457812024
-1229871451
807492868
-1549387599
-777663784
-1361025106
704066132
-1905617118
1108579931
1684936819
382758197
-167407953
-981712143
-1753934508
923517581
582543361
-1099652481
73229807
-2080017155
-1690322846
1373256411
415250719
-223313983
-1165911433
-377479480
-848114740
-63643559
2100739290
-1742110746
-144884055
-1486568286
-18402365
-1275453591
-1100176303
-791583749
-1595473567
-87086712
-1851210220
148241098
2138603189
94607231
-823707714
-1892516874
-99925328
1030568024
-742483459
-36105212
-1557929394
1483880905
642799298
-337188190
632912551
-1193318772
322504087
1124543475
539355424
1705543582
550903682
-981256400
-468677164
-1995186837
1879408267
1772369130
48517954
1437360952
-748847519
-905311232
253228260
161627229
-2112462843
-1277814481
1028011858
-188512649
-1271465830
1615209323
883701560
1438880431
1534807944
-309062267
-1707528224
1334236204
-870146703
956954171
-73600545
-1757569599
-1635464324
2097570278
1434493303
-125201901
-73949034
-1719752323
768207095
433022830
-345012860
254690039
-18589181
-1248449245
991937687
1685112500
-1066380348
1454780485
-181930598
-513269238
229645940
1273122915
-202786178
-1476430721
-359117196
1058708006
-1714823103
13824878
-1110491196
-393955264
-386768601
-1228579101
-784014047
-1003345402
-494412075
-1706229030
-346955768
490554907
1885050962
-332637953
-1547714310
1752137332
-1388182799
1560371814
-276789654
675290557
2027367185
-2085340565
-779210603
-1515503173
-1932874146
1681128964
1417010234
1671478785
708087345
1505572659
-274805343
-143362949
2043506827
-1280560503
1813104142
398374456
-1451458594
-1321842266
-174888123
-943429946
-284116127
637086943
219661416
445458463
1666732635
-1419162083
974839597
1797699050
618826766
-883531507
-1043874536
1882751512
-1165224295
236257799
362717565
716426189
10062583
1174165973
747433293
1547091437
1111400804
1232953694
107276262
-300328751
1154035219
1780072416
-2100228262
-850958948
872372388
1984402933
-1426357348
-1035586627
1498620989
-863045094
-643951528
1535924666
-523531314
-606180338
-619493784
1238940002
1860163656
992609775
-587458896
-139765091
1080322797
-1141462728
618141907
697327016
1260230292
-1400296374
1879107562
-864817054
-301240288
1274367311
490402821
-1404622881
177049571
-281313019
-124885403
-1107176528
1029270226
1475184910
-342396223
-440803135
27531421
1650224262
1590919549
269202990
1739692878
2012417877
1807611014
-776678694
1442438504
617924087
1806586268
473447645
651384680
244866024
1122915072
-1114633952
-385668987
1068068146
1061660388
1181694841
242293953
1308081343
543649035
2029178231
-482255986
1027463938
1785830621
1528849211
521214791
-108760897
2091670610
-319522222
-623686539
1766752758
-1690775133
1317953895
-887599653
632434214
1052427933
283777859
1413881209
1980078626
1292347324
122606786
-1715715915
1412490526
-1786274657
1630271124
891219042
-589024964
-1282719393
510575596
-1653406001
1275556872
-1010427555
-1795710635
1716497612
-1846895421
462322255
-707290163
-1014846587
1057192370
1741711110
-152157498
-224941777
-64942738
1721074965
1224998443
-1553220426
2123800198
41309657
-964880294
-659531385
-1967081838
650466759
94034228
1027749270
-454430760
-296517564
556580908
-1854905641
457404780
2116226086
-1446611809
-530015581
1858178466
-145246952
-1650404400
-878465427
-1582549285
-1560565477
-1818704410
-1594357569
1073762652
1762107943
818118274
-698267848
-1984225034
-1578700149
657215473
277326216
192644603
-801721918
1757587423
61360977
537444579
1790014910
536798688
1851436484
223686712
851028704
-1884234850
579198668
1010399848
-1017718086
-1721082615
-632290028
651438182
1846139973
-1529198529
-747431371
-231145240
858553901
-847688113
-1684286390
-1803041463
-819720172
452933319
1905043127
1423240363
114659483
1944324317
2031904976
968950259
-1598026057
1497629324
1783238742
-1570350322
-412430084
989799031
-1251504644
655366490
-1744788651
-351121309
-757952242
-1402777341
-1637322600
-36027725
-1997240884
-1003567363
-1833987098
-1766633961
-2006461066
-1536704650
-1440651737
-333496357
1024260544
1422540330
560319120
-387722750
1951460641
1887078780
1204565358
-233275633
1879487121
278099616
-309641027
1413018446
-2031921474
2024640962
898458722
-740771804
604429758
-466169831
-351040385
-1670922989
-1876130183
797818368
1739695172
2108767051
-123492979
-1207535793
1783764636
-2111766646
-1550936738
-1510178617
1249612438
-279568902
-551650212
608148376
-559121787
-256169353
21904367
-1878229860
1889939938
900067689
-312502354
1257433089
1713638815
706721081
1683324815
-1217165529
66107881
28420546
868596431
1249420189
-998293357
-178140566
-2144509599
2061059789
-350838237
362066442
1094741015
-1701448469
277851263
-1446412382
1534969432
-856890842
-379522794
1682429180
193513374
-1394842198
1351389029
1442935896
1067879260
-1051815624
1274422926
-1553165471
1336841544
910118630
1636584007
-1149454897
568626180
-174976089
-1950415380
1065439840
-1709714158
1283472366
25002298
202261515
1176188790
1401920002
-990961204
1861141847
-1220678502
774013684
57033417
417079685
-1097124973
-1527219761
-1773616621
-473234002
-1055873185
1442049612
290186599
-1016443780
1278763335
-1960124128
337952382
870214872
-282437454
-218064885
-89587801
913208408
-724184180
36414469
-1119739573
741856001
-473615322
-1249271
-1065217476
391781916
-1744675257
385398787
-846035028
466379428
-1526003672
626775163
914949032
651482529
-416959698
-1907991824
2098605145
-466399916
-2016966940
-1253149217
33750694
-894304
-456290171
-1196665530
-362078795
2044267764
1727640299
-1017545300
-1469047600
1804445699
568127903
945512774
971121414
1982811868
1239640145
-634820672
871846398
-1356475572
-1384857077
-1211919987
-1795384665
-2136539401
1291805004
-518279617
446999862
344744453
-1401840077
-189010151
1743023191
1203745109
-1275000314
-1828912995
-347897756
958939133
944267892
-1355533041
67362532
-1011226112
376874228
1168629100
1665138287
1755960658
1366427988
2129706003
214844401
497717534
778236086
201453903
1991222374
1252540030
-1045428878
432070633
694704850
-1858629353
-670063281
1956843815
-153693876
1735285574
-1777038588
1014763892
-1617213228
-1536823376
-87774815
454465941
-1340041130
1306639698
1952724151
-973269177
342560921
360005093
-774043571
722953486
1316648497
-1675859847
-171039558
1744660104
-1546622479
1826315265
1462745352
-2019515739
494313893
-1993923799
-195316315
-1838966619
2094110026
-1466127827
680414077
-1230178674
-629189720
1623076097
-1879720375
-488343762
-1139528376
-1176212560
231218665
-1871650413
1111139096
1304514276
-1294806725
-507311122
-1094862805
1373707213
-889128693
-560555292
1204424103
-1173272579
909289253
1772231184
1133935501
-2060669773
-305423411
1045425743
-1789071324
1106724248
1793892627
472046782
-327642432
-171979917
-1671352902
-1603404319
783529818
388948846
-1705595418
-537485719
-1890127986
-1360397354
31387079
-955133299
345404432
619418186
-1152097833
-480485123
1243776919
-434694272
-815782102
2141535126
-976359940
-732754451
688815962
-1259824986
1770062349
1521308820
1081875578
1369581329
-1058622463
-1429454010
-592242060
916861074
-1815650209
528273877
-1518431092
117326315
-41524959
-1501600061
334272172
263918077
1218103384
-203169335
-156691151
993552639
61142557
372647822
-310856212
-1364881751
642082812
89611021
288352282
1607591320
-1074011273
-746702547
-669964899
