-893449559
-1016253494
-1699314434
90086755
-729800202
-1157031466
-414142703
-108999485
-1502399707
-1024909610
561840179
1493938382
-286943752
1676069988
1896974490
1465592070
595951158
-1927698304
1466305041
-475284121
-2047784236
-318246921
-669559830
1122603876
-835880733
1398429930
1985997770
1712151469
1501000770
-138810405
125594562
-760162721
-251587140
1204363409
2012598277
-2047849970
497441276
1662897411
809078955
-1596873412
-1432108457
92057968
-1880198246
310054148
-350157537
-39386836
-1789496604
428967801
1545940795
370964663
-2012237992
-642170817
1321381707
-54824202
1664073481
-1083016846
1287286991
-1190859706
1176462420
834611147
1195863572
-1786397562
-174600525
-382986301
-1994479492
-1267734427
1125521894
272165359
919082581
385525881
-1881928676
-1219941018
1082232701
-1805151714
-290809825
-1770706026
-1774138242
-758294811
1693611118
-1589623792
-2010074066
-599452456
-1327271456
529512297
-1956368279
-342167689
751929479
-154628964
-268817444
-1388799274
1430923414
1224820745
-506020760
580398410
2081584147
1712028057
-1264735438
-344686092
-2102783665
-1075099150
-1613102063
577179190
-42035975
343288130
-276781910
734351284
2000647399
-412717140
-1151128144
-346075521
47328598
656277067
-1355586087
-1703420991
1567666676
-2122071763
-73965162
772111140
349126383
-1793359352
1797016815
-779231732
2094740569
734380261
640662917
2017588308
-1254979659
-1142921901
2121276202
-255964880
-1471039759
-1474377194
-875831341
-1080201413
-77374206
101876626
165446645
-952672597
1834905629
-34747091
31676761
288085425
110328835
-1557185342
2009334495
-257974065
946319079
-996208769
-1138852397
-237662667
-2032365495
-1979466611
-1339421496
-870540095
1890293179
-952534718
-278537174
1611385128
1217415532
746780073
-1861850011
704592729
1087624096
-299636320
-2114512827
-1782452310
596854509
771836260
-823555329
1155509848
-1807503178
111484984
2100092615
1040103515
1761848140
156100805
73258288
158708711
1311977457
888289112
649779139
-1666698205
-474289437
-1359523650
-2138765370
-2076618980
187208009
-1761358874
1176216575
1427508424
305164582
-656602800
-1482362275
-94403494
515307608
-2109420089
2037624705
882259520
-1409846754
-544864703
1065192683
562316164
-686189996
1194289490
1981159090
469803228
-1981853386
-1878497795
119291628
-1417332054
635133038
-1450211619
664649300
-1142013378
-895771788
-77802255
30399038
1869356816
409028810
-1441640595
-195274294
1575316816
-491366129
-1478369765
1843624338
-138105614
2071936760
-1450236310
-1395072058
-2144919256
2083221280
-1964894009
1089382551
-1155928175
-322615160
556798403
1530566571
1152570901
-527631644
2143613881
599236460
-1017930925
1984882496
1041348875
-1076072105
53076979
-2031658153
-144870575
819939508
195677849
-1094152332
-693856904
-2133091639
-500505988
-470011371
-1188546774
941293693
1743492585
999381552
759316735
1273670572
1878420969
-1751623818
-69465936
-901567708
995214282
-888436599
-1674443564
-1463109751
770003359
1149128572
-1623214324
-1340946441
734454163
417745531
1661984026
2122478722
-1130889828
1287225054
1060787555
-1928169747
1318383011
1439298067
362759581
1548807450
920582647
1126262104
464259690
-1167872973
-1429191523
1270347753
1341820693
1940917455
-610849538
-1653834892
-1165729711
-1862912199
-793125314
2102503911
-1321732565
626122967
-364717672
903492526
1400304895
-8806822
-1452121621
-1081115507
235942705
1199260575
-942485747
-1949134634
2102380498
-1085526568
-2128420983
-235411435
-1130899234
50657836
892694141
-1568393941
2026244215
1728240462
-860096353
173361175
1860565409
-1059668515
398254749
-1651584866
-1508356344
272490513
1163600836
-689096675
-1136510473
-361447307
753185135
-464880021
-683487237
1767035020
-1909944098
1401477031
1920130606
-34677956
-1175501839
-121774002
433046456
-253302697
1866793959
2114231259
-514552736
-1108396437
-979185394
-649469114
1247813872
-1024786001
807442374
-717497582
1079935325
2133733167
-382572987
1911505031
-945974482
-1445133025
-1704593507
468530195
-76779694
1595677258
-2118785850
1223484675
-1525915395
-503349044
-586432624
1951487360
-1806829347
-211122158
-1429120237
672180391
1024560365
-1425882667
-1051375502
683621166
2109587553
753165567
963021195
157188935
-327068870
-1032581264
-1579410633
-137918436
1870685128
-2001203818
-967893260
430465766
28107318
-1471268763
-696534239
-584772803
-712091258
-1266730584
-316548539
-808093240
2019909831
1607876248
-1080259537
-1589401209
1877272033
873520000
650023494
638354103
-596431345
736010416
794620279
-573591834
926950900
-2046766356
-1492918878
-1821153748
1557026603
-1438862158
1856008323
1231104354
-605413957
1419548053
343023126
962438564
-560652965
1120439596
-1812835104
-1776059759
452063001
-1352459683
249345702
1782511555
860965328
-982003373
801267836
1980396813
-659509773
-1759885157
-864732701
-1646650763
-144151158
383836228
257780770
-594688926
1626607918
-839410197
799786032
-925746947
330539276
1876043878
-1562149324
-859836284
-1956663929
-841765855
-314699264
1668158750
-87843183
532500616
-466233919
-743523743
714972503
-1490830531
227122049
-81939162
787318110
457291058
136508859
1935849335
-2114461500
2139367701
631801687
2134168827
1966520968
-350387066
1077212358
-377439529
214919535
1291099111
1183971774
-334313686
1130713358
-2073668854
-1907024543
-1995259548
-949673388
-1527498606
-535326962
1587103770
-1831358515
28736593
-826062548
22882842
618049105
555998610
-1645278362
-257203108
-238507799
1391831594
-2044382693
-906076293
1603289849
-1951814654
75251253
829727353
-1690001203
-512241914
843711939
-365255004
363399309
-1195341419
-640451523
-1600017760
-1467755317
1262668015
-872605537
-205753309
-220900426
1926540826
-670514139
-25564686
-2076970818
-897783230
501115802
-452634681
-922201178
-953612682
-217796462
116223816
-415487914
129059378
1576164265
799641873
-1607637093
723556235
-81062438
-2028807606
-1107763348
-1824895769
1686885866
-1074928879
622619178
1223867667
-509458806
622071292
-777118241
1733490816
445084432
-1950650878
-646797510
1310363986
-2036294685
-263041453
20110756
-76121708
522135052
94930922
1228175095
-664004007
-1900451467
-314493686
-971014757
-200946019
1152956781
-941277571
907363777
-892154723
-903160523
726377418
-866673670
1108474167
-236097859
-1202948699
1438131237
2108175857
553017775
-1771644538
-140875663
-1156646299
130399792
1285161820
306974766
-131682069
168510244
-1479691990
-1308364611
143839488
1769659070
-85718964
59641332
287530408
-2065113180
1164096574
542678768
-1433363447
673605303
-1677898617
895980393
-302200594
-587573027
-140686429
1172128289
-341911282
2108725734
-1574985366
-506367567
423307354
-1346733633
-1202746128
1980241538
-848264781
-2092737151
253295807
-2029346114
-1690967961
61142343
1750406256
-1776784867
-773181659
1322423431
-1540555350
541275111
1045126474
-1648411550
-521936514
-1630012510
-1535961722
-118233702
258652766
-813104727
-1877807546
524143482
-1543701993
111648882
-1067355434
-1096864127
111242696
-323353570
-1763610090
-864875938
-2140068879
-723115623
-906642270
795603098
-1582577934
286299863
1604698455
333928020
-2099620027
-1972970541
890783183
430749068
-742741500
297972511
-851296500
1698128132
-838973943
-169003012
-569540836
-671093825
497980776
1448671428
-2118659459
1014265918
2072657979
1293891205
-474682746
-2046246940
1714513274
716118066
233485179
1567010810
-1072547110
1823595047
517898967
1122082128
1500173713
1867949720
-1360661686
1699828963
-1029937010
118669789
-1450673193
1681880627
935783295
-412270782
622743189
624997116
1231200504
-1469445704
-1421900011
451956383
585398027
555645695
-1040561253
-1675862808
832318942
403794990
-1503799132
1411944455
261577829
-300649009
-2087368918
1901242620
155485324
-2123896378
203397231
1634112388
582502030
-347375955
1600457521
-1818405647
-1709986669
481017081
-1561028768
-1244866244
1687767652
-1975709642
-855441158
-283842017
-1121681673
1558289861
1587592105
1748005146
2010574399
169037453
-2010972098
1681872316
789250545
870788067
1655010531
-641512256
-248000400
1351112676
1520230445
929653222
-538915873
-119487854
-441908669
477400573
646254888
-141563061
-482300694
71591639
-730291525
-1898531242
2031204691
-1813106538
1157129086
-1229031646
-1550179322
-2138107224
-2127435585
-1832776225
-1954956796
322217804
1645457499
-1949298270
626497022
351138564
-1857390562
2018281644
560635768
-1508492542
2131891693
-1787779612
-834194567
1678039330
-1935949753
1175280313
-1211681699
-2138790340
891326422
-1630131485
1928006070
1600653722
585415084
-269044916
1362415337
2031843624
-1719281646
-2017789107
-1383504350
-970728187
-406454170
1161397718
510236512
-2130037400
-886195039
365821625
1344949764
398240925
-1715113434
-1352168763
-827110032
1677353306
-1648922860
-1245155146
-1049458069
1826033399
-1298702617
-1948611888
-1766560893
-1517489119
-1706240563
-1779344931
2112000343
876593023
492055195
-1263326347
-485240158
-520702398
104432420
1671604643
1698255343
-1705805621
1116811126
-1699565091
-1045431590
492982374
880609699
209332317
-338741744
-783743945
1090445265
1755874876
1904994680
-800960329
816644453
-2077621639
182991922
-390563271
372048892
-741688093
-1597384538
-947028043
-1976286962
709932570
-1941746912
-704669066
571472418
-2038712736
-768831914
678984369
-153047887
1087499492
-1789155382
287560573
-126594679
1382101430
-1981407247
366909686
669765339
-213843762
1044368516
718949913
-601392969
-983996282
-135337419
1826370773
-73167620
-452951995
-690847475
1057408410
-1932147030
1531799054
1244822588
-2052392451
-611698927
-422040537
260828421
-737741455
435067560
217058049
-963939508
373958254
1213311481
-498584610
-512441546
600758641
-1451298863
-130200377
-975078140
1047065193
1399988696
-360613608
-756719457
2050235822
112021971
-789986142
-141048948
1643307782
817776333
1268286139
1699030277
824157917
822290586
1294089131
1838971283
1331504376
1914897447
-2019849423
-1861039856
1287977807
573486496
-2018316216
1498965339
2001014075
-849814536
96815642
-2020171933
416536264
1751911068
-612735190
2099371568
1023591025
921753616
-1323080844
704847347
-2040300251
-862810914
-941059172
1728054005
-436616826
1010636186
77733762
-1979943491
439651226
-1434617983
2134514156
926973644
-2008940958
1969409914
884441491
-735604473
-1578727673
-1314602472
1666854062
1567222077
-145840000
-346751157
-320650923
-1371100111
-1140624526
61433001
-1582448838
15981649
-477080839
-2068592831
-672394556
-1217504717
-1970855812
-1389003936
-1093134103
-1390381353
648744241
-363069609
1947662281
-1322792134
900899110
1790862230
-1487664833
-120644167
-1424466186
-1587832112
2111776728
436525637
-150126450
1467610246
214322810
277610439
-2016772123
-1301513969
61956642
-553861096
1856113347
1379106313
1107744914
-526132799
-20335443
-499278555
-478844867
400277516
-88781412
1207319746
-1645268691
248906084
-37879358
1305814319
-335250137
450954821
916278682
1575663753
1491970065
-885441285
-667678184
-2086793550
-2086412426
-437130993
1130023245
-204294145
-737806641
