-1824049643
308637703
-727178551
-1420998120
-689466430
1841552600
-925301768
-1956239511
1834352936
-1494028682
772541404
-956603302
-1640108013
1463158535
-2127466813
1867440933
2089036310
-1028149225
298816163
1882324513
-1597809556
2004774463
1260484347
80748793
-1056168849
-320856779
1328226646
-426303229
-2137823182
2090672545
-1823675002
1176288026
-1456150589
-712179564
-489478243
1578878694
1641632854
-1571758886
624045333
832663522
1129268098
-2111738921
410481495
-84050850
-1179002618
191284061
1487084932
-93828472
1013241044
-848191557
855520183
1007185377
-1146951281
-1581050322
-1694810002
1562117221
-702501328
-799097306
1674534816
-418863706
1470406779
-822901356
154333633
915219543
-1560796414
-2101776095
-290003256
-1257762253
1132785380
-724554595
1145019719
-167606928
4856249
1900430
-1282425694
209352725
1256855608
577793687
1197992745
297257493
-1501921956
175834051
-1916700768
-1539615804
-516922889
199187194
-1819436645
-1540245582
1029090837
1718935638
1475561144
-1894804427
-564345472
-1154479492
907143482
2066272732
-2084917311
953898651
1832707991
1903369926
784488795
1403212890
-715990225
157502125
-1027387685
-2136014001
-307107927
-255950960
799803921
-344780915
1438938073
-1904481999
-1909354273
-127398671
-1320610481
648184919
41466632
1394022766
917951865
-68963643
574682513
1867909369
826056203
-175168703
2004469406
2113873888
309357743
1731034631
-2093168097
589454254
-139896369
492842408
-1022677536
1808098175
1036155407
75461004
-663537704
-385972633
2031735021
274091845
-604647471
718538478
1752692702
-1465430723
670835886
647906460
613268527
-430641291
351129819
-325457303
1092117612
407618065
1428639518
-1588711310
-609997911
-1938609350
1799011650
978506583
1209654414
301401715
-547345286
-790034457
1442531675
-1435966032
1629343119
-420903850
-989517783
-859797527
89046444
1201149246
-264994510
921397537
1275605215
-467204668
1444002220
-1817793930
2074911925
52805719
1140835366
2136982601
1493762389
1904075714
-1070109524
-52396568
1271984864
411934637
377420883
-132085328
1552942955
-278283224
1787089723
436569476
-1572283201
352281087
408305218
-1895052277
1849278573
-1014991973
1823265348
1966977033
-796804594
-873473441
-739561138
-1940837896
1508959389
1736497433
-394052706
208991492
2091985379
1865270097
-239925062
1473782320
-1550290573
828410857
-1508341943
-1710636924
984385480
1846649487
1024488356
-512899681
-2046282213
-315130479
2001020824
305008385
-202348040
-538233534
-1362790126
923993509
-164913094
-1098970129
-1022665154
-863598035
1551172758
-609661440
-940523414
-1350105226
-2133277529
-1116830540
342938
-2019980252
-664016451
-1533863859
394977178
-1234744857
-1608004164
553667870
-277304601
-1989382435
-2137328786
-774306182
-662221509
-1693055385
187610803
1520854153
-278295877
1635419601
1833691297
-1472480708
-898586211
-1239160523
992278882
-1736260834
1865115889
1737845559
869088530
-1697098173
1888871303
-104316088
-48119770
-113236232
2085849509
1915227023
1426750818
-149570395
-728533418
1232069103
-743423414
-435214430
-1952067942
1334435064
-235263503
665277804
682689415
-942503135
-1428882143
-1568799746
1825466340
-628644498
898311872
593248706
-2045475848
-702375669
540434845
-668469722
-1562710310
-599517160
1972126745
432699477
917412901
-1028655296
708504598
-762763389
1543180212
1865001457
-1314942830
1943826449
-1685910109
1737527122
-961078454
1243044393
-238474646
1360289291
-1021230419
-1504624654
1746643145
2028574885
-263811785
-1465432067
570213835
1351626879
-469958695
800536442
-1059382012
1049898513
-1923727082
-1604359158
2089757182
-2114689979
1748199321
-2071206249
1350450750
-1757966061
-1888201562
899450223
1124947012
1920470935
-1158229200
-1600306532
-706266571
-2099404367
615511108
-1656401257
-1117358518
1824005003
528179098
1310136305
717782213
-623072153
324214979
-2020962959
2039891536
-2008896743
1615385126
-146956618
1147390427
1115044715
-1660865884
-1955550193
-1426367901
-164357283
-1748080281
1156334158
2117557438
1435550248
-1805695888
-301770718
1289235939
-1959811518
106906138
1614389805
-1178677207
1265980018
916857382
531853452
1853468746
1728854749
387540281
906319673
-962700460
-35238790
-171989067
1175102756
903832504
798491663
1446376385
614669168
214535357
695602067
-1452191632
1794466621
-929199603
-1195268144
-21070591
-278730020
2014931456
-1141003963
893692546
1983549697
-741998406
616771315
1410480672
1921561677
1701535949
-61973775
-1307192269
1372764188
-2082713417
2061520410
1437017832
-1025753615
1718672583
-1941405849
316655734
-959557890
-2134706713
-2042920177
2119699944
1328085765
85725775
2056631522
-1334956148
1810264728
-409384426
1788427049
-264661554
-327592768
1680837633
-1972106129
-331390197
1557900752
-953347627
1800393023
996804134
1173166192
553029656
1385382513
1477428401
-331655997
1816510987
-598771750
2129618456
502207844
-952559786
41985995
674169551
1149643851
-669868557
-2058684106
1719635062
-423282077
-949434561
-1466007161
10028973
1024119940
1272781976
-55026129
-346800665
-695276701
-105924109
1962292281
-485280245
-180644984
-77152770
-546473022
621845767
-132844942
1005797772
1419839640
1182937045
-920628262
-845130504
-1703672849
1111725969
1053089805
879340513
-524993113
902942628
13460911
-1475392158
-443279458
155212555
632915654
2046406818
1394498554
1014138665
1014867272
-1336290262
-1602260412
-1982670753
1884363535
-867627807
-986384841
507295251
2018561883
906618203
691999079
-42342270
150017703
1726605786
1606446315
323879913
1978748415
1700923894
-1199973204
-929335134
2087446378
427995498
2057530599
-2041277759
1098478132
453802946
193423708
339778797
-865978602
642140180
1497105570
-523291463
-1275371876
882885859
296472539
-1443045644
1468441888
-991648143
-387204744
-970404013
-915277516
150003514
593225110
145113364
79175081
-1477671043
404246776
169878396
1735210763
-137117920
2124516744
596214164
-707451294
-425590682
-1751187599
-84590172
274095118
-335191250
-1429935061
-209904083
847676815
1126303046
-104830979
-428971044
1029587621
-703118959
-1031660926
-1671004373
-262587567
-985258742
535850782
-502545112
164420120
1817855378
-1480749556
841804515
-1583733710
1571252292
-1510047350
-458438269
1271773800
276388956
652168743
-751661688
799462447
-657158786
1975627560
-1576715205
1808293562
50100384
1389744662
-874026819
-417882804
-458649008
1245413225
-1713558601
-131960393
1215208677
-1029363606
-1607411888
-1384735322
383678509
736301974
-441029361
135596081
-1832084286
1444306133
1608720226
1515600177
-1439131003
-187471944
-2100793666
-223961240
-929673936
1435223544
-1460675214
2032231743
60051278
697225464
116770896
1107318863
1395136761
1802232574
-1498537815
864195723
-1627582564
1084567238
1936108617
-515080451
-1602021304
-989971430
-1529413522
1186263168
-217397697
-1005336037
1254308900
-1619179590
1705891029
-2103344353
-825625757
-367401317
1841720474
-628187061
1825023622
367817841
-1994762946
-1435430773
-753965745
-1872968721
1201444458
1431845412
773441901
-1420543796
-2062227698
1861515206
1404943601
1777984722
-861183897
-1263162931
-914801802
104156577
1440030528
-439291815
251834852
-1265751482
1713013454
-1778446189
158617654
762954434
-1521627777
1518269804
755445415
-1230221033
-116617131
253601743
517063331
-1656600737
1521236481
1968641509
-573573559
-169839825
584022621
-696530076
-1023877381
1549242796
-2087045245
-497500123
1190095791
1393259096
-858833089
-1262214528
-674552991
1254185442
-1963749647
-696780371
-1523114568
1673215464
1327054147
1480677522
752534370
98927825
126797250
-1486911451
-1113764036
1234022264
-978700647
449867206
1817006090
393037500
-545184934
226565334
728696739
-1971067548
-1935311162
32473461
1915777805
-17950127
-1467848627
-1523021689
318346362
-2138665667
-2129655051
-474219887
1258598884
925179079
2017039283
-586435952
-872215363
1325704654
830746726
-766360939
-57819690
1947334707
140409076
-848262584
-621834471
919670946
261894078
1547333621
-1206769069
312086187
-186273746
-216598966
-619630886
-935824879
995848907
-760147338
552449600
-2102482434
1675063924
2103174246
885741630
60643494
-973075023
56143501
-718208862
-6642800
-235353692
-630166378
324304956
-498069460
1914904629
642487525
-24379689
24649333
546689580
20358822
-1427478018
-1317193469
-1654206694
1330615763
888150198
1491281906
-487968406
2036327109
780712157
1822415146
-1933695990
-968588274
-664562712
1326208498
-691626506
1238065527
-1088462575
-202320297
-757579020
438672542
1596827415
1471958270
1861406134
1492257768
-261444276
-741356028
-1270525931
58635753
1501377147
163410587
228220337
394930447
-1521900941
-472912320
37520876
-679796019
1979152527
703338240
-806310951
-1869233847
349267324
-546324772
1734167047
671515671
1373602410
475993735
1536064822
92748241
-565528054
1054123425
1454414421
-1747778912
1586198356
817981761
-1389006134
-1884017814
-1091209185
-896976945
898242290
1135316534
1033865497
-1174013552
-285586225
-560208899
-1756925236
-882506006
2027268012
-520788181
1579771168
-1563205135
2132222820
-1777568871
-990574432
-349314307
-966407433
358060894
-1334211757
1508340316
-145673893
-1021949660
-475885259
-250954912
341100005
2113382029
951314825
1225234400
-1454285773
-1805118076
-1527750246
536321529
1975119455
-2108036749
-528596500
-1812732090
1165356018
1198034963
1382228665
1493528038
-325638888
-1322735671
544823749
-1013984676
-353002212
-709253172
-708724208
2023056216
-1362541082
252273421
-697796348
-1860264158
1910865069
-1457562812
-760333284
123263718
1292541939
-2068832348
-552037779
-1247498672
478002276
264174886
1259773265
729046346
-326183317
622869207
1797986472
-1893981707
-1252895797
-858271422
69419745
-928385281
-411076860
1698442650
1414837388
-915451354
-1745440420
813616341
2078268651
-830338931
-2126539944
-1689670249
1676757668
476943482
-302023664
-2047304988
1937719811
1524974008
653142965
409115921
-1455979019
-2098362152
-1957403370
1702205135
349958976
-162866438
334811877
563456869
-858839790
-1789096499
-591162494
-1909580044
1489481454
909979360
95896142
1154692069
87030044
-215572732
-1747394587
-1287835005
792427812
-1729082394
651974171
592877354
-1365600835
511865063
-34862044
371819548
1302588917
-1251619942
-915255957
1542002943
2021790857
-937640915
-14109235
143851596
-1058859203
-897636611
-456047663
-561132367
1897490552
-529654439
2003137709
312420744
1772523119
413188562
869481206
-1495204995
-889047604
-1428230219
-1716937945
-800576074
-505478970
1155198366
250764858
-1755884854
-1796917541
885882751
1804374498
-41376898
286069676
-789153593
-1736465305
468109962
482725536
-388640971
-59677532
-1484109509
-1769722536
-72945016
1972365346
-407320032
972893792
-1909960300
-1418978246
5562301
1420263754
706042853
-83078534
-1141325069
-1068396879
-251450386
735797220
-1264057616
2113514299
-1343619569
-142985116
-987740129
1946332721
1360210149
-1228655949
-1122833886
-1428585968
-1515880618
-716977478
-1112369303
1518935822
1163411263
490013269
1377778532
