474152627
-1119939401
1622678114
-541245026
-559052793
874552245
-1252230553
1272090462
530100453
1845512877
1296884311
-1454741632
-1702212931
-79814333
2010629737
-1311214704
-2030732848
506870878
-1999217250
-1636125878
-1427352002
1747956719
-271165957
783232909
24436569
-1976972153
1150529012
-1345130925
1535328332
-415552999
1054014965
-1528830821
1540380799
33937255
922615284
1880678994
1654817579
1491866579
-60936852
111102573
144822979
784990696
731004443
-696792635
919194253
501681837
-1132339393
-1186492571
-1635720914
-934769190
588394344
-1006190252
1106388998
-441148373
-1820801691
-158263137
-1171791163
297927091
-725896423
111358374
-1200151336
-825105434
429746825
-1268777493
-1522953266
-918077745
-1937755348
1756733778
1597824572
1465179853
1995393761
1462678847
53475944
2019506892
-1869211945
1242369373
-1545925259
473650228
-1530648214
1853793489
-492085445
-306807629
1800907033
-510776222
1870210213
905447195
1105456901
-555331272
-822131337
1298594039
-391715176
433729600
-90499098
-1494941554
-243397825
-476219970
-634410330
-1634710701
435146130
2072947230
1772125476
-979851802
-410636432
-644537695
512132909
-5279952
-1942216913
-2024922323
-1150928948
-1306328944
343318739
979269424
1042472669
1539964819
1542762740
1992692569
330226818
518124799
1254349362
1750265278
-968994284
1378939047
1982724903
-439045631
1998535068
247551448
232304057
-1340664620
1622486313
-774888146
1436586047
-1026030985
57037045
-226084329
1732439131
978534890
512413571
599934383
1268582954
-1259586665
-1608173123
605103753
324625202
988232169
-1785621557
1766034435
187431132
2037993663
-860039784
-441440207
795270232
-1282891074
1239674966
1954272249
-1370442127
-1738879512
2054001255
-258569145
-1975766550
667294772
-484963163
-777726776
1712775109
1435162702
-1829635297
432503847
978698733
1185923526
-2082189348
-73290110
-655478325
-1692580972
-2021802436
-1624089085
147287765
905527863
1785867585
-877938324
-1409435851
1983503641
1498763772
-354985793
1883430257
-1399993288
90001446
855545692
1904463365
1054704605
-1553507379
-830447767
1358794967
471085056
-1718052682
1735215507
-1481116367
822884982
2103357682
98485757
-1456953091
-187413884
-1488280646
1147639742
2073410861
-441038486
64957463
1861465142
738360266
-1069919769
947592468
2068755043
-1521913520
1140927513
-1376265485
1271460969
1684750508
-428743258
1354197240
2083019865
1018529691
-546367285
-1023495827
-528169761
-1539966607
755188647
578764408
-1880002011
-594088563
408607543
-1732473941
1646817196
1183355886
-940838193
-349843878
790331652
231044986
-1551590016
1373792357
1840090995
-97796318
1095413935
-2022723905
471104252
708357727
1675478533
62855639
322774620
1782897807
1791401384
930511767
-231942311
1860497492
142626467
1750766377
-1151094848
-2002355759
-1182935688
-1963240615
2135535887
-2110271023
-718231450
17858654
699035578
-2079519022
1623135711
-1469707030
691462216
1202722984
-1544813802
-1039518860
107721788
-1683788796
-854959692
1669568902
-1649072636
1352199429
1790531798
1109749932
324451008
1231676767
-1893166090
-1917872238
-1014982242
-1163317268
-1656576243
235065155
2144358005
-548607960
-479274827
15981416
-1347742108
1920287735
-1204157177
620973436
-1219317603
450363983
251987451
-1799533593
-500812232
-815767667
2015152614
1352826558
462699883
1017442285
-1300247978
-1725287612
1317546668
-689942139
-465826949
119036539
146675118
1670179054
2079268271
1559933285
194719933
60264620
1918362573
1453574736
-2067531404
1007419168
-1875299695
-987598129
2049633482
1704249670
-1395037564
-578119029
1924977359
1373362564
585413182
1114840861
-1868649358
1423876049
1076338542
933418163
786720468
-27627911
-1895794288
1136361639
2060852419
2130489528
-534240002
-248286151
-250806169
894892945
565114775
-1636407668
167485550
-1414878352
1580162810
643916899
304922979
-89544140
735656847
921031146
-747352554
84566061
266891320
-785041418
1168736076
731490252
2014887512
-1475219296
-741366056
-1597484693
-1771575598
-370307143
644608816
1764965424
1661483969
-1931891607
432421647
-796295657
1497856333
-1654810295
1691403857
640059550
258124946
-327063409
1708635683
-2030458057
-1477855380
1052995828
-136022283
-1419202586
1120295749
1959736085
410907861
512750750
335424411
1444652183
-275628254
213258807
321961475
484560807
1765015644
2132212116
94659682
2055033284
149633282
-1501794563
-989963910
-583618785
269722148
30587811
337456725
838494512
68487134
1508754115
-865296606
-1085816033
-1180430933
-579313947
-158080138
1628857775
1717067073
-1952034002
42594121
-774410063
1485660149
-366007767
-1854120371
-315440044
-754159007
-1671355920
1380609395
-846662259
-1389697113
1563110796
1297452
-1854259058
506723458
167806042
1670990034
1516400051
1282348102
-1600996981
1975642395
-1027086187
-1232268695
-1189365377
-742675694
1282440849
1879799844
260066966
-2097718706
-1879957330
758492534
-1023363297
792261964
-245430187
1166527175
-191483907
425154100
256927317
160710957
-154802939
1825812040
-1907960991
1723394985
-824977937
273290498
751583378
159703664
-419793942
958075932
1606904356
1468486771
757190358
1334799219
72730643
-991146604
926038803
1705415717
-1988616585
-1029324662
1845562891
-567781595
1170900311
-3771966
1359693028
-1218496085
117349302
1498265721
479514152
1190263937
-216604605
-424335235
-363369268
1195619175
-1920276655
-849786447
1038484834
2098337214
823952397
-2039445978
-1683087555
-997463870
767774904
1624980976
-1560021912
1654909736
905884458
677697589
-909711583
-1531292144
1148926734
-85720668
-998615855
913857882
828576632
818352953
1407748528
-732670460
921642104
-418673105
1316357571
-1758322699
1453002545
-2043584088
-1212087873
-1757406600
2086672555
-1031350519
957153868
1276368756
1877219944
1326181906
-171957574
1654534332
-696804398
310905099
-281856012
-540139395
-1630408353
1698539054
126329039
-868286183
-1879752808
-967779606
-758822907
-1624579216
-586893442
-2139765128
-979788323
-484649428
-1823705288
396094179
-405273347
1024318015
873752519
-1573627351
-541271773
246969491
1198941734
-1392523642
-904424691
-912127090
-868569192
61246782
643650256
-484638170
159906403
473428860
108125599
87318254
434737765
638128827
1967278665
1684271898
340779309
-1282289638
-134953683
-394791676
-1636714253
1168380461
-1101640288
-447107911
-185222372
1659706738
2097690830
-104031359
1714581938
1237135924
396631585
1039626499
1606801313
1125032171
681462625
251052731
1372342408
990173258
-924063131
-764325515
-1096176928
1041595007
1687113129
2027158526
756279151
1965767005
1884888290
-1961856771
509642562
1073772121
-843184120
1184821594
377072724
1460728332
-1896821733
1387528236
616407023
2060413191
-1653961455
-1737361027
1216965545
1352128448
-1788752917
506942771
332500457
1690358784
-789172210
-1698318013
-748186231
-310063981
-2136438884
2036343712
-1088310468
20060474
-150714490
-1772556638
-709516357
326567061
1922553472
315627516
208113957
-307373631
179063052
302743837
-1814617406
1604019945
519596132
2093766024
-28402082
-843926870
-1923555231
-1122886600
1630163508
-1040100479
-153055965
232308732
1197194424
1970874426
365756983
-1400775544
99296125
1067048156
886755686
1617861280
1943349947
1067086629
-2106715991
-1438139070
1413345926
-493006954
-1797543080
-1908111848
-800752650
-1957497535
912447714
-1356914671
-693695673
1536955495
-947785976
1712062514
1843597445
-2097232960
-1441292899
-1869366456
-1587855910
318602914
115792396
-35832499
2047138182
-383109393
-384444466
-365404438
370543088
-1548830489
1288733451
2092727565
920039057
-594848754
-1927248758
1256201195
-55350242
1032177120
-477944204
-1013116832
-2142621075
1634052819
-387992316
416469237
-617501748
665891112
-1171604051
-1478975752
-207237274
845733532
-1420578578
-1699491133
1536470637
-510307402
1770866792
243799869
-1841911936
158798533
315633085
-1786269267
685576490
-1201853113
-1783574343
567621592
980962015
412146646
1513173386
-1025391631
1291133327
-1206589298
-1831473822
-643565440
1494777719
1136670069
-801663864
232653479
1872779828
-1150021325
-1952830381
1409926301
1856546903
1936281372
-430738065
-1903595150
-1437661541
-2038196459
-1258977874
-1892616150
670905162
612396942
562188244
-2067898813
840005339
159067440
420197290
-1598715464
987537747
-485169539
1567846674
-1266819569
324490491
-1522060955
-2142613776
13088274
-1817206084
1912926883
1414630534
-1192759038
-642068778
1211438988
227452327
-1921880047
-410391134
-1020547362
1718526033
-606998877
-1096576533
1370279489
-1202010663
-287360541
226936561
-2019383756
-774294415
1086207106
-694848093
-488351533
1820934346
-1257057982
1725632988
-1902430310
300434708
127636702
461345794
1122085583
837532319
-77913967
-1666709418
1650880384
-404261800
959087847
-1208332911
938272636
-1123548225
-902899293
-1379618154
601220416
-970731089
-1791145798
1181802094
2057585201
917453506
566749752
1336312465
4713105
-302046764
-267634155
-1598446592
620510678
-523565701
577709347
-464755464
467058750
-2011588314
-2135195941
-960038418
-2140257639
203688408
2034356196
-1482589373
-951147818
-377638468
-447179097
-1851706336
-618422336
1872782806
-1470876417
-232979269
876788754
1970501558
101639877
-1176095360
-1534956363
969110016
100148933
-1534373745
-1769735959
-2040528549
49902143
-866388203
1179142896
1579841645
-336478467
1342535797
-247646042
-1198639360
-288873888
1488640115
1714870307
482833013
-1167435217
142967823
-510110597
1626064939
1315427464
417008682
-1689602862
946417561
-133364553
1251234640
-1311132486
-1253395516
-1992970937
-170357867
1718336259
318511631
685691035
-799239839
-919282556
-1267514791
466501746
2061794505
233114532
438146562
-1571396313
1914516901
-652884608
458660305
1074276063
-2048117117
1361209727
-939352638
1876751794
1607470036
5668471
1731609854
972400212
-67092261
2124138179
369009780
1684296198
-1001151790
478895233
1069362240
-456366351
-991736789
1241748994
-1288160829
-1480340316
900536519
1424446329
836322686
-694253005
-286268425
228999268
-1593583864
1345711665
-2056124909
-993796240
2007929787
-434104737
-162960648
-703118566
174795936
1993343689
-641549698
1904366485
-1119585303
-1870739391
-1136860789
660915889
1822545733
-805860707
-943594804
-1465383276
32465594
1605864829
-1653328913
-1285299686
-847156371
1516544993
113204554
-311625449
-1438414096
1876347741
1774119558
1260689846
-1177766080
-98616537
1694716089
554497830
-1161792947
-679716368
-1989535570
1491664760
-2116914810
70455170
1982361627
-51994777
-1606946252
-1343065931
148196949
1753017840
-1163594199
-231511850
1336853033
-1541910868
1099255620
887378376
1415288607
-147451634
1900005824
-1834961495
669059875
-1791139770
1936352060
-1823782240
-1202715354
-961905033
-451769544
1995205744
-30748581
-2043033652
701479377
1456100557
1530868513
1594261765
-574093149
-1107535575
-200432665
-798882066
1122662492
-511735784
1623347361
-583617394
541318958
445217922
670073182
72586478
-2048144980
-1027635595
2085629060
2015352758
-1125765703
131272933
