228251368
-419800516
936053083
-1852253799
142161396
922290645
2063424751
-408841096
1863723900
911773804
-141698097
-902248917
1474140811
-218976981
700751885
1914664320
-1063483155
-1434757498
986164128
1658110681
2006828996
-547146595
1817891644
-1923919618
-84218998
-710659350
-357198886
-586763404
-154654029
-2085139330
424291318
-1283652582
1030045490
-1270287489
-1689725490
1596336305
1755424072
-213029423
1367088357
-350873363
-414192124
1491583849
267705023
1430065319
-1689069669
-1931279719
1959441074
828638280
195837072
1886679357
-173560236
2107427568
1566011172
1744115509
-320269393
108417665
-1665305339
-739015776
1645129917
1156298884
-1272737146
800417722
868461657
1623498660
500155680
554151808
636817030
-413482051
-2041049157
277972599
1973893262
314808419
-1928774365
884893976
-370554298
2114345473
-1818187407
-520376931
2008523919
962339128
-45015921
-532003193
1746414557
-64040371
1463611238
429265356
-458178064
820749284
1568544045
685833593
-271618629
1355625465
-670238148
-942365563
1077964186
2045133578
835454322
-1945282403
-2030356549
1343520691
1636438771
-1796946293
759058664
271169923
1694374825
-1159576699
-919885176
1901765202
1270460510
-1664478290
717944237
540134732
1915655396
-201513215
-1057900459
-1715554197
-1536154096
-209149847
701899638
-1423325708
-801847730
-984013728
-800444146
-1969429904
596586835
1373233418
1839933968
-1891193106
-1096315284
-166872323
-236256977
-797953155
1469663386
1817333133
1436302487
1903948326
-1908244052
2034680067
148332073
-1133927312
-1798253135
2041785663
2111259445
1626846656
1801563452
551519590
17299358
962634467
1981056055
1066576991
-975919984
149867955
1814475914
380910847
2019004402
-1493386486
-1569663656
585143924
-1077734001
-950405291
830763429
-2030669189
2133779959
594764387
-1995083549
1170154349
-628994499
1701633094
-459939109
36864111
1130875990
240369208
-1495620137
1504624545
-1937671719
-1188561591
641956110
-1915951727
680498047
1585687060
-85487172
1780808944
668681843
952731294
-1675297606
-1108910137
-1821231386
-902566778
22820032
957937953
1353997635
360542466
1629156819
1768330674
2073263490
-343175114
1315184503
-510847040
-676769564
1316712496
-867357815
209341183
10984318
-1418072526
-1884312713
-1205734489
-1916033773
-1450064270
322000259
711676363
719918587
-1782998124
-641725119
-941114405
339387623
-1609661530
-601896186
291756845
1175838980
-881425509
-1644706012
-1630543626
1504582142
-1112769032
1460596550
-1888283350
311006517
680156478
-420303119
-2049565048
-2145855969
-1972816071
-606216238
840340318
-982590250
1956120434
-1619851111
-1737338897
-1583138242
-833307241
-1018417800
-282388929
-1311024324
-1465423842
596874745
1926709684
-417453487
-56197425
-285218871
1260321010
1976215878
-726784331
1529078272
1306608868
505038298
-2073189172
-864505583
76179073
1736353526
2030200415
-828847287
-1305451915
482132843
1920637131
510274016
-1940881448
-1513390542
1501122724
1267406758
-1507679568
-1736333901
1588318703
218379765
-1538462818
375551543
908249927
1276073426
-272676071
1918290798
52690184
1323608054
-1301831270
-121882231
-597951586
-1137227184
1907463061
-462496952
502748223
94976349
1218809610
-1109174001
-1327661003
57991706
831225972
1382292048
1293407010
994712043
1440206838
-1525703003
-926747012
1137277605
1456731335
-1230213079
-1016041346
-1462608799
-492110721
667173596
500844544
1090706654
1821890356
1345135260
564964228
-1955250274
-523077253
-512524220
-1832142560
1463809042
-1236671758
226965366
1120754942
-1193224667
947142844
1261594871
-2016683374
-1732603455
-989312147
-754122700
-602868310
1500452583
-1868245121
1183786645
92304520
-1051761284
-1148389547
1460282755
1426771328
-1310131170
933302001
1902449298
2065163992
-164266283
-1230256734
-1099366203
1179102268
-1148308826
-1623439523
-716702610
1145028295
257582668
542390693
-779952580
416405736
-1971375078
630592175
-1643155315
-1617436360
-413331603
752186931
-480897311
-1711474125
1773674144
672058676
1995220729
-702823164
-2063223149
857840361
642748516
761724110
-647393856
-232621268
-953954811
1948537454
2018738272
-1255277207
1387116057
448370828
-235454531
-73073987
338240213
2127405016
509439856
1994393797
1614534744
1628704741
-858067781
-905558030
-1036324201
-566935632
1296543597
-1128699158
1460844094
388367779
1108607705
1618194736
-1867783288
450093190
1603466098
1848018281
-1529280659
1745135608
187403758
-2116458849
-948625892
808060561
-1301456943
-1665904417
509163142
-580647035
677974244
-759771421
980759913
475822131
279022414
1293483727
-1073663259
-177606892
-81498127
-613986016
-449013429
1663206086
-507048745
747690062
668437397
-1623697632
1047647734
1985713118
726330002
-1944776475
-361952422
-415651385
1069072097
-1014034246
712332265
-1816804605
98221691
1994872880
-171848770
2077857047
-603186110
901404384
-983736978
2011317691
1173623203
350625954
1698149671
-658651940
1384357926
-737643746
544427439
-21192770
1867742860
1841281166
-625210652
2030099765
-1507706345
-290010862
283049145
2105983729
-1114806188
-1777630035
2108525750
-1088563314
-1630016117
-504383182
238622591
-399433307
1055061375
-302787893
144784501
1006441773
1564254348
1917488229
-517911020
-2104610695
290369670
131046925
2060080162
1191989560
-1799397361
-671924176
-770721187
105312447
688992498
418834415
1653177720
1487518169
107172186
1071508545
1255074299
488830017
241268263
-135652050
1904580802
178849003
517192921
574826021
-1546413480
-363318363
1975449546
-850151519
-287056076
-436092774
-24530718
-997806036
1188175487
-182507233
-7665506
1127447580
2107292353
-1412429798
1317508136
1240929816
2088734813
2032218922
-1985560441
1537828881
-1393089748
1589367834
2085862996
-1518320174
1629367700
349148104
-1522685147
-397979758
882557114
1530787003
-1771614814
294206782
-928987852
769762048
-1235923367
1316036905
1634012340
845645218
-1432379637
-848070590
-1594055863
-952333417
256533651
1231675303
-515216762
-1052916894
-1526358194
1754260142
-1105490430
-281211016
-2050645322
-606105080
-1245470569
1709099599
1919726829
1213736350
176984049
-518681411
1301097429
-2111838271
-974616058
1440023982
565527835
1495385053
810466842
-1881398145
-81475328
333489622
1170266310
1764373989
-180527928
-1976825007
282781583
-1368540310
-1522425294
-977064242
-76345313
667797
-1551181409
1022123930
-754183989
536869820
-1084561126
-2011427809
1523195298
1001877001
333585709
1117720421
-111616462
-963179741
-606984279
560151221
-1504732533
1186823068
-262637937
-190679580
-1754916143
1955577349
-1485526539
310458990
2082663778
291888821
-404027827
-1200029472
2047912315
897785397
-1741792963
304997564
-1021225751
1575586359
-1954488355
-16511905
1427167350
-1563611281
259241864
-2108760255
-1086819774
-856554280
-1099811902
1167593920
-1118687019
-1464748119
-2142922065
364500499
720568321
-1163054332
-1468019038
-514651059
2087472586
-1189055899
930662308
-1731797385
-418751716
955766077
2079244872
968160416
1154195068
319034620
-1282418738
1547080526
-874709350
1546656262
-439777177
999587295
-1140198075
699317591
2008946672
-1753490057
227729393
667219687
-1692261843
-1661575506
-574715069
1078894278
1614343019
-959723415
606428395
-799499591
566835616
463736695
-785739226
-70701696
-1803716031
-663329684
-737470963
-1063097993
510407657
-522870306
415128984
1914677572
-318700236
-594956395
-1841083117
-1879442534
385053550
252540320
-1920762152
-712895258
1090148643
-45800692
-1141801308
-1453681228
-1117414580
-2054168054
512724166
984240937
196888125
1236852850
-868805707
-1478137620
-1174071136
210996557
-1472507048
-1015399005
1167836773
1503010344
835043938
-624734768
-23318209
-995721303
-415590254
1146773646
381593493
-947343130
-1375208806
2023277784
141372056
106442348
1609590186
1604235090
-22936543
-1890758299
-2143123765
-1429518347
1648331956
-583385688
-290119857
840351883
-531070521
856548210
1112787316
1600195986
895947951
-138300048
524069188
983370803
85709371
1610705801
1842826077
888347888
-1985064162
1539855930
708601622
1512362933
43464566
-613582859
-1085360620
-278629756
638493726
-526497899
-83636745
767781403
543861505
-1304202631
399481587
1315341726
-35328441
777475289
-1992884649
1990339486
-1827691029
1943007102
628164769
1434425329
2001052838
1804295496
-937416887
636564556
-1720453855
886970090
-1979785350
1684788626
1769006969
-977269453
2003078824
-1302284620
-548432942
2093489929
2120304414
1399543537
162124974
354598364
-1303882649
-1398897745
365041806
917262934
-416938154
1009958613
-1672212523
-1662631419
2123290492
-1686418904
-1790875418
496179917
1370872730
1806412214
1143030907
-900594177
1737030020
-1952653942
1303132626
901827697
931929168
-266367551
785558920
-581592238
-1204697952
-840662314
-1366518903
1819010290
-78075602
-1166773066
-1766490192
-302562034
-1463113925
438327446
-27576693
696047755
1679235006
1179773109
-348465911
-1603808686
1458237828
-1166241224
-742472316
-828745701
1379057185
-1685589257
626073487
-1211353615
-1451436272
-1189099457
-2037340661
-1243074097
-733814871
915857653
-478587971
264415581
-1685261818
-1335476358
29802899
-1916174600
-1759825154
1944309979
1146744553
2069141023
831918340
-1745389858
-628382768
-2040057061
562007250
-2011848749
310547957
1553304126
-1529121277
-48947300
463656833
-802624920
405429173
-1752103757
-1271386869
-2094513985
1565886711
-1334831205
976654769
-606454795
-969629507
2135609018
-1947689679
1184559358
254885240
-1417783036
39971169
-673371106
-1193294604
-1232561728
835838835
785231130
-1429030469
-508404200
-1416885348
-962845362
742980019
-1845497708
-2118036418
1759347209
1353094861
1419727904
-1801269556
-1454942220
1553244231
-2136079791
1282454729
-435009469
1629030119
1337110460
-750157289
-2143172405
-363123004
776334939
505843765
-1720030279
-299796530
-764334868
-1928848095
815872368
63711511
810917939
1016044154
-1082655112
163361575
-1697288028
-648661417
-436667319
-183864593
-927102139
-549140039
793438333
400386372
-214406733
-898566406
-72701559
-4518199
-424369715
1600501115
136505817
916193945
1248982579
-1870163571
1059665525
-689232874
949767339
2066629408
148138338
1918700892
272429560
-1464172924
-1190936787
977841128
581573058
-1224146015
59145901
329277369
143702103
2092197656
-996619147
-1986105204
1955129785
-1839010481
-1263500710
173782689
-47728278
-1670172285
738861158
-2054428682
-1422342012
-734315543
616580297
1450903040
-1353228593
-450269807
169531706
685550654
-1161132273
-1991102599
-1253669879
160818918
1332700202
-1000323878
746776083
1411260016
1221565677
-645180251
-1205809596
32912579
-2084247300
-1851238653
815848428
1217662928
-1067625666
-663897281
-802650484
-267818223
378549187
-760183185
-2080542258
1493577231
-72434631
1300708650
-1780564008
89284822
-1224989195
-170159600
1709520080
629282417
-739492657
1079366028
-1725851460
-1547215602
2101899976
-1047500517
558535761
213510570
-580469013
-2103541986
-215594535
712852802
-1824593484
958432781
1987802949
501648012
-1719967000
594849573
757369352
