-381651541
-1707924160
-1097287874
-1051756185
1212263921
-1494204636
-1069707915
1895981121
422150523
-1815053863
-2054263523
-1645242827
-688874055
-396694193
-599351981
-1792179654
516370833
2055954006
-2143101041
-420279207
114305172
78900794
-1076002952
1624777451
-1037250728
-1475562389
-1772821000
1658928672
1796841126
1991978451
-1151694981
-1024910651
1750068753
-605335953
1131727446
1028877325
1515208639
-1873379121
-518136980
-1880257887
-1453709814
2120515051
-619747503
-1648317327
-2026481330
2128439326
551569308
-710510069
1662241237
767129220
792524564
88260984
-1348313750
-1073093772
2012062388
-11867919
-217086605
-1179900358
711109641
353858032
-479695829
1013502533
1528924381
-266777009
-2056736975
190933054
893071905
-968793517
1837135384
437519208
1115346770
706713952
-121496641
-1623896451
357240765
-1877378096
-444817271
125702036
-2094080422
-756693991
410128399
1619341026
48014402
-926997171
-483905990
1131012738
-164505307
109839771
1710935068
-849494626
819154410
-1532155313
1183410793
1673226718
1642664459
57425690
1373781628
-1158830849
-697357866
-1457743633
516407293
-1769605544
471464596
-558974611
687984049
-133869573
-1894209401
-1748622719
-693909029
425680598
-607697245
-545794476
-287091304
1653465672
-2035581250
-1792718528
-1770226668
-1752933628
1228902928
-58817546
1722539244
-1135841378
2134985208
-268715071
770105778
1612953227
-799614452
-1504225089
766283702
1982454119
-761011790
320445888
-592186328
-2100894872
-44272384
-520623202
1902402235
85931332
-1098803137
-87015412
-445316440
515942470
-35302057
1230577103
1074801924
532489730
1012129184
-1587065554
774383759
1216636336
581874815
-317263154
-890478554
-928928577
1303810578
-1164501473
1061208438
-1034682686
-1636676475
-1204204699
-25728254
470524377
-77410518
-468335550
-587110867
-742296227
1742527381
611950361
-2055289887
-1714746918
1164743654
2027148024
589727271
-685421481
1066969359
-207562322
-820028374
-287462429
45400860
1679051125
1772850646
-729105610
1650869225
-635144982
51266561
-1843975462
-354767733
-1546785595
269841052
1608400838
1184685397
-2015063056
103754881
-1453825406
1453763569
636191799
-1614434644
-1800575234
897206757
462466829
21910615
1625155209
1040028461
719203627
-1519143729
58192391
997150446
-359297901
-627807406
1675803336
-1719913601
-1792030835
1245785635
-1935706483
-193666130
-760008249
238146756
-1131275142
-1503375645
-1668116986
502095641
-466676499
-2129533260
84327266
-944908483
-387805575
1499895008
337445994
-1036574502
177282245
-1640065421
-1084694019
1837222317
-1927412627
-1731022889
-1002673785
-915953739
5462589
-1326064004
1949469810
-1089035437
-671091810
-392274218
897187666
1873212404
-1152055286
-1237885388
-1503395692
1130084944
1257378529
1500406674
1503504644
383160600
851095823
-537947933
541662157
-2057630799
-1455048638
542116830
-1970461099
-143066083
-335767225
-1579586673
1804823227
-1346842157
880701806
-70995749
1479830992
-1259191402
-740614694
1067336828
-1812382999
958262657
603544373
1536858764
601681994
1934978670
-1282553846
734312557
588487058
-1220927384
-754781773
955723878
-1557162337
151996239
-580090017
590640814
1871295679
384976442
-1310346022
447687803
973085463
-1235251539
-2124094342
524286605
-490901776
-349171397
-369816391
2072164768
895184672
1243234537
367847029
999876745
-866141677
-60021804
945110305
-1143702844
1087900781
-289504499
2115837347
1278954660
1546515560
2020908448
-1670165838
1091369173
-1629570509
626986504
1394105579
415430702
-319316262
-137855276
177842175
-1925824876
-1581612826
-453912743
181189824
1195831092
-812646654
55815620
-1835327672
735619083
-1723525284
813474239
-63487346
1536454357
-1730490634
-1425375006
412523219
-1945409814
2138154869
-303069511
-625188124
621824486
2039660954
-1395735862
-838633713
2039485832
-1681177867
1277620651
-517513720
-1997119607
-1670204885
-1108522805
-578938074
-896162805
-232848161
-1648329487
-1984248608
1689804345
1531264537
1569416816
1244839155
-505610206
1751367114
2086563010
1477777045
-1794260785
-1679566835
-203474881
-891802656
1194045544
1533268326
-242877656
-1571687184
896645811
551364799
-694929521
-2101748592
508777655
1369912021
1506992329
-1440945509
-1014483103
-537001065
1981215474
496969068
-320590379
1640683793
-2105061390
1715601848
-2042499149
2039740779
595970027
-1116647614
-481971769
354141766
-1627488744
980980280
-351469181
-65781239
661049386
-1849911094
1402246203
1047778209
418503517
1312899433
-1809917380
-742853563
-556237305
-306169079
-602895046
-1812251165
-1803673571
-106679941
-432915389
-1587088801
-2079286764
-1385377543
-1566567084
-1251730637
889862553
-708599360
-910178421
-448313692
1385319183
1341967651
-1765954323
1836056956
1432642678
-603105023
-663428250
-879148774
-1918906828
-82970274
-741288842
-1280667043
1361771562
781573861
1908445309
1375488654
172803762
-889643907
-1806144216
-625771279
-232658137
-1071928414
-1020423467
-575120770
-855147176
-158048092
1955490923
-1658697662
120335447
1440728052
-1259756453
-1170837223
-1101838320
-514819165
-2128899585
967902136
-1344831303
-213999453
954595483
1073316574
-594103622
1142361957
294513943
-1880085242
784019095
1412493538
-495662626
-1576372533
-1708087820
-1477678151
332403701
1871308
2010288303
-1006390077
-1325313459
697785165
206211919
-1783539202
2050027682
1450814550
-1466720354
1897564829
-1737864780
-1192220051
-883979500
-875724635
1935705313
-427727242
1745314644
-1508971341
-1679041520
645887290
668315230
-692642598
801665785
-1923950662
229976151
-1595514879
2106177420
-1893420739
-1183190335
504893346
1354711623
177598634
-2130720554
-1209256604
-834879333
912462395
-315835953
-1910134629
-782695874
1416375276
-150868237
486343982
1331429358
-974399601
41396848
-1525789412
-1586879094
956215722
-1284768566
45333201
-840427864
-1611705894
918637654
-1969305015
-1474829504
1312021008
-1778687616
-1697802800
-887078454
683380651
-24394133
31731377
1209116257
1218967355
945940883
-1313606256
446979590
1926188597
-637378926
1361414283
-2092390181
-1836262813
-1582761222
2085401372
-656681783
217356737
-1713667438
-1518980124
-1802626527
692040771
1864398092
667469161
1123386059
-1006129260
-731286680
-746266515
-2124694244
-1451161890
1865534663
1643401295
1433722544
-444235466
1411816622
-1406435487
1113861977
1474675511
45071092
1167755319
1017242852
-1713365307
-1124268359
1838259057
-642954872
-2114459245
384374577
-532278771
-1743490128
1394699959
-1779976094
-122068003
98067235
-823499798
578593103
357179734
782886203
1979911805
107759288
1166377649
-466101724
944937123
1926168358
1556295001
-1352612654
-1459506852
-307844363
1222054643
-284088639
104993243
1965600139
-709028533
702767598
-242814060
-431443424
-551275219
-1888637416
1631858951
-363786152
-1923645447
1468722008
1327210835
-851777556
-634266577
-1964180791
909048519
161372135
-1945856872
947647240
-1416108719
-1729951129
1887776719
644795732
-678380068
-1321117711
-709251875
2111096910
-605048536
654825910
-554095145
278862479
359941029
-827816917
739571630
50050830
40168458
-1266225517
-1866565350
-1173769950
456969882
272469605
-1421528828
-139263598
-1076179097
1400328580
-2142812437
-1761953724
-1130231909
315080213
1305084896
284211813
-911002344
50450141
91852598
1671040516
1245943924
184698265
-1730030455
932785449
-338968160
-1078047499
-1444486686
1849273526
-346768395
657621914
121922000
-2058833429
189293942
626506551
-1540450510
466475471
1127201652
281219501
678113494
-1034047587
-544805852
186952188
1931641305
-1667879338
1029180844
-1784559602
-804925919
555073687
1990725980
2031064142
1717316936
-1157832053
-548471382
-1540626290
1711690174
-1118270811
1150551405
257504432
134884095
-432480304
-2025709460
-533688239
1542323820
-1106751570
-1584527592
-1875306028
-1514320153
-1309596889
-1944898447
68747126
-1070861503
-1995040291
-379336393
-489367336
-1452840261
1205748521
-1755995556
861502714
-1113192398
-116289938
-1267458616
-2080172277
392957134
-32541526
-1092304283
-1366437
-1326208222
1356166550
2061828028
410197817
304003802
-424794046
-1514965428
201996180
-1782679182
-1755014043
1942117042
-736696498
-180415932
-1765098662
1545735712
2115114184
1266030835
-896840222
35657577
627999772
759292001
1651835754
-1171924946
-512189596
940294930
-232173568
1642701570
778336964
-1409386130
1947826832
-1450077718
334018298
-1767385254
943333276
1459104897
-341570662
2087385039
372241817
-697306585
-1194708429
762388001
-1194218967
-1298876043
90957573
-1180608088
1177545518
-272201331
-1851387118
7031903
-648497179
116197117
750231675
865984121
1223206365
-742762646
591236485
803066147
849255426
-818559474
170488579
-1880665824
-1509759306
-707366313
2016934215
1872831221
853303038
-406695063
1070141683
1412739592
971421000
1583290308
2105710042
-1835922819
753323359
-1468480463
-969909682
-663884561
-456522570
-1853335919
551329178
-2092319535
-649248189
1008541626
2050488240
1331863616
-655173575
1404786196
448194592
596535695
282922120
-1752553171
1848079839
1543459396
-1940567451
2031544551
1273760271
1553869036
-1358988257
-1190161602
526872017
-1557658624
-1457205196
114098855
-14036238
-842650435
-822311466
1272547982
799514435
-717383958
1008727285
857335500
2015027232
122283059
-810703433
394791529
1980139351
-2086429902
-731888142
-1413385821
-1590860359
1285098844
-478208037
-1309012828
556048671
1399122064
-1978922978
-33119571
135067049
1735189948
-2089308031
1150818815
-543756838
-1646218632
822508571
-954524418
1855588421
1723982324
807863497
1811962698
1681894183
-406045435
1576995208
-653091055
1701703137
2070832836
-1828088174
1434014840
-1010601178
101978432
368743769
-2105365493
1559571458
902874316
1323167467
-1716424082
-98522564
-171271217
-361799892
-1927254713
-1732679414
-1618507464
-1562627821
-1710130891
-1331174204
-1913760307
1054321305
1471807852
777728034
-408400015
-1263509137
786598749
-1969601986
792997014
-63009770
-512785699
-98365726
-1169601757
-234527139
1254275317
1001344351
-539153007
1361119977
-1751337725
-1686896778
882384220
1984763770
-1205409592
410298315
487408287
-2050353503
1075333289
1414726006
-2038496368
-1422800386
309979842
1980202608
-2568057
-1087262427
-32419486
480521736
-1314617595
-780975409
-1168074889
469505580
-1744436425
1296626705
160841397
-1824496109
1072479988
1139413726
-1954730947
-1976832525
-843646316
-454557567
525819431
-462140415
987109352
-1518125129
1870339327
-1564080184
-1475085215
-1354780779
934578300
-2138775845
-1119978701
772210135
1526308181
-218709444
1515964007
1005763592
-581274752
1871118584
1473610893
1520920651
-1833369333
-1043919563
859790106
-1151874551
-1451857599
-1877449019
1140032874
1380703402
-642047397
1141955834
-767510179
-79184236
1838699229
1309619297
-2002706818
-1547049671
1865093204
-1751342418
-1629790409
1966240153
-1757242637
285702528
1754368137
1164523375
-646908699
-1386098842
-1304608541
-1916827048
-856006099
-1669154580
-1507900545
-1367422121
-1986670251
-437239774
2003876340
-501896401
417808041
-1131915382
-1372839378
1834158599
-1651493505
