-1262280427
1760061594
518324301
-1633910474
-1651566092
221912360
-2108863779
-1165482362
-1762881790
1948595694
-1108054328
1103828895
-1178699505
276488043
1816745420
430268095
-222735544
-543093130
228975468
-1091171277
-1211698218
1115859552
-2017473363
1545924143
-20311770
1419003729
669246631
492255519
-1393297762
215734700
1284110207
-963479827
-1805998079
1459351059
745029905
-417382533
346991724
-699809705
-174400247
195450891
-1531836599
-501055373
-825050102
-1377194640
325007682
-1352619843
937293817
1241098672
-512454655
-2096504386
-2055745826
-2000863569
1870453222
35053256
966716532
-68564522
-914538289
2142526722
541982105
-1291680159
1829876517
-797825527
-478765018
-1123682320
-642751561
1937524452
-1634786889
681410196
-1185926833
-1083253423
486645729
601258627
-837482096
-466931971
-431096087
-2131755147
1007755715
-23207809
-1806944990
1093050724
-596885206
381947310
-1274782341
1968600569
1728434036
903214657
-1943825146
-1917876511
1766853930
17454171
-4681989
-290249103
-1007405766
214849361
-378078922
1504099349
-1298448072
1248693594
590242486
-1242364333
-1016687595
233415260
2078545396
-1503955022
-1818522907
408697958
1278147080
1504622360
1747378142
1311014180
1761416697
-1355485638
-746129740
2119630002
305424179
-1418738968
-1960272850
-730300505
1639551113
169674013
-1726092095
-1243533050
-1144766852
-1979703128
-2117332991
1759289514
1677352020
-1850826137
732579000
-506262926
2086361181
1820704191
1564463728
-1633681659
713133424
-1624770296
-875556484
2122463258
-372658008
-268273325
820784517
-1646400135
-853444979
-1774605784
1163741187
399920272
-1367915680
-158518562
1789578893
-1934129022
1865858425
295137322
-2014799724
-446258550
-1978356359
2678859
-158359747
2003213361
2023367791
948921534
-1987357368
468052687
1807886315
1890440655
-1112065102
1813855576
2089032830
1287556514
-1179358751
1663985031
-1883502308
-1299303233
-1111669632
1522449673
-978864456
685185513
98194770
896678402
-608334648
335969289
852880875
-2140160230
80895709
-2064924725
1613383561
1791763277
1554018398
1918865827
-1482085119
355260155
103443575
1653987169
395029062
-482934160
-522974650
-1356894669
1104568985
1941480678
729013445
718883486
1470047440
-861895610
1600839989
-1300112522
-1214235815
1020238221
1772003567
1960024086
720285146
-1352865577
1673564056
-1903167260
1739000997
1112442581
-901500478
-725103709
-455793555
1455744643
876498104
-426485247
-141875991
-114807855
370742964
927984980
1484557900
-1881115645
1272639217
-1187458019
-1576051325
-1419092616
-853228032
-288524942
184759167
2028073847
-1556390705
412094873
1987019295
308801866
596438108
738949281
1696712622
-1832983082
-1807598300
-96610050
-384637760
-1178795930
1512657353
299813129
-832882147
-120623164
1861303674
2131275964
-1841671682
1173633130
-626744197
-1441833903
1395269206
1648707391
209160699
-1089395050
-564594254
1872573694
-463243098
-405204885
2072789720
-1860165712
496438207
-1823536125
1389345311
115403156
589689719
190389517
1252983982
104165798
-175742548
-121794736
-773504960
1534994100
1355871957
448161785
-1860869981
-739548137
-1351207374
-649045752
-993034934
2050339482
-871488543
1004831897
879775299
1845632217
61834650
782803920
1163806706
-1737438779
-853981431
2142968138
460732910
-240548705
-1925286895
225422977
418933763
265316913
1522728149
-1013681324
-523589861
-1098147287
-1914296601
494789863
1746317810
990836623
1836490614
571547116
-696412735
14579092
210880539
798278531
860073658
144002658
-143646181
293626483
-1726711114
206845434
823670320
-783552400
634984178
91043302
1373077673
-1173200923
-1933572837
-247628547
415808889
-1687345193
1424593367
-2003795277
-1258432358
-86389944
-1231941291
-1064631665
-1100112641
-606444006
1707961527
-570708438
1141163075
1121450781
-1941344711
989588107
1342076568
484057051
-948148137
873700693
-644168827
36912301
1894284562
1618101029
884421081
1961660747
-1939407591
-1833075959
244949477
-1240092507
-596629469
-242174807
675783396
-170908312
397605762
-857134462
-2092692812
-1348481353
479427986
-2081603096
995807914
-424082923
860269648
-189356480
516121154
252736365
989898613
-50651358
49482864
949361617
-846911478
-1561154387
1472875230
186667537
1284310176
-1306166049
-860335594
-954888138
-23325653
-599826961
1976545047
-1278506672
-170045698
1871255758
2147279079
2012807898
-1441046550
-2092103078
1326265879
2046904923
1076780447
-489788035
14059629
521937981
2007981658
-916924967
708989922
1139651407
-150953809
427183277
1256278657
1148170680
1567049411
-1214986931
-589991058
261787815
68409381
1173804111
1006713449
-1546284671
191964424
131222620
-443175220
-1173922046
-1331425093
-449525439
-1992675053
432165166
855401696
-2134456575
752117226
1203030696
-592189836
-1536420677
391780590
-1105081154
694910214
-85465804
1886198894
635359114
-376868527
1955983380
-596987457
-481648629
-330392851
115121940
539659704
-987536724
36207851
-647892600
-972933066
-364145201
923381971
663646707
-1464438885
1359097300
1394676982
-652786021
-1379857176
1897106079
-891835657
1971865620
1825322947
-746480934
1971117362
-2005192741
1196478785
-1856675963
1631996731
193656826
-1796498782
-117374955
1218790348
1941316592
-1560234407
-1472488011
-1548271022
1581572797
1689400578
837182200
1940921989
684958775
1845182626
349591712
1490179458
-1790241974
-111152508
-1939042652
-2105681810
339179829
164096710
538641727
-1077207709
1437940719
1740695707
1200319644
-844554298
-1761282078
667886560
45185008
-1516722708
164530677
-1381753449
852031289
-386915740
-1549103797
-1315787787
-1958452269
1931838956
2062493536
-710247564
-2028613701
2028089342
1240854898
-362750589
-188625352
-552946630
-1200560726
1627925078
1784733534
-1269713042
512408105
2114505145
-891937057
1113307925
1865679377
-695882195
1141853084
1940436394
-1515085721
970251423
1701699428
2140211406
-1767995497
-1893752841
2120671282
1266243953
-1156420738
-766535942
289553122
-1296865524
1504923054
35400558
1556481620
-1224716524
-1581361406
1593843492
-149283423
-1126582872
1044642778
265958793
-263987878
-1188588653
-574613901
2094158362
-495043483
545295863
-1329215117
-1460072245
-2078819914
869151955
1502567879
620704281
876977681
-384387748
2110202473
-1317367426
450936885
1481971182
-689193440
1019139121
-999607978
-1274144852
88561675
2119321829
1957303373
-355650956
1021906490
-351234737
867825424
734403945
923709005
1705745098
-1410161048
-1136215128
-851191539
-1335369972
622065784
-1193249486
-2113094895
398965488
-2113698651
1030410678
-965182923
1376640684
2048118271
-1629583182
771689237
-1314988316
-846693068
813478656
-1217989792
655770494
1533119867
-1030676369
-838358543
407781896
1553549679
1737098260
-1314124110
1228243658
2054105054
-1448510201
1864950357
-28701605
767077580
1640282940
-2069095829
2092460246
820226273
875769546
-909065324
2020445793
934982867
2030962445
1141819140
653459888
-2089579630
1390559815
1062294523
-813224580
-1681203276
1413786462
170215330
1751572896
-1397034970
-2033338679
-1758924181
372153934
264530534
-626137185
-894192916
1944839217
632385538
-1118253569
1197011632
2015276375
-1003971480
1737050938
-2019596685
511016285
638874881
-1292632252
-1226707523
129490306
486046927
-963971496
-738741781
-1549088833
-4197201
1130839066
1004578551
725048706
-1723271677
-1302365881
-1980817735
122860638
-1436491138
1355893951
-2126703857
-294786740
632091419
2003711237
-1353770509
1066521247
-2426326
1802604495
-73251670
1034117064
-528613005
-422840782
-1177527098
1196642944
-2083510574
-1187762700
1175766107
617430247
2121655352
-746098150
-1488906673
1149293245
-1739634145
410006278
488677771
461890195
-809136759
-156864759
-1538413084
-1450648231
-954206631
-1321714249
-601717932
-1869704419
1459270460
651382879
1665077227
1201135029
-735393145
299775321
-458981929
-559142308
1180013352
-1045548927
743591314
1226158615
111049882
727167333
-1793382154
585363849
1241957877
1172186252
-531221505
-989927909
281382203
168223667
13408415
-218906271
-1146448195
2109824286
13159879
-1573430835
-695157690
477331583
-424887933
488907596
-397267489
1509361025
1544907322
40544865
912893762
939370068
-1436801064
-1986543001
-1794198678
1920514615
1572658685
-6928519
-944279486
1233060601
130173886
1352804830
1459977959
309678103
1593812459
-1317754181
-1898269278
-24537089
-287752122
-1102783573
-2017263278
-1337023369
-999835061
558267558
1683698257
127899124
364829242
1193874160
-17114217
1710910897
538721774
483305833
-1449048093
-613151370
-252466336
789174541
1847671348
733827897
1849355824
973180360
869385081
-2010766356
-1777366858
-210180669
-281891652
1090194303
1312329526
2137290727
-1208577204
-1087453383
233714217
-1737583404
-1889243039
-1372512045
-1345833009
-500810281
-1461856216
934985299
-546252883
392199635
1906652610
-2018289074
780848414
-1617903255
1306540070
1145998123
-320490764
-1601628868
111398011
700204868
-2106158571
-1762621424
1686468403
724551747
-1328799514
-86077006
2030326187
1555818759
204840861
-751821800
1777624540
-245589568
2024194919
-380950544
-1809917687
1793431735
-1490351695
-430744459
114215886
192435077
1590840491
-1324331166
-131180590
57952253
-1819046194
1098174088
-841483742
1165615333
1037394481
-531732165
-963894780
654328944
-1580379098
2065184922
-559711021
442710046
-1450750196
51201342
913820656
-1211732507
1636463903
-2079969950
-342825397
453562721
1302361513
1211296455
-2137573783
-1359912744
-1911587579
180076953
1195895014
-1855332805
1151917829
-1086382982
-178014468
-1020053881
1354490969
-1303441656
-134548609
962584269
334509228
271738524
-2034268770
-1467565590
153484979
8035787
-1340939323
-930916940
-1328710016
914826727
-33468161
1024350574
1964210097
529415762
5391408
-1399730251
141602262
-1258591865
777244897
-238939966
847475289
-1114437998
-14197377
-1108433516
-548913003
14713347
-2036379742
1285981643
1449318220
1970850979
425142672
-236026278
1230657282
1788278528
-960590193
-869825024
595086725
77613006
-1995134353
-1761407134
809101858
364844922
1639158210
-1099308485
51440117
935948755
1944844237
1266399236
-345364755
-1243745407
627804289
1020562031
-1215110973
1905122236
2126990431
-1630240922
1394423181
-357752693
876568342
-211597169
-994986611
-361292322
1570429869
827936509
1465968651
2001026097
721432316
851750174
843447338
333400128
-792367809
1597231770
-77617947
-492445619
-296197625
434706162
-292173772
-2082282786
-1995820871
-1508130916
-1279883074
1927784841
-1651071813
-412665280
1529442862
1009167919
1148256307
1680156135
-107215811
-1115102689
500614510
-1437233309
-1400112759
-381589210
-1228952137
-140381577
-240403180
-1587280589
-1487110201
-760524849
605681913
-1135995941
2133664616
642616650
783442930
861001524
-1329715721
-121844602
-628964439
1673410505
-421988130
321347758
484416939
-671782756
178122654
1764669613
-1823908879
-383736326
1415899070
1248335758
-348633278
313171295
46806253
535940215
983630586
1553406802
1491786272
1751762644
-710408432
-1273746556
468173866
