-986374388
-471666099
-1082230980
-719999772
790765830
547169703
-1788453981
1338583306
2090275963
1778220726
1452979702
421599498
1174804441
629207064
1049652354
1451245980
-778164564
1532504300
-1887235900
1439117118
-1915200303
844323164
569499797
445047614
-37655852
-811040301
1648711989
1491962839
-540563328
-1383782179
-1449744594
-729478718
-1757442499
700908992
-1056296081
-67224911
-1570349419
-1774954054
1403306527
-1333149445
-1542016201
-2007142267
926780202
-373054759
646553484
442299267
-779677301
1129183601
372200464
615726061
133041048
-1142783185
338004593
-1104512077
1095696374
1850734361
1278355940
-711256032
537584982
1089857777
-885998506
1358607532
1325292562
531843438
1577102142
-598785516
-936379081
206565213
218277288
1763611071
1685598883
-709346995
2051503525
-1012175131
482055613
-2086791355
-1308944707
-946984913
-714425183
657028272
-1461907541
827700917
893561
-1593684406
-70708751
-880919157
622399364
-1429554201
-2117417735
-249621947
-1567337903
2034857437
693078200
-1459234026
414607249
-1538522947
-488387268
-1370229399
1380713500
-843766409
-121698861
1796970724
1693656831
590736084
-880399920
518162854
1712424655
383530302
1724340039
-1270328242
1374325460
-2112656106
-1867811662
-547080671
627692986
-1472767556
-1063195358
506088244
302711754
411368157
789273168
1509473613
841471968
-1132025355
610269749
-1291448469
-1614063037
-953505787
-266730396
668750326
2075600280
-1474083229
1573492901
-866080897
534491935
856121868
-937029182
1175324316
-1137636321
1241498004
-62435416
-1738368792
1138698096
1536148672
206870726
1869946331
-809761081
-1507831178
-723612263
945450989
-1260413218
-822482717
1567427128
-1520521356
1558088087
1112647689
573733013
-1182750012
-1821225184
-1707924680
2084606203
1799040680
-1102038740
-1200204943
-1299389769
-644317516
-1658266430
1645945715
-1522027455
19946857
-1411980030
620354927
1956573550
1651233301
1940869414
1873195842
-211870873
-1732128495
-1256163602
-821676306
-538283908
-1935624487
1390680739
40460544
-914315120
-1270505374
810492703
475856063
1212676558
1946407053
221798032
-39789149
1777408355
-708453818
-1379990358
-997832735
628189486
1511379616
-1137637063
1561566811
480646830
1587712598
1346863248
1401042419
-1483498738
1980433169
831332808
758003019
274016948
239844410
-1181435093
2098573635
1941924678
-888371661
-1286079127
-233323971
1422907669
-161948331
-156822792
-322084444
4734949
679935354
-1158256266
340921997
735650415
388779564
1320185607
688158429
-1132681159
767894809
830403737
1528481612
1391352351
639843419
-1042422037
1922523501
-1472730298
-123121194
-1579619257
422415855
34711023
-89923399
-560687589
1250362581
-199457516
810483240
-1220458725
-327539665
-1034681020
1350131055
-1712638343
-34275833
188105381
-1742806972
-716013800
1830827793
-1094287630
-2077115111
1368144589
-303241314
-1990354509
2057144315
1032781516
-931663844
1302885062
1129562779
1853977635
1830701052
1859162723
131835220
-1473875153
-355714260
-2047516299
-1804693817
292005996
-1642083724
1865503668
-706910854
503844324
101814334
-1519640945
-661345099
-1719425802
310294018
-575903020
2121328181
399769415
-19887317
143410358
953251010
2039871388
1622674035
-1202146280
-607097812
669829289
-308762971
-529353914
154602094
1363425528
-1416794662
656230839
-868229786
-914512496
1432010644
1961781187
-1926706265
-476436533
1358461256
1511319270
387876555
-295479388
-1793465078
1041689708
-528592622
1401748440
858311199
1354071512
-583876081
25656995
-1701595477
-495234328
1953091196
703607037
-1519958406
1049250560
-1291897629
300810192
-448624748
1846767228
1355307604
1816279809
-1895957223
-1853272401
740573967
1970237842
-1741582789
1896370447
991278536
1904003108
1338105757
-1573112580
-651948112
-32267590
-1392630466
-2064793234
-1959620041
1100329367
1053824574
444328140
-418333310
-1204483562
1175707416
1023812599
1395024572
-219439375
-1882224484
-323823311
-1090690112
-905007047
2131268479
258426684
-948401679
-947342531
-1180115058
1092657587
998159359
1240136373
6500608
1924520300
1553700081
-1878260179
368806086
-2120849643
-1410430901
-265262012
947420554
1032654206
-7388735
-874325490
-903387596
-131513420
-1189999641
-35666373
-2133063912
-1442168103
-240458185
423231727
881309329
403739501
-777145891
-2086572798
-739778640
-2128001285
1650175007
1477794001
-393268327
-356724288
1516106242
-1984169070
-2076472087
600925069
-39800021
-1881529331
-1486826231
-1222373384
1551607975
880752326
1707631441
1565629372
1971632482
-352254083
594098852
-343902469
-1635481054
1184798214
1203408775
1301233627
-133524548
-1374109262
1872564162
1466554965
304504319
1699763170
1093243602
-1062357860
1335481873
-1546817331
-822402807
830640433
-1487476852
-677486405
1046152671
1371230401
-1091505701
1804162353
-1585042729
-82093563
-1890710583
-1427259908
-1857425087
1475768837
-1370198960
-1120765450
716158727
-1658064243
210910721
-1854095401
2093096082
1421244526
1215323060
1426009516
385970730
-821984361
1228653466
1395934488
-37473991
1656237689
-1270977447
-659121072
-1932053241
-621679282
2080023284
1409491201
1952235318
-551069721
559345987
161506774
1983093589
-1851435198
851751024
-163504135
-1034178617
-1523723667
963935412
1730660079
2017970852
140740986
1045538519
-1024309226
95284901
-1948584277
1571371773
-645797689
-1376352170
243643336
614785110
1937582811
-936286854
1281664719
-1210078888
1250541072
955071812
1271954290
-354453744
1186684277
-138894877
168660765
911596874
2108866440
1280223189
-266148138
1257635715
-814494619
200762203
-993761659
-1440430985
-1614964831
-1663570316
-1655080159
1785977257
1179239670
1818942011
233327210
1599570635
2070547179
-99366190
1690949851
84111517
-1423169023
196821229
-1463798457
53936419
16721493
-1559962795
1570034760
-1945145919
1216575330
-84895529
2073021033
1623355087
-1215200259
371950831
1645761048
-1923868002
-1716973392
1177248312
-533292391
-126002798
-148861431
553648267
1804283307
-1947065860
819970006
540727564
-1510709287
1116915081
-708673099
283489241
-856683996
-357263208
4513539
-1342730874
549786458
-1161833888
-642860890
-1703403385
-528658473
1627282678
-560675806
-976837465
-666648649
-726051798
-1693016309
-944503964
1662891437
296587139
-419594829
-1591053759
-633518296
50498402
2106389558
-330978015
2026376953
-366639268
-241295925
848278862
274469963
1780924523
-683213384
-649604273
1047467569
-1166902131
2128599786
2040333338
2140606898
-79323573
1028579225
-323742838
381661218
-1751694329
1559398050
-276208688
2135385402
2051205066
-1681372619
-1386578930
881378950
-194015009
578339072
1208009438
-1424070616
1006424026
2145254929
199010150
-2161128
608494616
-1735966556
-1212561759
448409221
-1796000008
1940905536
1411266391
541570613
1117334791
171360432
-1826858772
-198118471
-676626667
-2034071295
-711782782
99235655
-1862898517
1942247640
272808625
-1691296483
-152589397
-246082495
964468765
1978695049
-110524232
-1656728542
-1450932644
1359468581
-523848118
-27025717
-1292863739
1561910267
-410498931
-235315156
195641722
878477798
-1954777581
-617869530
95914450
1295212757
-1244424061
367883655
832752903
-416108285
-2086298131
1747663796
-401731419
-1611008732
567444479
857115651
-1965567899
948313628
1250452777
606156364
500879286
2046558624
562592075
-1123057730
582142971
-2060077834
-1993532369
-820801571
-1540426920
-322266037
722192632
553076589
-1781741803
-358558053
539587582
-1776201630
687562038
-1224586093
1858559403
1222698424
1500190104
1549946875
-16198591
-1910391961
1741786555
-669794382
1593185482
-555055222
-38243080
1151032163
-1340870458
-382449164
-1211279716
1073409076
-1112425475
1553788143
1786943722
1442340062
4261751
979091505
567642052
-953150450
-1668551949
1950162388
1520356258
-652829311
-1846577810
-930026685
767472145
510964520
-1236344237
730216378
-2004982209
-1209877606
1216446607
1123253323
1755683840
-213684006
-2108465460
1706587453
-2056423231
1837622807
733136709
-1225826703
-1282725603
-54282124
1308717947
1795691527
786919127
482631537
-693825188
1935326336
907718976
1779723684
-560909343
-1466637832
108556514
1033028361
570218177
1717999975
-1568846705
750894106
1256833243
-1287924428
146959210
-16792112
1102672157
-1603875387
-778973735
596073392
1047896725
-403943073
1249014414
-4805571
-1906003426
-47784114
-778525793
1813737834
-922533347
-1568353736
1981768137
-683215285
-1668243898
341085590
123339521
-1131135382
275853170
-221328959
-1301149212
-1896623886
505074216
-1357626230
-30841467
447266304
-1755672303
1835666371
-1527673233
-400160074
981229900
1186262663
1030425492
1777328713
-880509949
1539757917
929049419
391236175
322212084
-428501998
-2146400653
2123847115
23355496
-276261509
1654625868
-1172135442
1489324226
-458697130
1492178326
-695942354
-1593333174
1882774826
965800991
429884630
-854018960
1883702289
1385555463
-822022532
-1670571611
1133867769
-858722100
647417047
2040364770
-973830771
1675455733
1525151403
-2090120018
1316277805
1092625271
-794143177
-800518052
-1909275338
440615179
-1708635895
1858459541
1875092133
-572697872
1692709561
-284526320
-611334739
1589398000
906325864
-1202591359
1930923766
1947391347
-360457242
-2038848516
1071210550
807677672
-1476391977
-1869622123
-2126869610
-760147863
-1647109621
-720653266
-1506205835
-884569998
95835802
-1136696632
-1419833408
275320875
-1293978010
-295355480
-447531102
-680872960
-679877106
1516565084
-1238030199
-161097945
-1208479459
384354063
392491497
1790515402
-1324744311
-635014234
1805702220
317236214
-798776476
-1990383911
-1609115312
298600903
-746611026
-1392290153
62465684
-2046728850
-1409535605
1878798116
-1064362481
-375169828
345666144
1178321926
1069927483
-1148088805
-1582740574
-1247434806
451355698
439875538
-644100379
868963237
142908374
803296172
-669553118
-1881039720
2123972838
-997899449
1640190754
-1675504011
741706528
-1556341007
-1375299472
-1639212579
-397042613
-12077496
1373119211
1937408336
1088501541
-1313061638
1857644210
-70966337
1210698904
614788170
-870455423
-1962677043
625815221
265654465
877259859
1752495334
30471446
267881915
1743968729
-400019966
-1597415171
-1126801439
1505677700
-899705682
-57144276
-649028409
1037014031
-1051468437
776916389
1908161227
-1353977548
151481307
1521983656
-1541092462
542337138
-1834995138
932185345
1734698337
402562109
657498996
-308539720
-906259543
1384758329
-793377388
18703385
-1343925412
-161738208
-1080627010
-547066548
-1416760204
143413600
1812792086
-1480196573
1861744151
513295899
1416465626
1844574667
-333073874
-1534040360
-1513680964
-69691245
268855320
-878871039
-1629715006
-427132086
-423923270
1244813948
1563293934
1929012562
-381901829
157075711
-1694309596
1269444710
-707844413
-1732721749
-1432526227
95700316
-366158574
-50336507
1585193400
1754714123
-1713427637
-1562312908
-1683796700
320668779
-1655512136
1137138624
566439469
-961714422
-723960704
-909180378
-152387683
-949685027
1644777829
-170003819
-1716245414
-266432503
-811343899
-1586990085
90790176
-1321474050
1009447217
