-1591363909
-273055211
818102511
-1309631028
-1569017371
-1364633266
-1303492927
-1838155691
-1023269812
727300965
-1980143744
-1929279247
-502237269
1309794034
-1444305360
1893464401
-609619621
-950055281
719694829
-408030377
-1884452087
-1640950603
1238543440
-1468092621
103365015
-2056541523
1961184841
293714929
2091060027
1994429895
861826553
-65537374
917665759
-1648668330
907027696
-769761410
-1355552487
-1260629272
854665430
-2019119318
-26316166
-730688598
-623385292
-1162486156
-430119199
-1639820301
807964698
-677017191
-1728578131
-939000410
-747183641
-1313862211
-593264614
-615566352
-1868062642
-835563890
1838426308
-722313316
1762262206
223061631
-1189088482
-470277110
1656814859
-672982186
690759429
261811451
1764930135
360174424
1718338293
-1944248614
-869883464
-1493507632
-1339903357
1995403888
-1806471128
676049092
1196715826
1146406788
-725892127
-278929250
-1805443277
178369079
873159080
-779530114
1237193836
671589312
1870540136
-300324192
1747918164
1257589787
-263040532
-562225075
1737343971
-1849151193
274699819
1628605943
580565230
1531436754
2123682061
-669183548
784099605
920535213
-766371276
-455157245
927799809
404773312
1886757692
-2107490112
-994846026
1217730718
755141473
-504678742
-627369617
-775188939
865310294
461115641
-1659237234
-1202690102
1255068064
1244821331
-1861070390
-983648778
947435616
-141732792
-165007156
1660174447
583642043
2051848609
1733154490
-1187455548
1532189528
-908949388
2017022064
-1766452838
786727758
1258199378
-1264003262
-169303788
458987411
37338802
221335608
-777692406
-1914468203
-1205960339
-1447464158
316101146
-615900098
966725126
149319002
-52093395
-738896113
-1308029060
722617149
493971365
-1321064604
-2116789196
-1482625481
-1218733721
365740251
-580053651
-1586973301
436711637
1745378345
1287681246
-258065692
-1222965875
-143716055
64579645
1492510604
690004904
831943205
35232417
909444589
-535176215
-1018455273
1153555053
1325963627
1276580364
1935786244
282145069
1796518434
352123814
-2144349305
-644915555
634085287
-156089597
-1387524244
909833981
-1094401450
-29408649
-1147948237
-1447071100
809034977
-973371596
1170534141
-989855525
142383674
-980626495
-216426752
-1523053991
1369682322
-1056686010
-1891970268
2055556853
-634930104
-798739965
1834328638
1182268319
2010113085
-1502830235
1237234709
-1147200442
-658457225
798144172
1717426786
570551070
-69503143
1324880032
680879601
-1475744730
-828144813
1066602316
-413302500
-562641588
1800950232
-1794673712
-1266447378
1295654612
996232968
1429873977
1124081833
1784193448
-1795450247
-1632774487
1408617933
-1813515634
29492951
-1103439019
479354919
-421697624
747420589
1049192960
-365828144
1144208464
1847032618
573297365
1814911619
-338493859
1401961088
-553354688
196575203
-70212039
-738916447
1934401006
1248727108
-1643883184
328517597
1116227540
1063598039
1481906593
1745055745
-963783729
2060280258
1936969670
1491859120
-1227866840
829873755
-582871228
-1856216039
1719646286
-735815567
7799275
-1878535488
-897452098
-685346626
870897274
1429525538
-1045616522
-716992814
-752216118
-147778728
-1207979603
1408863207
-1191171849
377870514
443497780
-769823189
1852465815
1746831834
-999925071
1148470854
-1590194844
912234809
1269629302
1527899576
1983522878
-944978834
1602365796
1043375095
-233446494
1528446457
508119767
-495687582
633034240
1549494353
1800661590
2091037594
1884828858
-498345647
-618608071
1203098246
761523740
2024709685
1318631566
197911149
-1555627850
-1261925331
-1074143100
494835369
-1808394059
1073143066
1597011185
-781796346
1430211007
-451414023
2114251503
-1154133133
598279218
-340801821
1807283185
-1461479626
-679644809
-1336331529
2003306721
1726173550
-778530826
-817262392
17719191
1690559744
-355406453
-326516809
1265108226
2069136095
-67284267
874516950
-599090652
1804339126
-141814505
-270850386
-1820363236
-1740476387
-1290910361
1494909888
-289636308
-323649085
2079883065
1063006575
1713628071
1696689905
372449755
717427488
292595664
-71913473
-1337325883
702172297
-1467607928
-618372686
1674296983
-515520152
-788268241
414084023
-759761741
-330137134
2078792511
-387473063
957124497
1019425324
-902484136
-1804266716
-1725987929
-1846786680
1677159083
1137558605
-464942352
1083722453
615090070
90155983
2039904916
-405344694
936081763
373152501
-841947200
-1779879096
643766536
-704267643
476072147
-2105737316
-1413159864
-1461616352
-1567642200
99673869
1438042900
-1777684350
1290578158
1515601085
-1422923835
-60729441
2104154254
-1230390414
679897954
1305880215
-348762935
-1599095135
-559346603
-1988887093
1591585248
-99831773
-888701766
706717292
1279661480
-1415639179
-1806649220
-1792219457
547629530
-1357674432
923764397
502027864
-991927670
201928164
-1988706524
-702032868
1830665947
142951609
-368152667
-979473859
-1689550536
-2013202324
1426674187
1545759440
-916463946
1170886365
-2074613238
-1174891302
-444786170
1070078686
-1057695027
630085916
1063093598
423893596
-1388085164
2103482207
-650464335
396740865
-1404525675
2007227512
2093143233
-1122193247
-1752351395
949388085
-935455527
848651783
-370910215
2097177867
893688076
318452809
-1920824171
-829087367
-177982555
73086055
-1026704783
-2140144965
-790215341
1663501590
-862163843
1127336341
-1022685996
1772237890
1881165466
1278869867
1010064369
-1716794766
-152479272
-1685834656
-247432053
1045345014
-1414351282
-984860570
1248239759
-1990329568
1652201229
-745173268
-1031635976
-77605697
-847007663
-1699337706
1042937470
1413138165
478039687
1516447300
-1834798962
1124130467
-1402859085
529952088
-186570495
2069739360
518148716
-685185296
-1082165735
1289764494
-257615988
-501547684
-1688211428
1054863542
1443214283
1973446850
-1071376749
-1171986213
37722205
-739261992
-1749791480
-1396224841
-1575566301
-2093726145
1641484376
1599119278
630762952
323552279
1397348332
1195846611
-796595409
335793539
402987112
1072677787
-693702113
-1953742046
1177913539
2052214812
-897412572
-1064808051
1042775481
-1766274281
1903734517
-211325933
997709047
859181165
1375745329
-1113985778
467075918
-1944747185
808390779
-497776767
1069281187
-485735503
1271479213
287184214
1886171152
-636953712
-1697208465
-1633018513
-12662161
318814740
-1716198470
-580062277
1961817309
175902746
-214520553
1288321395
1563922505
1655589594
-155843636
1703239087
-488264966
-837651053
1989492703
-93889096
1950273840
-344872093
1606265655
1463398877
1976430801
-517245398
-366701059
465030530
-1938257338
951136451
-1837367713
-781028656
-1278498341
2095363500
-1656087561
-111273947
1940837322
-2027601040
-454357329
-494365445
-114233090
330510026
661782874
265441815
-427914810
-1639541454
106210143
-1801017403
-1499691689
1821786524
1989986854
1578168271
153703685
1932765629
1598729878
-1612684276
614335968
1299038231
1844808877
-1454392781
-1312143934
-443312201
207146086
-896643841
11244078
-2140108851
-301004987
-1762132484
1804084656
-90863308
755815485
1710158795
-1520562264
-1463737040
1348493188
-160559713
-325175917
555398660
940210630
406959223
-1726843724
125304565
529923729
-1157748163
840915504
-1946757990
1632745358
82161948
-1882813925
1938535766
-1608486431
-296195710
-409133119
1972839859
985609375
-1158661099
608613823
1925881011
-1543633407
1503137479
842890026
994128071
-1331305430
-1303436085
-761261975
696797233
-1124858919
1925713662
343344505
-633878071
-1279474363
-1376831560
-1921001192
-1869307826
-730613286
-2006953770
-1834486788
-1639032195
394931882
-848462290
-262691330
-521137618
1517156144
-1752094655
-917794310
-619761088
-37570319
1028317863
2012115466
781121195
1318687630
-175513857
-1790252180
1750278762
-1173171301
1126502444
1655998604
-1697361754
-1048344992
595661421
-1560929383
-1252169940
1903376649
1824662784
1290802178
-133357826
317838235
1222560838
483888120
221830097
-1337662721
-2069774471
-696686924
-1495819245
-488945521
-508459389
-122856871
1872153339
1830788081
-1151554322
-1361393147
1102949422
880396258
-81833684
-1504375561
-51343068
19096517
1745800685
-1988957239
448788470
-656049180
1517700364
797992378
182501510
280664867
-412953500
-503144238
692656350
-1784108234
1653671752
-966274387
673349845
-636446624
830566570
-641769305
-44949746
1060056683
1406669755
-1159234663
1818427191
631760350
-339053067
812951474
-96447919
909583188
1877076542
-497479300
-1358318977
-916781575
907073207
-384046654
2072571645
-218065597
-1592739162
488430225
2137762953
1186465427
106326274
-639176809
-1904519821
978770690
628980733
-1493354461
907543599
-135636723
498973914
1343596351
-1880298432
-1459609727
-300171283
1197080285
1759585531
1819835517
1845402188
1726034994
1501961508
1716886277
1369534367
-733213279
-395179861
84584275
208427352
548660468
-1168904884
-206174698
628226400
840412048
-1106705330
-538890451
-835627749
1374990208
-2013364430
-1293352040
-1992697909
2028082313
-156955872
-59397254
-1571918078
73327672
-1281737034
-1105959478
-897668897
1436220820
1031218447
2051900068
162295261
-1301389000
-1512884224
1053986008
1327059819
1091914104
-225575805
479985542
70120466
-1704944687
1252323640
1592796619
-1153276189
1495377100
-750103553
2109958190
-76540187
-234326957
-296035687
-1506100984
-1151295734
-1543601878
1137423119
-1153571791
-954717272
672502948
1513688258
-1673663883
175785397
752957683
781948948
-1294235861
-117087431
-927000810
-607592009
1455530519
1984014324
84815602
1599572454
-1274089135
1474364857
1062358690
264004333
903349317
734309239
-1228783589
1231400026
-1117768928
-1588131651
2123254536
-397315401
1610497516
406177148
-248720335
-922241023
1068303830
464961275
-1542875765
-763902896
950169460
1426606706
1069093167
1688907358
1286719041
164736964
903398756
-2070520524
-724959002
691623075
1007441842
1877758943
2102886773
-1295447242
1211936869
2104470424
573412568
1745994664
-94386224
-418264654
850620528
2120070078
33532815
1972849916
2013544587
-1920738892
1436951222
1279882323
180140750
-193160563
1570008813
-830242978
-1781034735
1004570151
-622868794
-1361037323
1762288094
-1261451413
-1140464347
12663662
1628979303
-1847337041
-1034644229
1041380734
1629025261
-1513918028
-787693544
-511363679
-1567083668
-1059425294
-2004908464
2099239318
1388585277
-110699286
987368380
-2025930030
898754815
-710146125
1676276418
1153769214
-623772753
-1513125687
1210627894
-397480835
282003559
-1272439964
-401694104
1642798433
-962824815
2067253274
-1745956547
1670132212
142916826
-1498376228
-2029865765
377940222
-1481210767
1399505059
-144716060
-879391600
-752500586
613392323
839407458
-2085362359
-2045622349
1914935168
87487776
1873923390
-896453250
-1483755408
1076878649
-623487067
-814922698
1687040617
-551849716
-2004639229
-1440784670
1996408043
1677466057
652733331
-1941283760
354987005
1433456033
1297410615
-548235415
-1352454818
-2103812647
-1355094534
996240026
-1204900542
1556128380
1579779870
744839844
1522090515
-1085780520
1409739250
453259490
-620953484
132627756
2108566429
268327893
1124564541
548191268
-1968979103
1218533417
1433807084
588457805
1225465496
-637457663
-1078629454
-1105455448
