-121204522
983326667
1510076927
-93341356
-313061254
2019329938
-698073605
487860644
1212733274
120100968
-1098029366
1891279553
619886226
-461334004
151445237
1426861711
-1025951156
1580340756
-1282924854
1117685159
-137529846
-690505861
-921180557
90812511
-2082112220
-934006109
757081033
192835986
-1469058304
-224836328
-1553431656
-107425253
63401558
-1610422188
916998793
1836112002
-1721337646
1256134986
-1950267496
-635774911
818754247
-596120604
2131295366
-1217238149
971524160
114702839
174678168
1646629973
256310390
-2050799813
358480798
1076138605
-1071134762
-1232708434
1276441109
298683552
-457881011
173998080
1207758531
-1089600804
-736070859
-1488473925
-2066486136
-1935754851
832912191
1766440643
1968257398
474561372
-1545116541
-992368733
-1320334573
1527185703
1913574996
1951079977
2000498824
1667345975
-573936868
1373965354
-390045285
-219099376
709868321
1173339358
381038657
1882338154
1299118292
216369903
-274052507
-983090042
1000734083
-1148083597
-1050341476
2028971370
175959843
1380467673
1924828918
1169347808
-1084010522
-490451060
-913819526
98650981
-2049241030
1989317057
-2123393725
-1434373061
-1403679484
-1237961180
1445551505
-1423379106
58999201
1166161345
1707360719
-1479305615
-310530809
1171205850
277455504
507215777
-1295021942
2039462784
1068977736
-721679828
-1949793025
-190520777
1707111516
1013568140
-943032255
-222722896
120153077
-995650494
-130243515
1114404236
772596509
-279456045
326738681
2081213695
1030786295
-939454784
1028959634
-1202721334
-389847631
-1825717752
-927119716
-1679775662
-608026972
835444157
1761345785
490193529
-1648913213
2020162773
996923783
-947167496
1313417864
-1044469957
2050287780
473814
-576249838
-1478322184
-750618819
638962596
947268173
504097247
-935952024
766587693
980541057
-116988335
-405866205
-1035111968
-616325656
-76488350
-1364563314
166667147
931279040
388475110
1275050066
2129416615
1330482776
1823158813
830220439
726767939
-260557608
-1298474046
355921511
-143859819
-1567625628
-1743329975
1883313880
-160578331
-2108034172
-1383294859
-2139823484
-967053272
1501966593
-1369815504
2076994875
438501047
-669349076
-1204724211
-1713987901
448875388
-237271185
-560979074
-1957692532
-902288912
-1245204575
-736386837
2018044117
-772823749
1270286039
-214392946
-1476146033
-761279156
1668222829
-2077893897
-1661969216
1801144041
1439959861
887455490
-1717031124
2086936372
1912646710
195581737
-815612399
-393104882
1802005302
2104216715
682220231
530525132
-1826326318
597444805
-1201824223
1777070690
1222725771
537530616
-1644488341
-1534683119
-17845142
-1234937690
1929183443
-1189132427
1970082295
1997633725
-1298731528
1834855317
1048414917
-1158872732
-831986612
-23600609
900456466
-760651298
1909839679
2017820728
681113567
1798634706
1604057890
1441999513
-5609542
1430349558
932345181
-1505062960
2005122069
673944343
2059867128
1946732162
819143219
-1986658324
-1032153937
349602674
-169724573
-656916874
15616605
1373449327
-525833117
313364297
19115296
-2036980567
-973776225
-168147682
-863791159
1650739557
1932084494
-736580876
257788684
1970926680
-334499607
-964377724
-1175283
1792979646
2129900244
905712094
270495517
-857983501
-535087246
891382090
441809589
1178115607
575391911
1524369917
407451380
-1597453017
45730688
597434224
1787139657
555922714
704102105
-237575155
-2069749447
-1277740371
-2036794586
-703320283
-1385691609
-1650990219
-674116720
-402970650
-1026480172
1216925255
984958421
-770775186
-1102358029
1203404379
-1881532675
-134510935
1626695743
-1387501232
-673891534
634768608
-346515895
1830483274
1901370058
1397984798
-838982547
1701225573
-864538141
3903180
654914197
-1367209736
1402137009
1139442361
1499925850
586925254
1410009674
-2106359469
382346251
-542833165
-939148170
-797655193
-1448823417
-752728296
29788223
1750550041
-84587506
-671757578
892178652
-941178391
-187585157
891091899
1779931867
-1486466063
1271420284
-467406344
1735950812
1958875524
-1806631196
-1554937396
1419508279
2116410708
-1162655246
-757187538
-324779865
355357292
67626375
2070867656
1163200927
1500536605
736561545
-944236075
-141788453
1075126686
-330198813
-51859070
485414751
-1893906653
-1532533044
-556133967
603145371
1083300410
-1232614328
1921109569
-1646632112
-405657183
818089966
1700975895
-250383631
1197737564
1514310697
-1167215244
656541699
-1404303433
-132802294
362294946
77093256
1397879939
1185592779
-911709883
990305293
-784339903
-476629938
-1149463213
-2010740038
-716796372
-363139020
390239452
1346223758
-2095958450
-299443708
-138947060
1561053955
-945568721
-1773107121
1089173371
-907899317
-575421265
-1002655793
107127017
788733163
1737342881
-1777645155
-731808912
-2122448651
-1391438734
865016212
962580096
-833613633
22711107
-1268201265
246098448
-1785127755
1816571691
-176692824
1452803371
-277830467
1637070870
1944226038
-1679492971
906718445
99051746
-1536400860
385284747
-439813774
1508414530
1086298599
761127554
-684187256
1972654546
356356046
-1275104992
-1265252737
133492491
323183040
745624844
-864614329
2100778798
-354327635
-34867359
-1618337007
749553287
-1014785331
1811570410
-1565347033
510120062
988869852
-364079074
-237193506
-1772636150
-1903147590
946352130
-462598010
-1244706878
-1118366356
-1106799321
1028895575
1066655484
1782767246
-1558872238
1517009106
1565999124
-571010867
-217404671
-465382902
1321366177
-999198408
-1007972359
1586010456
1536657043
649536936
2025720660
-2112607095
354442363
877312812
-1747974164
1562611205
-1477639151
-1718780587
2048262542
224788478
1927216009
-2131513040
-223039561
-2010534459
1812936494
960962468
1432778437
-217345044
641779199
271298132
-1425187859
1208136695
-1258762206
-380385558
-42130453
1950316940
76883045
-201898335
-1717380054
-1896900596
2129566505
-1126551181
-80201334
1723984047
-438978532
-457296987
-2056910933
-965740298
1774408031
2140449474
-1713537461
346982883
2074534858
-495830846
-1068543646
199296383
1412367895
886160551
-2048504772
562455156
-1957916834
-66243688
-2009875749
945872788
584600233
2052291820
-13818079
-1195688826
-387688698
-1526213233
-1606781
-699798000
-436805065
-390540717
-669601972
208563539
-1348236874
383648407
1569780731
740163808
-2024995237
1953228272
70330645
1774277077
199704053
95398512
-1576218957
-1561424321
420858617
-828091327
2059886588
-986427430
-990849259
-948448102
1570881590
-1688525201
1390163848
638971662
-553943786
1324242533
-930494827
-79847456
-1754303333
742004856
1592323100
-864489477
52858136
-2121841962
-1798657339
-1768170957
-1801649788
-550032089
-1957613973
-416808440
661186859
374498595
202377361
180542963
-1378686413
-1948923092
-1604966031
229996388
2119615725
820563837
-855241097
2140907049
1034633864
-1689963795
-622075930
1805005302
1181310649
-528969599
-607552300
1767983899
1873440446
917825955
319012735
1985979124
1662899967
345088651
193902421
2048763892
-64606095
-284177824
1396708317
-1785623649
-1640462406
-1480841872
-1268218539
-1594128380
-61598290
1949649110
-1411769663
-1063982034
492358305
-1301495871
1898209938
964480672
-1310272314
-1035111388
-1313084297
110520088
-351745196
-125091658
816747494
754716916
1205955090
1908764461
-1566595247
284424160
-106864322
711756466
-1694112192
2069968595
-746513419
-1526985880
-800794497
1175977883
-767935846
-1114182213
1986998146
1234706252
1610691655
-1240691873
-1620167838
1723805675
281427758
1960754676
1214971570
1611945140
142177879
2069510444
-210857880
1738160514
-1998362350
1506283933
1273932036
1463278421
-1417200720
568565114
-1372876682
-1439283899
719070332
1781419402
-1473235159
-1493384641
-1833164722
1955640851
600490088
1746159995
-803303698
-1711091800
157185687
-387210361
1641376216
119945345
-417593347
-1686073695
-1351272991
-1074489648
-1067243527
-28184886
-789965884
456258419
-229728991
-2109838305
-1178579901
-79005705
1046760883
101175663
-598544987
664348939
-237663569
486206712
2101556010
302258829
-195678477
1157149937
1231397123
-565969125
1130933517
1304255635
1151198678
-2049511388
1412310580
1618504388
1780655465
-201065247
874407184
394083698
270148481
-1510763129
-1272828793
802623274
433022374
-2064985444
1901485466
945122903
-473693578
1271033792
1934995874
1846749688
-154212647
-898065077
1849721799
1435006364
-551212187
-148930288
-1733528360
-1997173898
583171680
-245382180
-1499967992
-1704892184
522633001
2092588910
-1173056069
-189955142
85858443
392205494
-646247016
-1445105816
678230498
258728090
527554530
-1266243406
-151752416
1305752823
-1891667274
-768401262
931084911
-1578072725
-1559318050
-880734872
-1130694753
987774413
735134105
-492709929
1442526130
-1037090213
1299583411
-924614195
-545712268
-309745433
-1650544126
569056937
1482234133
989693026
1647987218
-1888026423
995639743
1325457934
-159029032
1614024147
-1318908143
-1168750416
746993195
1115303620
1767023891
-428736829
910148794
352132547
58220927
567033453
-187352253
1332250802
1001239715
141278773
-968417843
-1326654379
1388230649
-455103783
-1314292582
-492295957
-1301303460
1649643109
-1707362929
921101242
-46234693
-1680709392
1852031481
-760851400
-1324014112
-708984795
-1754240570
984076990
-1780341274
1676130720
305886628
-1478747745
-224744670
-1034763660
124006281
-1256219539
-669755172
-884016097
1689345805
-478828252
1999184198
-1070149196
-441066861
-121121756
1167978531
-1455622953
-619414343
1551484171
-977208857
-627970315
-816939445
55080912
-1282572452
1834476585
-1692394839
1620352037
-1714851434
-779945919
427203467
-659698730
-638354247
1913151043
-817760169
561223605
1989133742
1407007716
1541616849
1919008681
-55157892
1044529310
111519493
-1753936507
759782395
2050488472
-175340854
-567078237
2018153674
-1601652069
-1096101414
1726132250
1800712835
-695759860
-1082210925
-2134923578
-1933410233
419942782
-852175178
1726518063
-1384770891
202949695
-2032777107
1390204931
-2016381571
-365177038
1596491157
-2040445702
1228158059
-681810783
-1458460086
820413822
1364019334
260104031
-1730940843
140188325
-1351032927
118152826
-625271036
2090379153
959000038
-1282757074
1578917370
43225148
-2104027315
-1187911472
2078917872
-1458141852
-1963674761
1571424274
511668752
1183187741
-1456795503
-1451113610
-393710794
613773195
500350821
1255959202
35795135
-1703761938
1344564965
1502439732
1883690489
2145219133
943328240
393566686
-630581843
-1366746766
1643891852
-506313214
1297063755
2009144993
899854062
-697787643
550210428
-37015837
-1681608758
733955708
-1119962044
-595927505
1797101116
-36001675
-1365215648
323584136
-333434376
-868125772
1229930544
1384805339
-1693732259
1378197684
-2079288105
-1658341993
247468673
945108210
1166078353
-1889898383
264861622
-1130518450
-94773306
609340197
613754718
-2124367738
871326278
1323509964
1932653817
694131235
-1801849397
1008083244
379708339
-435539968
-764597213
1970775309
-1230961387
899764690
997157329
-456399297
1106173734
1046053827
1457438654
1697784114
980428559
-1111914170
-2088872549
1176874106
790442266
-706082455
906888933
1215450420
-1862794295
808281036
1733241583
