763866510
1956627739
-116650051
601172351
395018494
-174219991
-1588230047
-2083318582
2021158441
766395599
-358358011
597433557
502300742
-960796366
-1714840405
-1504016582
-2034696821
495887224
-1314867045
700062866
1835247991
271725694
1687821030
-864857095
270185294
-1415338851
-592487492
-752611540
-712936394
-928288437
-307182069
1749175914
-1936743716
-1849564903
2004463428
888450007
-173003423
1320208019
-937260693
1492246192
185719831
78398082
-1778762203
584363627
537192750
2048531124
-157299503
1498711772
-2033211847
-469940020
-1395596954
25419484
-1734151908
1500498470
11383181
-895539036
-1804165800
1864219981
-518927965
553302120
-1329223128
-397942874
-511672641
294331760
-611390909
960270236
487009094
1512030009
-1754940475
-1095494607
1860164340
-171019211
1176879013
-1388603321
-1900333052
1573821674
-1180460478
1085342415
268252104
1868463320
-683302824
-1755763938
454433849
-1266518725
-1859042132
1749123374
1191738034
-1167110382
1247586006
2140117983
1516525881
697565285
829517961
1712050888
-1011671327
-141126375
324931862
-601325668
-1711127830
-163461366
-2034982734
-727586519
-1277184610
-209821951
-1657442277
1059551718
-1556514224
-1796387358
615155149
-97126776
1391260505
-1152397023
925065431
-209574699
-2014221648
860576409
-1876775593
-474035190
276731797
-1498495369
-1373150664
-888977153
1083558775
-1599139832
-861588895
-1747277790
-1627504327
659293746
-1384006308
-1392249984
-55540491
2018699507
1511605268
-1035207515
2030027699
-757149147
-615931025
1462781716
-1422495025
128443464
-749859423
1993436963
592920721
1906312560
-977207896
114423416
14278244
1495256128
-2057190155
909337337
-88485586
1209321725
-2035698374
-1797659305
356726486
601740986
943251299
1155427887
-1720550734
335506829
303008412
1496420327
781123027
-904420055
-1637154763
-430181703
455959987
-381687146
830097638
-1382334275
1640998617
810703953
-2027317477
-433641115
-358383754
-1387976746
2055192262
-63504314
2058152859
-1442899372
-1094874376
-1089235792
1880525803
161310446
-1916948551
-1880959789
-1179052075
-1988440154
712872458
-1465700074
1093234285
-2099549232
1936892464
-1770007856
-471563410
-1028351280
-852572764
-829581794
1362883217
-1009858195
-25788411
591559185
1507370433
888343353
1202077495
1356346953
-149657922
1743666393
461776471
1361755970
2103241313
-878993078
-1836948311
903600288
1462241690
1666360547
-888463534
-1131528137
1149674445
-138216705
397914709
1267283803
-1167430008
916158942
-1662979498
907276469
-457241432
2089169199
-1078865857
2124810425
-594010318
78655392
-267625074
-373461882
1294367277
-1176127799
2085112149
1306877532
-320065307
1036201101
703956807
1695920247
-632519415
540823005
288260125
-2031609912
132222034
-1911165183
12082152
-189484946
-1814282775
630545891
33678950
-1236594305
1613122893
-1655558207
-75937570
86943634
1953346466
396148945
-1796624614
-1941369535
87250080
-1906002021
1447737850
871777089
721189014
432805261
-1827381310
-450280707
-675672881
-620740154
-1645351173
-77288051
-221070856
859987021
-1785606016
-2133686338
-51023029
-170553346
-1030815878
-1650879162
2020108971
-1918742715
-436981987
840514001
641898308
-101590568
1774253932
1768790805
1523411432
743053910
518041575
1052482546
-1938373639
1833849929
-1784245794
717530833
-1983509582
621624822
-1619425760
-704632935
-929506233
1623125757
-1020634769
-1615134972
-1945337050
245799944
1966312296
1414205207
-901576617
147427696
1742685390
-1736930081
-1818113125
1104798305
-306574908
-140019911
1764509989
2066585897
-292717896
1419623069
-1447541987
-1879043461
1677758987
-10885648
-1858927665
-1850181410
-1171306687
1896813961
-1735925349
-36317747
1696974866
584224378
-960812915
-797541004
-2113422375
-960972362
218938698
228929657
-186113926
1975552773
1072037926
1232374466
-1134242466
1446133295
725678429
-1749719228
2044479010
-1461932783
1511039645
139290115
1729897290
819670159
186540268
-1158083835
-1223885543
1352831676
850408329
1198005478
1411422358
1957099434
435567019
860171442
1558874498
1921537186
-140293585
1325858119
-1445397703
516825208
-1024124151
770734894
-660468412
830115348
-1915181538
215269873
747513620
-1949461285
-1169866107
1867434060
1214412628
1852685955
-2038336916
683822138
-1175654004
542955929
-1148865195
-283710772
2079287220
-478357881
-158206101
-1571626258
-255023136
-2096321428
1617611794
231431716
-1392380847
1675154266
-822488226
-1524061672
709789503
-725948844
219744450
1619915435
465262875
1003096529
782896257
-478863818
-983883170
-885219093
-2015393090
689702015
-121606978
1183484654
265466425
1245062082
1653960703
257372520
1646599604
1898658046
-1387334198
-1332400913
881449689
889602226
109238500
671901733
308489948
1359699107
406917069
503890488
-1214508905
-611969066
-98551260
1910282595
1109598022
1492324263
790741329
1000381889
1875419580
-1344960213
-769753122
-1919138352
1592550695
779063456
-2001627313
1224404999
1397658066
-1198914698
-1091960369
-1910795190
-979294831
-1994480074
-1978989289
-49387646
-331591683
-314112951
-59230231
529441811
1461379199
-1312395232
-1377840388
-506303227
-997610153
1538793028
1502635559
-2041451052
391164797
209990693
-381535613
-1840529982
-1900047655
1946957532
915639633
-1222698745
-1687046975
-1040971059
-502831456
-512873619
-816546537
-2032548788
302023191
-722971578
-311486753
950419601
-1142982088
508277783
21103397
-1263110215
-995667256
1238450085
1763870288
1377608340
966774424
-226483881
-1213933855
-1225226086
776463695
-742547166
-224828261
1707710177
1609924770
-266302680
-284074470
-1461939783
1722149810
-1961285340
-1768037443
-1209445137
-758523175
-1296186040
-1417061696
-1459648065
-1259218686
1366643498
1006932066
821912767
1404665162
-1043657389
-1886346852
196419130
-817743220
-2002953711
-217699694
1423948279
-1549468437
1283037323
922190087
-1531852933
-1592189950
1949448778
-1595388984
-728443254
2013310977
1196780525
1239423760
1228544353
-251156562
-370000332
-591541110
801594475
-1177308587
1099295266
1017993206
694658983
-966531364
813965066
-1554011021
1889295770
-1961648298
228097563
1989657491
-98674500
249916195
1906640226
-759987757
1338115926
475487753
-1454284511
255770637
1234056524
-939859831
451655526
-1533138254
8688357
209490534
219409892
82200747
-1523947100
-679181022
-1260403429
-1144129545
325867948
734183900
1643360652
-1752234068
883438944
823518534
447677892
-398629807
-2097056049
1274200998
-2034733869
-569321051
579662298
-572203872
-1283180055
-814833157
1657332269
-908025069
1333820842
636202250
-1455838057
-1753896563
1853688217
-1213883182
-949956468
-1252502313
566806928
2028778097
-945864416
-1791318458
-1055929854
-1395413774
1618411504
-260062921
-850325071
104218010
184796120
1193968333
-2032139074
1866197043
1764249406
-1053916904
774605713
1452661968
905046582
-617178801
1735020729
1039750616
-2107734960
495233923
-270228337
1049886255
1544370554
1362228669
-119308896
1544754319
-3826273
-2136807256
-779745338
-984985744
1053289488
-1167138250
-1354240509
-1644205044
-911577495
-742487464
1584122448
-13883637
1843086115
527784198
209363489
461816035
699286424
-613774611
220608647
1654183038
-1439447085
1477016402
154445326
1936414724
267388026
1736348850
-1784883073
-1538041096
1846580768
-1351108413
79966956
1163071108
330891477
687586527
1882355775
502725172
1097670724
-849821314
-728646060
1147852543
1398831558
1296072664
-908089170
327392545
346047968
810411474
1520544216
1819517448
-1641071236
322620771
-1641319329
1006401747
600003628
-1143651671
-670292481
438224365
1139008797
-2021813175
1505326769
-81843663
-1396434657
900786460
-1724870072
109216299
-1587904054
459055539
1852577313
343849035
-1459809572
1650124077
-1394063771
-1227458779
-1888747492
438053919
842376078
-859104176
1806195571
1204150498
-504536879
1466932242
1747383630
-811458840
-1971198108
887240470
268994903
-1046930402
397366047
1020070394
-1840730880
-862168168
1999030677
874294746
-1620812973
81698561
1233475176
735952900
1195501370
-1747764173
-763067179
2043253392
2013908849
2013736099
2142204317
-1232881451
-59561165
-1352951256
-929828890
-869700888
-1057869699
98021654
1965880208
956277941
1037962241
119067391
1828746167
309090916
-836486289
1988003938
-727483533
1395148006
1490151597
-1950540532
1833497053
159485303
575985345
-1827704877
2136013925
-709758424
1870257820
-53211384
-1257770924
-1655348519
55989679
-262008429
-1150824415
-2139608097
1194097210
555762634
-1732659129
-1405484084
1763525526
-77448776
-761104403
-998825262
770360561
1950267016
1918103261
-56194194
1305536887
-1979505691
413843540
1325962225
-1706870914
-2145352347
-361168448
256409681
-1276293007
-278576956
-1058643751
1090104853
-37871513
-445277911
941985949
1897455464
877125269
-1013163391
-989190267
33830612
-339803613
1772087517
1049717496
-905518641
-1470892071
-555639452
405418777
-107219565
-1806968139
-884468632
684723436
-579085322
-1493367416
-455423414
-146913333
9850026
-1764821703
2138576644
993890553
-351341091
-1351818097
657608937
-868313193
-105425745
-234732126
-786623556
442329688
1921219086
-487860606
-169347661
169820430
-1233311866
-2015581637
1582476542
937212674
-1578707883
-2130614317
1268653128
1372190157
1311759459
2100922523
-307236616
931422177
1760229814
-808055153
1112801599
-1945949887
-1266650053
-643049412
1283804106
-1850464283
-79050128
1502980650
-912743631
-299228790
135940158
95544940
20122477
31201714
1917896524
1465721191
-1130981267
2044384936
-331324489
-790411537
-119159041
345199007
1311937281
784991532
647164721
-546617012
-346175173
368835689
250865680
-1291178318
-315555156
-801538687
-813543314
-1472657026
-1931105610
-1116779043
-1258725485
1402592813
2046160862
-1949461942
-1038978274
-713950815
476949060
-2144433586
1729010457
1251339684
-163949778
-751990448
73685957
-1294093136
-453626006
-2093180487
-1887971858
-921894614
-2057019359
-899016811
-2074500804
2014920545
1816145513
-2015725818
-1578923455
-2110609832
1014321296
-1099679187
-957954168
130590532
-1428119826
-1070863350
2051033602
-1898315598
-1641619914
359691739
34337139
-350882631
-1101024678
-352966005
1230280073
1564464798
413438962
-1712387716
-1813067049
515007827
1870322288
-1669541363
-215474074
1981897351
-1332130231
-362571119
-323821287
707311447
-633715189
587016652
1577450152
1973630584
-751880619
773913526
-1289342799
786991202
-797565872
-2139098293
-588321434
-777519669
1656283619
-588439758
13500945
829548729
-959284732
1234271491
-1916805106
-1458640156
1716804395
371235066
941266412
-171061715
-926440121
-925709065
1580309570
983126649
-1861436798
-1097283954
-109584812
13244712
-1264871049
-586930315
796311227
1007286901
19389454
267744057
-1799300497
-1715456421
-303683287
1104341834
1163517777
213964613
-1718340075
-1431214472
1995066642
-1260847152
-799702231
1851827571
785186890
438978504
476454589
-1779347993
1846924519
648016102
1999311899
-236834874
-1282545107
-1752032703
-2023766386
672019287
2082986608
2093656842
1111892969
1233954124
-1806908844
-201839560
858006962
-2086318233
