2036725720
-117624972
768941089
-1580830765
1972504314
-1657507134
493863611
1628408704
1885153725
-1728517263
-1902257181
-1509416425
-956243023
-1149269090
1433900957
-489521076
-1400552416
80549826
1790777172
1426800466
1636253923
1160729673
302095403
2122427901
1350706357
1495159468
704185158
378908797
-1743739743
921931423
-205934216
-730722435
647642947
38408583
-1462036930
1302575486
1297320021
-532629440
-1785723327
1601658731
-1544736619
-286368575
1952910894
1641028867
-565600726
463723608
1521360611
-273181881
-1388768997
-2042139688
-1230634506
1137227800
1207756741
1085595142
1211328728
-200906335
881050396
-1956319844
-1638221500
-1586714454
2072180475
323715292
1686217844
-1828886602
-1361114366
-1540266956
1595766731
-1023165649
-1734628998
-1255819008
1946026630
1621135215
173223609
-1738954022
131473904
-2097886884
-1748034042
2121539127
-326029206
360569749
-1503011607
-641594932
1863621897
544964037
-230291062
-1417421236
-1250384171
820545941
-1074860523
1084046912
-1408563625
2060788389
2129271051
-359101104
165780873
-1486922964
2132656761
-29666142
1209396233
1279866941
-1822298321
-1414742289
2094243654
-1935698645
724666177
-188904519
-626917458
-487755328
1113876499
-411382439
1617554906
1807553622
1655201845
349063766
1918592930
88251196
241266856
-733480788
-1251803332
-648090872
-988281234
-916433899
-1941718798
83987686
749783743
-1515324387
-214595504
-1539702154
1986347796
-1684125845
-64258057
-1011649956
769395976
1484736819
1729191878
-1500093077
-1377560284
-1679471850
1633044547
579424882
-2002803106
-189152329
-741203360
-731738937
-867130332
-1140512165
1862008672
2056076128
1583139903
1995392141
-863757038
-724024641
300196536
1680986165
1037686934
657910286
-403828423
1239541787
-809560103
-795612401
500946850
-1686325826
-2018157253
925347466
1812490656
-634109237
-851079887
-818046142
-173184960
1329611912
13969668
-784432698
2018479954
-2010898613
-857459446
-66985919
-1162808955
-1142774118
1618841213
-768447750
1044912651
-1409001295
1964638972
1273032063
1089097527
-1601582182
-949866615
-976967971
-191730996
-1931650130
284308865
1566615342
-1136764835
673112753
1896599061
-347612100
-949191152
-1292650789
1905793089
2042810846
-268084810
732344463
-1958504930
-2130870266
-1728711784
-1473398213
-61332796
2103960445
-93017670
-84000605
184622954
193147917
1571624419
976253342
-623906145
-248066061
1819553709
-404570300
-1167992904
1003145994
1013675957
-639024996
1055913675
1260112690
-1426758786
-119148165
981570500
-934655869
-1576343003
-96589688
32929385
1916775993
1501821497
-1650014623
-1897398244
-547726592
-1563041655
425089785
106669818
-1106042244
-2067970234
1049309795
1073671773
-152920010
157097267
2090179498
1832917478
1982759361
-14090525
1007554936
-1967102824
-1801266885
-1784643299
588790490
869920169
-310221189
868620427
-1405534761
-1194693506
-1468202777
-2144585413
1203894107
-1229861426
1330557668
1389232328
-698385269
-478982865
111542899
-1488663813
169071080
-1996261102
971609193
1986916174
-328927489
879844185
1410421566
204525797
1839986355
-873919743
775056361
1204530296
-1211965597
-633779492
628286533
-1260951189
-791872592
-1625535463
-848401140
-663165574
-1433661343
1198852340
1455890502
1592105939
341271616
-1737225578
-364339891
1112104146
-810180453
1711495728
-681305040
1155540400
795755407
-852785993
1658999654
-121005897
-452953726
-286705645
-2135579618
-1873731594
1822645973
1713003055
1025603008
-1353374826
-363162016
318449741
1180162396
1697628183
-1006521801
913119109
-768545564
184120262
-34771271
1683148359
167701178
1853573102
1836444151
-1634413958
-1526795976
-260780454
306833178
633978842
-677427008
1429023137
-1694761497
326206909
2131066254
1669935806
1828699687
1246277813
-1450871891
1958647588
-212227010
1929767490
58387825
-1861330943
751664799
-2084966249
703338251
-2495095
1709059233
-2116152636
-1886583238
1585657505
1430670966
-2112958558
-2002321589
-1984848510
-127475370
1079121739
652153039
1617649365
1007676554
-1919813746
621692028
1190840182
1853558738
2041102516
1122582416
-1890977188
162460601
-1411700272
-798140419
1775204724
-2050420992
-1216665876
-1830752682
100031655
283898326
-1852640977
650070647
-2121284183
585748805
-726202931
1161112700
896824287
297571072
-1661373017
2099617873
1378190752
-915025614
-1383963002
188808800
1073813544
1854979142
557045385
-1447793178
574233552
-837771933
129110931
2133566717
1364852408
-651774551
-551302581
484787186
-735561071
-1325783845
1265485694
-11092946
-612591823
1186465279
-601407161
-310820016
1440575325
1008505431
-484709018
1296425503
1842260938
1232074164
-826108265
1870525531
-501899158
1700920122
1942196264
1167605955
-363062165
385208032
-328876785
421393813
559851796
1992682561
-878710147
2048120867
626252810
1519853864
-1216021758
718973464
-552148499
-2078460940
1425207392
1210537499
-1270204189
-1039563781
855654075
-443281588
180120912
-1174858750
-1510448772
-324352722
-1181487994
-824055953
1538247393
-1269791379
350968782
30425021
1377249520
-490821016
-997921653
-1338751909
1766171237
-1725856429
880009571
282113457
-415284648
-1749684361
144914349
534483184
-569670921
-1369366226
-255665317
97994865
-603283762
1584417380
1783973570
-1851099973
1388192589
16222334
1567889103
-184729500
389694479
-594889256
-909948208
-1584567183
1678520133
-607871271
-347618561
809921009
1629444251
1124878462
-474342954
636365590
-357356845
-443280206
-1328810305
-1436500827
-1385374979
-1660552956
1137907389
-405730433
-1368069014
8328604
246642746
1124236301
319323445
385284054
1954659539
-1349265269
1095493571
1114843293
1306157921
-1727966172
-1454374984
-1556088896
308211369
789961395
-518399124
-1769710720
-66524433
-635990065
1883501302
1221496951
385174577
-1998056773
-1318518943
-988530686
-2006098224
2078594259
-1840215301
-1152490543
-1791535092
-1109908028
2074517808
1270106841
-150239382
-58761156
-744822459
-1720981638
1123083385
1112715025
1852490392
1470100929
-1499236262
1646417732
162748132
-2118505212
1279639616
1149471953
2069903506
-384615639
-1800464083
-1828146688
261202832
-375525639
-474615472
1901450523
-1478127632
469456366
-1197829972
743302606
-1839417579
-203724592
-606393128
1159118746
-1007838049
475948284
-490849948
850030413
1419535219
-2015284192
-1268950151
-1264490373
-676469874
-209206819
-1788508781
2108200410
2105316503
-256102921
-2062073479
-1046146243
-232013874
-766892689
1023405699
1281177511
-750919130
1988927286
-410023419
-1930089627
948749128
1774922534
-925316979
-284124489
1764845872
1646614947
-1113990153
923114917
-415257586
-474510810
701866994
-1700282853
-904318761
100929884
1347400386
1006374541
-533158811
-308307345
2018689948
588914214
-397055618
-606359715
-1944863252
608557492
1649176201
-1053371354
175510477
-92778067
-1236469684
812395479
-872984333
1961721524
1409425523
300666127
-460843316
1930503348
214554751
-1785655356
-1911435996
-1205353880
-899749940
340851355
-1992067937
429780523
-1084056288
-257985910
1876362926
-476909356
417702140
1654818014
673914084
-1251082445
1740178119
1712774557
-1242348065
1146766214
1556497148
-1383879118
785660020
-285895954
-1241800845
175416974
224847713
-436241301
49635016
1061325116
1961511100
-1697041714
-1299996031
-512519779
-2069356447
2009784443
-476275085
-768164967
-1998657151
933683511
1771334360
894341543
2119254471
-613114144
64468343
187801696
1612678307
1783850807
-1274654951
1704122466
-661525810
-293384180
1503647331
-1868937722
788426287
-1567115900
1837096616
-1480142865
798721552
1199743505
-589593980
-1822032528
1290940378
-133871522
-364168861
-590402842
843863361
164663168
-86755272
-1123291119
-628186701
-1664176429
-1038686865
-536857537
-1038634227
787563376
265763790
1863650044
485925370
-887437394
445128228
-246036712
109813971
1646327681
-1745326441
-1023427823
-1903721083
-1076167523
1648799213
1352283010
493608164
-841463576
-755508410
754569817
4043387
-655881764
-2128377246
1192462716
1691292057
-1394543928
-457907035
-104121199
-1005862463
1767578718
580586246
-1011009311
568788354
-1457564406
86539949
2082320814
-1244533222
-1970416720
937421738
-623539645
1111652395
-1239962163
-425925003
102506108
-2121686999
1859656783
-1521716571
-1724157791
-1233856870
260035466
-913990062
-1986527178
2020046359
-292452117
-1650263213
1606842031
354419761
-1141673215
1492120033
-321373637
-997777092
-2004092711
-2071139980
753671161
325708912
1813166462
2053487303
101771671
-919591318
-206325050
-225088089
-47178970
32040523
1650093234
-1608138546
538611522
1072924447
-1410341019
-1972783511
-622573070
-2046826173
-1181844208
217618543
1980656181
-1005339460
-1591614162
-1096934859
1953278842
1806154275
2052045616
-1818519922
1770618668
535896999
-1892217829
-1203910910
998558196
1427371664
1019878993
1508529734
478423354
-159920467
-905861687
-1396948360
-142754410
-673816761
-912784730
634082384
-1506438280
-1468879677
-1536094864
-1677361269
-712238024
-506189654
1792261490
-333604555
-1674013720
1582633664
1050822579
1474740707
-1817628968
1775821845
1255589704
1090634877
-426074386
-2048251089
-1532637786
1268073825
-2100726800
-1656549389
-734847222
1120581630
-1376530584
675329961
1256602245
1333007326
1970007275
22192164
249605635
-493856548
-1187636269
-816524321
-1890755457
1179778937
1755505500
-1477371612
837459721
-338205007
1452773713
921944960
-542615048
890435078
117215193
252376520
988594878
-1772589206
850736310
90389236
-1191799973
369991590
-1850117216
1269802262
1536244525
1639536209
1363586663
-1666210058
-483981902
379398080
-349359603
1413016481
683990865
19678048
1578256808
442590219
-4768949
866714387
1531924632
-1439112961
832538454
1063524738
1117874134
-2055290419
1728614679
-2026119859
344000799
-2120668378
-782632712
-1387901954
557539324
2071453417
-957895813
-266772180
534999994
-71850259
-1826370798
-631747030
307791872
-1948175805
-99852235
1113308359
-1608873116
-1848268962
1146945409
-1672654609
-2140456914
-1546094573
-1243980821
-135436626
1293987958
-313259591
-187749583
-138652302
1293898233
432127747
659994064
-346973354
1906317030
1611712600
-786443414
582305550
1697154792
-1592875544
1829913046
2010008698
-517384038
-1447826597
-1598015998
646538568
2032377942
1567269284
960389222
-2000236554
-1168342832
-165348565
1232522144
560323142
-1561768492
-1589208272
1890528559
-1792774276
2111436801
-2052690298
-1802535128
-1554726621
-792135135
173722360
1253300412
-1922787273
173852108
-953230510
-658604684
958122030
-852619764
1412787314
-1128360090
1617682780
162491544
2119336775
-2119637166
-1014924686
1294473787
1520598838
-601552565
35695818
-633211079
1211220753
1061508149
1411112887
1665308608
-1317304358
-279889218
-1806416833
-643797975
1816009116
485508462
-1725407355
-311078711
1501910379
278152683
-1784501577
-1786333591
-726713334
354734931
-910710145
-1832906844
-46820179
-1809866815
-879011967
1568982191
788099995
820795312
-2142083369
819037870
-1069551347
-78961496
957598923
77164556
-620452302
564857973
1728942002
899298458
1422582591
-511071103
-1124702598
1393161946
