732766922
-1545612352
622280640
-1774466093
965355280
213641121
-3206569
-1903370372
63446279
873628184
-529210722
2050741173
1821797649
-1802717940
-1475590323
-1473457546
-180666400
-1982381770
-1457962490
398842504
447841801
-63518786
-108918689
-1523504246
-85489187
-492085959
234440943
1337587709
1716377397
-413296794
572410672
566836189
624466865
-65185080
-102255787
66532463
1191192851
-756294457
560571630
1940111726
-2059524782
843956677
-1687752481
-323805710
-1277782273
-2082930981
343758681
771198821
-907398332
-1745250848
-670125654
1303455330
-1984748950
-1550788571
-169943712
-1879984381
348271081
989051291
-306637082
85732038
-1411488504
-819985707
-1212571219
-513502261
-363119666
-1981296775
-406814056
824835547
-1527116038
-618022549
1555916422
-2106045622
2038270127
-482923194
971302194
-403020822
-1036328583
-881483105
-443310623
-1027887375
1080644598
-1467728638
790084106
1533265503
108566146
-414450608
-338511300
-955212580
-489299416
-550530417
-869378689
1160166082
-1148180683
-368811566
-882598376
686532737
-274347441
732115279
-849891597
1743086561
-1054794522
-501625683
-1211629669
526979956
2075633445
-1936096828
-965779797
1219704778
-1425734593
-740290964
-891121249
-886903988
231669565
36068086
1879709113
1591957479
-1519464330
528133867
-717175980
-854487142
812746656
-167125651
-1300796732
-576712561
-510817436
1252547520
2036008690
1772969586
257964770
-1198105196
133647370
2074505460
988019833
-505179324
-2047704121
-404462351
61442220
-1641056290
-871897471
-452587088
2105427956
590563500
-1212659042
-1596526984
-436747267
-1002424918
1296904857
180060220
429325559
57458017
-1999280396
270018090
-17751233
135741463
1349162134
-1465510935
-929149939
678133830
1904920840
-681543760
-302467598
-1208113227
324184785
1226884370
-339413229
-431973593
-2091295596
-416378501
238895726
77812784
1011702492
262549976
-532791559
-1586278223
-1399937277
1513083532
-1259967595
1807808195
-1139354029
-1664121539
-456109407
1495295310
1968772983
483251557
-1155941235
401027849
-447397491
-1431030451
-653802810
1433821097
1370968910
1798301527
1361548497
-2110870697
-2080342823
152178161
913862363
-1826373334
-929453330
78265281
-1908479911
-515472779
208666323
-1506547776
50227220
445139048
-849854553
-426761632
-284135031
-142926612
-930543443
1169557463
-415265196
1386145092
944128986
896452326
-1137413768
-1344151774
264017603
1096529455
-278240146
-1825254944
306056574
-1416173314
-1541612828
-478418265
-433757823
-662789664
-1063006871
-1693621617
1773101332
-342244022
-679875088
-759294301
28570443
-1094697203
-704835484
1811630325
1524700495
-754011893
-895819330
-602375266
-1873732585
1332243037
-1008671816
413389889
-165220993
2142220300
-1061763832
-1699160973
931608205
1219244144
-1675471156
-1167758553
-554954847
1443277714
51813525
1360990291
-665340226
1286539237
843599263
308412283
-1248730633
874604448
690014220
553373234
-617224095
66890113
-854651019
-1175263839
248756328
-1626889112
-934539970
-1179743966
872997835
329164807
105383580
569506452
584237619
-835855433
-813189122
-1667106051
1753719329
897682312
-1103296361
735315868
-1958335892
479226172
-1064929902
1309566004
-109711456
-588468229
-1142354224
1552240801
465015698
382987881
1452769915
589848030
164537836
-183776366
-418223959
101347630
-1456052465
1185128937
1021109861
906604545
1260776924
824322685
-1843769967
320903756
-200607195
-533639374
-1358417457
-1942328382
-1881713885
-542328181
-1265791312
621889430
-608856448
-16229993
-49644866
241251894
677880006
-558288933
84001646
1296603648
696320946
158966001
-16282888
879444878
-701623350
1893511853
2061621104
-839375845
-1196964207
1183841288
199884795
-183188998
804846909
1935575315
1551772240
661823827
-255474889
-778068173
75937082
-445056983
1961474437
403680571
1455728464
-583662505
-1088562656
-1134523115
1102289342
1328897834
-930128547
-899542116
1749783628
60003786
396852509
731679092
-1397838227
553709240
-637102939
-292937605
-125928252
-221018312
-1539778293
-792803491
1657812671
-402510567
1603413131
441989996
1266278089
1191310802
349179653
-2107835990
2040106887
-1347126672
-2138070262
-1364688651
-1407526210
-473173119
1390847770
-1413072263
2012516370
-1589243436
-639398697
973545817
-353969765
-1609664645
1477487204
-871111072
-1354425377
2069330018
408386264
-239674199
-2075952029
1391245583
-1058577343
148679599
293234116
-1544451176
-1766080957
1563400720
-532426514
67795236
-2060051839
1176965069
1922810634
742254035
840304218
-703800185
1954704859
946185778
-720691458
219086133
-1212029250
-744913506
255467800
1022392231
-1635862446
443842049
1549261541
1769728029
-676459589
1791041903
304143760
-1472788548
-1162777391
1754339813
1904906628
1424652360
1349242601
1832472083
-1428895622
1377332788
2128784339
1514689626
966734014
577650898
-64530644
-1049883991
1324871545
-1198014812
1023097247
962801082
785111333
-126492034
578423539
-490626202
-724398703
178658676
-461790043
-1145365890
-53715625
-662690985
-372099852
920933800
-6599853
-1621603464
-984351023
-1140397766
20184375
-1158703905
1825946298
616276808
1347749021
509267513
1032583817
-714962574
-1768892229
-1715320780
-413227240
-290305294
1450099775
-513293029
1773698772
1868921334
897433029
918154396
69883771
596607053
80914342
2019388631
-644689778
1494320884
-919012811
591652504
1373490837
313494376
-311845763
-2018903460
1320232128
1219986585
2117337322
1694547132
-537474404
506817333
-203420630
-228830264
804528038
-1585606534
1122349318
985007428
-1330533540
631159677
99840325
1435267505
-1161196619
-766370491
1520193485
-1092440279
392632165
-1631357171
-1400790666
1189999318
-1392259382
729256790
1635224939
-1530392928
-1309024861
-1091004802
1044107241
151967925
-711839608
225767411
1017914187
928476368
-1313842151
36898423
807112713
-4168606
-155976588
-1822029780
1308517478
-200892584
432920298
1320678651
-958610063
2135923216
-1550325494
-250627739
-693222242
2114842804
-1343109987
-1045628868
-1493082759
-1433107243
1702959846
2117882328
-982292628
1050655205
-1814364416
-662313436
-948386934
-1748864344
-1617862148
1376858073
-1038442024
-1878001648
-1532833864
1723529364
-906712604
-1636736263
-122750780
-1933747869
1784131841
-1788165450
1820221298
993720568
563066916
-1576653382
427424930
-188669957
1897345843
-1646145862
1142243422
-137853239
1826551064
1447204753
-1112008907
-70930108
1415127184
-294165081
1918982715
47771927
-522407098
421205875
656107692
1835991794
1008268374
1931068490
-271317529
-1831000985
-101346506
-888449326
-1230176403
-1351865986
1370415376
-228113543
-259961856
-1040619773
-938173406
1430761935
1569638388
906590946
-1559112188
-1201014302
-1549299797
-636649541
69446174
2094126109
-306391617
-362663931
2040773608
-2007234923
804463637
-2062271340
-546288080
-57847686
-350474889
21556988
-1357485004
1217284449
140824425
-577074189
1623984808
-1667082725
1542812529
-37965919
-2024729419
1082134365
-1993652974
-869291561
-223945911
1862800221
1999988572
-2100719844
-1704942930
2056026913
1337979517
-1129955820
459666902
192201733
-1734499501
357796183
2000489040
-580053710
1546648537
-1404280946
-62067883
-1323047849
1172017918
-2035449133
823744283
745439784
1618497556
-1438056116
-1635868900
1530604229
316153462
575645821
1301494532
949114531
-1536873306
1145515963
1811754048
-512547104
1439860029
-1216558992
-453223471
1237887617
290715686
402451503
1914239481
1850168645
-1322381883
599058092
-523800304
-1544152905
-1282121378
168255996
196663220
152444999
2128357024
1930349360
-223377913
-1442971549
139775058
512068979
815756370
826072754
-1178573463
1425889417
-1319438621
918798852
-744530309
-1638101849
-2108567836
522384204
1991342275
1542735592
868118666
1120858778
-1970672331
383004222
2113866597
1935237805
-864365495
-494795001
1819800484
-459411161
-334802662
-921221746
-371461525
-1825848484
5684025
1849608478
-1960467609
1630943773
681546112
-1281320265
29873215
-2131288045
135277463
1670764220
-361617036
-1584182387
1656827814
-995449684
2089231096
-1304996581
525744205
2079172272
-926047358
1936603612
-755206145
-1175679558
1146180998
-1327685364
2013253690
-644004009
733699907
1366536944
-1950139430
30715919
700591940
439811329
-37276064
-401795985
-1411476756
-1162110771
-1399496365
689575402
-1537355349
-1311949795
1789007461
377403583
1895364588
594091365
-1705007011
58066480
-1065905025
440668919
-2036635334
1996166587
-1244409407
1793616879
-1920153123
1207559439
-1035225996
-1911966805
246961570
2055384582
2004348801
-217758491
733752658
-1872692263
-1365390935
697207447
119603465
1587323460
-1539428235
1698836383
-350430055
1318189153
286603180
-113653722
2027862235
2057258340
-325208488
-166325154
-588783759
-1003957593
885339193
-1737475192
217689199
2124620011
1106011348
-170354695
347634285
-1695468452
419940665
991717265
-198524756
-3303901
-1485228907
-734005887
1039302725
-488558597
604269179
-1537019431
75687974
1331205848
1381032951
532604776
1400944088
2119392481
1239991828
-1269326375
1791423239
1359238412
-109608822
653928986
1030770888
1752383050
-504086359
1462598015
1170107136
-54926446
-942049994
-1337683128
-1874627803
1173160919
1492640923
984286153
75612830
-1693239865
1240152177
1168641464
-1044782345
-509698705
1459737071
-834263803
-1883656338
1793171010
-611229048
2116390081
-1165172593
-493604799
-229412675
679690034
2122403829
-1599960310
-1006155829
-1962925263
745809308
-1677876500
-1328715872
1446668312
617995991
575687644
-1392874574
877786316
1499103270
-1299944425
-1897155708
-801871491
1865189806
61708815
256284153
48406482
331729039
-474727955
1517856704
-1194181761
724197088
-1061540480
-265353489
-41376381
1866649344
1218342337
-1654262889
-1441413974
2078385137
-1342526364
1566433526
-1605219107
910800124
1667016268
1265116382
-2020572343
-1282361864
-2051610560
1372701136
-751090125
-2024843641
-1568678803
1654407379
-1071913297
-144445153
845037407
1224293996
607098122
1712721637
1942876652
1084346425
-1856173919
-1424101593
-2105677569
661980242
-269970628
-387974753
1448561827
-1551081880
-1441389850
1650201927
-1573989010
1618573552
-560899275
980952054
-78849801
-1503606572
659771289
484955622
-144143785
532455451
-1619936276
1239271722
981139677
1987463933
987873949
-100719695
-1210739764
-1830153279
-1960825008
-768816057
-2088138896
136220331
1107674459
-1620944278
1954870488
-1191527307
1517883956
2024601661
-1121317571
1772901484
464016480
1961570256
-908109773
-16691380
1206485321
118484430
420182409
1267901219
-2078406985
-1343599400
767817623
-1321160108
-1838281456
-808474373
806056818
-131673982
1185464894
1065235302
-2088889493
-1187351163
1499733082
-1273624000
-565005557
1663888164
852275517
-1952226817
1371423552
779631971
839237432
-1157713287
1458485422
-5085769
-1045206600
-1307719482
1361873253
513489815
1759006638
1916103718
-851141767
-722721386
-768952086
-170177663
1602833293
-887944310
-1507857102
-1058526015
551292396
919444097
751260829
976653181
1488310697
-2044408842
-1362598584
