-2089524164
-642777377
56835909
552558682
157822529
-299453776
881574034
1154519494
-948519044
-1558877354
1892773994
-351735765
1291088876
-778075304
-1529930386
2069276406
-1495856697
1428620101
-2072867071
-2143154738
-550986304
1659885428
1191114833
-91252291
481169503
-767956444
1075706995
-1849475861
500409129
-1444867344
1864070194
1219694696
-1499921090
96501981
1885358577
503566529
472388991
948280247
-461103601
1092344051
521933310
-2019535336
-1521573283
523949305
-1867281409
804280529
1206210702
967926712
-841337238
1779197817
-1749830916
-1946850652
1221280413
-1312389786
-1868204572
-355334002
1101265397
-285232335
-1623883084
419443046
230080439
1360932441
472428578
706134936
727136528
-1606273838
1656928566
-1102471702
-1641623809
-682452094
1746461491
-1349265295
-258522148
-1863923669
-1347568090
-448248549
143574399
-375961180
93055040
-1502787736
-1141523073
474311705
1247355542
-634930786
1633589839
1684094507
-761677647
1863525845
1901115101
-1021084669
-103575439
1471455610
-618102849
-1744390227
131117210
-1884362572
-2111664288
1963415108
-160305886
-1633762942
515828308
-1192240998
-1089302095
1504701773
1958127595
-1423776951
-311483065
-919486346
-978231021
1073745464
2021213375
-622449447
-973989194
-1530188634
1495513701
908013889
1119166035
1410801309
-1880022826
-2068013594
-1662169619
686412619
-1045024397
-255830931
140751441
569081710
-1221172167
-618855855
134005733
115254630
693793311
1055948381
-779792787
2013804549
1892908487
-111251537
272427535
1294593699
-510699672
628757185
344094161
-619833120
-2110680417
-1506540607
-61850562
2112548471
-1094723052
2021038558
-1432322186
603531090
265710491
1843584437
392347684
-30064497
1474958490
-1325951970
-1258722070
946859439
1388478893
1091620664
416542267
1582925873
-1764734103
2028154235
693205041
152393525
864858225
-416695776
1059445395
-2022218971
-855710035
-2035642094
923396450
1249684008
-628681720
515017076
359522564
-1004900506
-1994265482
962522197
1693698462
-621439158
-1126704679
438071150
-17892555
-809629860
1745336011
122190217
1991392026
563410816
161062587
-613408930
641142348
-2046283685
-1283614043
-2137464603
129809052
-329271805
-1799982748
-1768921907
1299502146
1183621674
-70099604
499166490
1314698260
388746907
-635183565
-1678536080
2099241491
273895345
-1115664255
-792616097
-2120371060
-786757299
227301285
1667770830
-1716593560
-749510990
307697370
240557790
-1136327261
-1342079566
-1233868864
654746265
-708114240
-1054729288
368878388
-2033948547
899749975
-809486890
1869755565
1882490896
679549060
-414147036
-880294435
1330110333
1883863639
-214911387
-1700967158
-833006393
-1844788152
-216606292
-1265331857
618405316
1732603861
2090819657
-1254364247
-709479560
1671960825
-1822803779
1573763144
434376394
1436841415
-992958845
925688128
289619340
-194671015
-1443019068
1751562752
525768455
1338097817
192532838
-346066806
-1775226543
988817813
2099473364
1657708950
-1837849657
47587424
-1480029434
427365674
-1239450587
135472044
-530827172
-1648759261
-524346427
108175239
-1529998803
-1542943555
453971113
-1736710034
-541678341
-222600427
-1626161797
1247397738
281581197
610322344
-808191883
-570260524
384242011
657862488
-92864412
1656051611
-825987899
-55612163
419061131
-1229930615
-1095737058
-616138430
232889603
248373525
-1756718036
1948768194
-52986905
306884232
-279338900
866395006
-1223580358
552940861
-992775560
-849557803
1381607048
-724256770
-565928907
1847675467
-1277287839
-1578389312
-1403576970
1892417577
1071482063
717304440
-642375354
-369312420
677118183
-1621257748
2072067379
1033009250
-420302564
596588683
-999050308
893777331
856585292
-818600871
1459390773
-162464542
1523999583
-1024170202
-2141846838
1763005843
187722010
-458608660
-714581009
1814622106
1487372297
1082838071
-1773319334
440495161
-783092223
-1803704694
1540071317
-130919179
-984830297
1598659325
12793644
-1293101786
958475940
1934611798
-847303749
-1241810542
537572646
1648721371
-1078102556
398044174
-1037655715
-168765940
-1157770707
547748677
497047794
-2051581310
193793819
497158883
1797564165
-1005545906
182424415
1909000233
-614366009
1552069774
1137022540
-654247537
-1015038420
-869612334
1477865137
-38713704
530411464
-1367987340
-1893752008
-201342396
-36644674
1306304552
499574040
-1949484207
-1671593110
-1410661890
-848140779
453470261
1671498799
-126883600
156035086
2011165148
-514084874
478503070
-1371607346
-1217118103
1402912494
-1351547365
-1073169974
1520288870
-1604782887
929698736
1132268833
419705348
-1906320620
-1616380758
125348604
-1522496081
1798704935
441952385
1117617094
775191085
-2040500639
1144893710
542962818
-153464925
1295817206
1942677491
2126732485
963066937
-2081110830
1359633327
712385730
984324118
65663429
1642284775
1447010894
496266686
1300954758
840677643
-358385571
-2108765535
637167890
-1045382429
-1140713636
1304578390
520671015
-603534882
-901863423
-785518476
-1609099359
-816758617
-1851886262
-879373263
1772335730
589660016
2143802214
1524967787
-1711049715
849810294
371706988
-1707010880
260639799
1216702379
-1569442481
-559678879
427100146
1007111241
-1563257748
-251365357
-855247748
-1256364641
400929144
-1000207356
1197200477
-596923466
1703363997
657627727
-1280726741
412345879
737093286
964571696
-2044338538
354533312
2127128247
1148120687
-1050895795
-674643969
-1000874734
-2070788350
-283459920
1984747930
863700902
-1645052558
-388364030
1600309279
-1169332283
457829376
843921195
-1833783245
1109195372
1223557343
-669880018
1785624963
681707367
-564161617
-128125217
-1493223144
-2134714868
-764175894
-475064940
1673627235
-1371809548
-799664585
-645716640
119750780
1354119916
-2101776726
203632616
-1511652267
-1732992493
-113739260
959553840
167767069
-232316706
-908283883
-374601705
1039659806
346114257
1466978998
-810592336
122058046
-1716336516
-1007461753
2141718719
1559264954
-64719294
986193866
409696038
-1895928985
2095497269
1608391876
-750918198
-524370824
175892044
-1037386897
-1332739570
-508167861
-1891160675
-1131357437
1938336847
103324790
493285468
-1914809549
-848211349
-390324125
340698304
-1535604265
803861986
-972934606
2070221068
-226992226
-1583701974
940063858
174935513
458783742
-91945456
-1214340439
732837168
1352086359
-1379216796
-1584710505
1695064213
-1299387979
1894259346
1928659939
177105151
850096745
1037071436
448919270
1350791570
417896979
-771820607
-1652290768
-1621198302
1358225884
1198915685
794579530
301946060
-1451335069
-562177572
764115248
-320966065
-668309979
1260829242
-1247396294
80761598
1099336900
-1700961775
2008995819
-1729302359
1813706455
210257560
-20830521
-522144955
1911565439
1014776045
1727307453
-846154090
367128617
624954501
-578871436
-767471209
-1296755838
552903874
-2106167465
913206694
1896119881
-1078852694
-4538136
1108159361
-1561420691
423126514
1976160694
-779306205
2114960662
-292658659
195407586
-301008740
2063802365
-976690130
1011405591
-1413746674
-1637906493
1680515169
2029625423
-1678617011
1790458490
-633383930
-414380230
1522304837
-1362849329
1205073521
1032166371
-311615617
1277028600
-1485731787
-425065341
-603452304
-58728967
2137896412
1062223862
-1597785708
-506889699
-124050067
1691531699
694228468
-199202141
-572382355
-41437120
-634682817
-1689875979
-1000673022
-1127911586
453146380
-1186803060
1337809751
1972236909
-954743384
-2142816289
1865985931
1497069636
1008558420
-1790289252
1624928927
539513227
-862758522
-137804967
-711955820
1324841783
-1244565164
-485814119
-965022024
-561957024
2077343218
-1471889379
-1814589119
-680631200
858752146
1665657290
1469610472
-68423122
781258351
1964822341
-1358613826
-1869147303
940844142
1809387994
-1752243265
-1772787142
-952541617
-600929928
-1773711587
-1090852859
1985810390
1945254910
508456145
-1676494481
475642584
-2012730678
-2052227522
-1600678294
965277291
-307493650
16470491
-1895640710
1775105160
-180795503
-1746793462
259196413
-1067010417
2020636379
-680261821
-867141747
1416610253
-1438514991
191525908
-142542026
1253112811
939786644
-2026500149
1971871837
326818320
78106998
-1732849343
-2020485087
-828398619
479645714
-70974595
-1610072958
-1845992169
1076760825
-643753575
-677470439
1541681435
2067229974
105935392
2004661910
1521615083
-674714670
155655313
-927270091
-1478137239
788931298
737120094
-1350677642
-489458629
-868197060
-1263630567
-729212943
2019454704
48028533
-50170936
-1033720279
-625481774
1375899024
-2131628937
1915523447
-957765535
1921586732
-583829508
1888095436
-1823382399
-327174448
-1508390064
1053944418
1029973752
-1404415693
-263755762
-1037996512
355165217
635461890
1343171131
-405819824
-828526703
-1982432478
-754963387
596340690
2053284109
-364888958
582604
-2054878892
1226111753
-1538940037
-338940606
-565399753
-913091736
558762967
-155163163
1038460101
1664359930
2131501048
-46048615
1503288461
1935729243
1121407374
-641839128
-1799509305
-1324512525
1963365515
697182569
359233672
-1418120498
1545970403
-1552058762
-51466904
393141038
333551488
-1794896744
-2106927094
-760598524
-757612942
-1710764812
1910887055
-1392260797
-1759741941
1842696500
-1826849239
-1317810679
-1528688474
1250820988
-111657539
-701681165
-563329581
1246670162
1676088078
1755463012
-1151548968
457824044
-552800776
192182685
-64123692
1139108673
-199854737
-317168040
1777975046
-1717731376
-507358345
-1926822798
-1048829017
-1121310990
1651399915
-325103076
1601863141
1150404797
-765128373
2123803237
-450179933
1412781793
-1095575825
658857927
-1282501419
1915881338
648617117
1632790166
1598235934
2075074276
1964976350
-1735396356
1437351110
-2060246029
1959054410
-1367732175
-1125397718
989441076
997169927
1336668209
1261885183
409883746
254702980
594873699
-1104874301
1239657034
26598551
275279441
1208974906
-1489745332
1616038547
-1549291308
-300204152
-1626057744
1735708564
-14924237
-524419535
1117862920
-2022364664
346745956
1240560435
-1404602100
557330179
1408025305
-1844135002
1707812773
-764190032
-659250056
-475764231
609019711
-1775850799
1625494402
-1631408246
1806892141
1751596041
-1793747811
-228749592
1478405415
-1708104441
21307737
-1423564583
1686009278
1517886236
1360697319
1261797453
550620382
635292399
836704891
612495498
1495857425
286988673
1544005193
383393114
532175914
791820479
-1010071596
1471671186
-2093452070
1958112992
-742591963
829704626
-1354934936
-1890791629
699792801
-984446331
-331977156
-1896806365
1099718004
-1091189466
-237368082
662046764
-948222469
-632491266
-857684020
416695217
1076722564
475644370
-417478117
1417172769
1656727090
-1053101359
430188269
105330244
2057148759
-1175518578
-2132426784
1764620442
1476140852
-1277182111
-1762506948
2049721396
-1432326426
2140187855
-1244230151
-563935668
1797948788
-814274482
1866197453
275425524
509421131
1439242842
-1279488126
-2009485393
-2017116834
815297736
635397651
612348272
1509356569
1862974786
2029908067
-1523621323
836525091
629151558
-61604062
-1174879877
373772814
504323937
-1438102587
-381614203
-1881196045
1594232175
-316657574
-374489304
-1328131619
-1059862818
2139957981
