1793322153
831379873
-1999813025
-146319985
-129996217
-160111120
-1918835045
-1085080022
1394841057
720362375
763019111
2114725636
1476354682
1943380153
1432655016
1365365922
-466252630
-1441326563
642618684
814014017
-2037420296
1130788629
-1531916208
2096647953
786608717
-2103966652
315553998
-410539473
-1212568122
945175469
-743804769
1135452237
-279271529
-404874361
-1167237593
1936380472
824670814
-707555633
506335754
718335115
-1370666766
-1018939801
1785095462
-1192685110
467498980
1946496599
1351453335
855495940
-4169697
-1543078909
2108281175
-1853970648
-2018975540
2069097521
-1046695817
-1432355807
-355042931
-375942853
-1246567019
-1614363210
-2144403761
-1912832028
-40445499
-556586920
-1421267936
48927654
-468319399
-1938854186
-1585803386
337504526
1924266649
1425456277
-819657662
-1903978029
1033822030
-1656878177
-780418197
-823610702
-381277613
-96524925
-1694522558
-622075780
-1720220895
-1275226110
1277866419
1518854204
1588793868
-211233361
1146985275
312660807
-2031357452
346901598
-463530192
69872735
-829836277
-77479330
888799078
1540178637
-1230125451
1632815775
-174182110
1510075761
-343701057
1790268953
-1240981949
1880825732
-994082744
-2060943201
-1503741475
454870099
325045756
1198003362
2141986949
1643763610
191707657
1454103210
1620137532
143386298
-1424059144
111738142
-229010967
1361209714
826377160
-572633370
-1183880114
-1677919613
1897786617
1557792202
-1233972246
-435508585
-895876101
490497681
-25009673
901678601
-1069068507
-2028718448
808742248
-1722592423
-1130703400
174864775
-572501267
-1223498155
1660147632
-811660504
-1407613701
1845234271
-1145011849
-637513603
1391051946
1118846311
-47950744
-1170488584
1621121474
1060740249
-297691297
-301104055
-1646721168
1547147592
-1043760131
-1193621189
-1402797441
1411133423
1772411402
-396113407
288261260
-657025383
1917459868
-1552545167
-1153130343
1919266665
-1885233820
-1185712461
782177986
561725367
-226495367
1072194084
-1671588324
-1771271873
1232462754
-404950219
2106136188
429359697
-2044236378
102386014
-445940262
-621939923
-1682076179
1151156020
585273467
202975383
1581373176
1990154361
249315717
-1978299675
-1924795564
427748455
1856727360
695213734
-1198933077
-428607574
1935960412
-595271088
-2121053792
1518929097
-445093356
424817234
-459844249
666330358
-570642256
424342388
-210831016
-870385636
-655145715
762978409
306341465
1912599084
-2054196962
142755870
326920670
-43259373
-2001650177
-1974914126
488018940
504428547
1873584226
-1305236111
1641418272
-1374409590
675875405
26821158
-1050009965
-235663661
-1450887824
472628677
1654151115
160528916
-1829539617
-1846150058
-923031542
311986989
370384408
1103447292
461774638
417513724
1486831143
-1769348106
-290190756
1598264212
-387876764
-562492174
-771398025
-1624949063
337613076
-1235003428
-1227704787
108980932
1106837400
1796167927
-209804682
2126401025
-1039095236
381081695
-277034112
1247186978
-1386263948
-478617361
-1497353612
1752642174
-1238050349
-1465504304
-797036792
-1354939820
1400590502
1682944603
-769602461
1162050839
1988187866
-1820142092
1189846769
26621572
-737288869
-1381179359
-1756145930
799047867
-2109493429
-368978852
-1342544898
-175011597
714459973
-1697379530
-1804169633
-314421693
1667963825
1901961135
781704035
-166195753
1565156693
-2066279756
884424874
-1297740533
-268314167
-471538918
-1906468509
49095203
-605516197
-1945896057
1429981086
-81187650
1087624147
706612082
-95263041
173898063
580203429
1756352860
-656820207
-1366089787
-1491238512
1936044779
-161900309
-35549259
-1749096461
122387322
-1928796112
-882399050
1099555123
1199625117
-280847085
-1433489575
-1900302437
380894286
390998736
90428582
1322602302
371802976
1487815553
-677250314
1526965045
-741006455
1442228298
471299363
1675463891
-1420727865
-158263784
-283637180
-2040559731
-1398668358
2003843365
-717453654
642759025
649827484
506436864
822602803
770536047
-146778052
491327750
-723277668
-664144964
-1939099405
-1243901564
-617191337
409105694
-459043105
649726562
-1531066796
-206284326
-1395913234
-2105062149
-710736483
-378310227
711074614
930245138
1996826136
1909995206
649982700
-660832761
-18843961
1303888368
-158838062
1761070810
-138306187
1925995006
1095691601
-857803588
-1754633846
171638139
-1108698417
1049456247
1218153297
-1926836471
1672610683
-1200914366
-1485357721
-2011272251
587366715
1884281773
1979321090
234151466
1617198663
-101568240
-1065239759
1489118951
1483254290
-1969859370
-1010560042
1989709
-65406171
-659958784
-1976693990
1679337435
-614770797
-697540982
-1186648009
-751255117
1275550009
-437085742
-1299066508
166213923
2129936504
432687276
1134104356
-1771816173
-315973837
713410869
14502178
1263264266
-1623170481
1138232571
1083608809
-314831797
-1599780636
75470521
-1265449604
713758271
-1748473615
-539848457
1760751897
1602726857
-338677646
1083834604
715409028
-1912473401
721153660
608409380
-802605194
833522799
866545643
-1187408932
-847357670
1776424156
972883583
1515448059
-506319288
-1945097383
484406975
1203917930
644580536
332241231
-263739251
-2120061542
1218817133
-1070322485
281171893
1770400361
1209343597
-636629654
1408564322
686299111
559655623
-1960643456
2129917358
-1781917344
-1894572703
-1672566684
-336298173
785477974
-375852771
884509156
-2056395343
1414433510
-1229443658
-1467817249
1406893587
1826589949
248748675
1802560043
1604747452
-1692287816
1996318207
-1534947777
1498475493
820401084
-725048855
-1027709255
-111249553
-1900340660
1497125092
1251261391
1613322446
305264685
1646355972
-1560748328
-1585341587
1179929196
-477547795
-318335236
-612742782
-448932754
-1728543443
1723620189
-493736860
1411229138
1194354948
-810700859
1910591355
-21130787
1826926430
-437836895
-1848191004
1803379040
-1392080167
-1491863822
1911406426
-1404502944
461086434
-581980654
1434585799
-1128329198
-1860982295
1947557518
-1548076519
105514775
1302868800
900616430
-1790471079
-1985905515
-1530646489
620005156
1255913254
-919398281
-243915335
1134768823
-1756321170
2031289466
1984803264
1424639439
885713136
-1630408807
-1584447720
1704103820
1660599685
-1817226634
-1742780053
-1221585481
-1224702175
354302590
-1919487833
1454225978
1585582395
-1080318477
1574386266
983077632
876497689
-2077931428
922851927
127693702
-1449357399
-320435348
-224046782
1538336735
1343257174
-51323428
-537517428
-3985968
-148731554
-785598319
1238466853
529226200
139259760
-125759221
-668965706
-1100701573
1006055152
124766096
1708234650
-176285289
2053538119
-781905507
2119573850
2140818196
1018652931
1648973762
-435497955
-258972540
362606979
1061984294
106505883
-1015981920
-521462049
1839569333
-436790675
-517725967
-2094957747
-350297048
163347459
-78386378
-1428163361
-1261633563
887310578
-407334139
1753997491
-1702013344
1744350017
-591399701
564527842
1506333236
-1500683470
-821940466
-360373467
1817775535
1833981448
-1163336093
-1894796548
1541533574
56027485
-246837487
273863264
-2082874397
-391210158
414024017
-1695935436
-1032818250
1625378224
-1133846772
92315217
603711448
-692923345
1473313950
4080280
220011698
1976586107
-603046590
-1559283006
722630455
1963554567
-21979732
2078644592
1619977213
936101687
1956370944
-1199928202
1407155599
1919865765
-911554361
561345241
1853985621
65228482
2005153414
385773574
1777854215
-1177696515
-886500097
880995514
204887422
-1119043079
1375934005
-1266497090
1918354416
-1727920924
-769025336
1166164589
404522332
938209203
-172968685
998564738
4014552
-220648055
1209598736
1551983892
223285932
-950789557
638345284
1159625413
318882817
-1079740901
-1881975092
-2130311005
-1411139396
1426916481
641434345
1129275382
1910556790
1001117087
-2128059820
-1157806124
-440704180
-1689136501
-598202587
-208682448
-1349771197
1294401315
1480541903
-1735662236
1196959926
1135981033
-66285654
1493310607
-1189835471
-1980067066
1149112951
183352907
269163745
1841119108
-1021349644
-500202942
-1314229148
1842536719
2123745019
-706515827
-767227934
815712206
1228987902
1804170559
1998449659
1013950415
1493523260
478322582
-98579556
1905468670
1421042453
1585579667
-1885989253
311476016
-866808088
1003662307
-2011012422
1604090732
221158076
-1856380020
1171256199
-91188443
2143771530
-556775222
430463864
-1413025954
-484829452
-2087927407
2052694145
-1167225751
-601378810
-46307923
-1217065191
-719681238
-695762709
1536081888
1495937193
-229593108
1326367691
-1936258039
747188498
391036579
-306201307
-1613227154
1426364644
1299482656
-888512359
1006979039
-1199438998
-1983569785
852048582
-1509793627
-213430996
522403750
-2137350274
426377731
-265288125
-824764210
-642413202
236869369
1094862731
-1955098446
1169510574
1692872849
668461349
-712783260
1270623609
-49439213
-1052880514
294094726
1094101800
-2105421363
-1055507735
1987588402
-259973716
-1345608932
-1624809302
-1990517217
134027319
-25952338
614991820
646420793
-2062205511
-988115924
-899117998
1256866444
428429395
751398371
-930304526
-1103941609
-560316925
1666673789
787200520
428970935
2119814693
1780449346
906002605
-719960024
1472417425
-2058071894
-100531154
-82075672
1627740991
-823193547
644186781
-2036416784
908405218
657971838
1400332822
1560173854
-519310405
1434349657
-730413192
-25943352
-1408609664
2125274449
1184974978
-985750368
-1492066451
1515332297
1629131959
-1445310514
-2076915378
-1143835263
426322502
-361114901
-295989882
-826039109
445851691
40245087
1235835740
-992371657
1073740910
52156876
2005594822
722335079
-717148217
-67184615
-1762739328
1944762147
1045702084
175395585
362592760
804616524
186533306
-1839938005
581116345
791093335
-2059441424
1271565207
872075912
1494690054
-2035725482
-1789962089
170412231
174911147
1345621325
1755103107
679547581
-359902634
218628055
739730713
1567070616
1573659880
858716541
1024342368
-570901703
-86792232
888658074
-47224330
10696270
-1678751016
-1788062302
-583530023
760042994
1754024641
44199226
-162895098
-1383612478
372658404
1467718337
1156013444
1664011715
-1220628722
771431618
-1657262416
1755821791
11261162
-192797155
-1316789582
358747293
73674920
1829637673
-1900834313
493785333
-1186277594
1143324237
1035745622
-1440194080
749177803
693344948
-762137790
1565639184
-1686163552
-644671164
-1314854069
-1090176357
640146023
54551531
296785791
-1375429882
-1900180305
1785843356
-815654737
362491655
1050491714
1341061140
240563820
-1444320015
2135774050
-957359807
-844156464
530493951
-501233012
2115257861
-521471241
-1932608044
-1661153195
1247699936
2124777229
-1128671694
198054727
-1445086432
1570679564
1432354972
570850340
1783552179
-235700927
161888385
-1743747522
-1903666359
-1675441792
1673660590
-1743857718
-687189783
-1518171614
-1359300586
852698476
942419984
91345827
285916900
656493937
722523000
2126088769
971945354
1349873831
1621104709
194979091
-903635891
2001128209
580416317
691622121
1286647106
-932531874
-1035054049
-2126943789
-1365669143
-452298020
-791320289
442667489
-384143552
207182698
-1090569322
-2053045384
836041416
-1743557967
-701615635
-1232886478
1068572467
888053855
-729984572
593181331
