-846048364
-1802457054
241511713
-933315033
1941869084
131759983
-1849290988
780550551
255212510
1655706182
-728657055
-66428890
-418896971
-2092830231
-196374317
1065727032
1945000067
528060741
1173132878
-1353380028
2007736258
-1986088786
1804488582
347383500
1431590122
1846244197
-118865794
1569392773
1779344516
216833029
-220015609
1509936458
1600434075
1963346347
114886799
574556912
-2070092241
820487471
-1603866100
-1750364472
1082923652
1573090811
1394220803
779971739
1056178693
-1273087542
-431551163
-1848790007
-1750878436
-1269492999
-2011578169
-1668631310
-2910057
-1097510631
1330090114
-2134715504
458782751
-522134803
1243553311
170166662
-2013841366
-295369944
2076890245
303692580
-1458626601
1253393684
-1615304638
176207751
206136897
1122870208
195946498
-162441320
196738218
-2107880670
1638379621
-951712056
1437468246
-2067064674
93405308
-1094899270
451588438
155696062
-1104911470
-23982656
-1187857888
1283177028
-1506833421
-1494173822
449708914
1682794319
933399072
-566245517
-2142549064
-2142582757
2015399886
1705496229
168062979
-2065360997
468539447
140514230
-1470039522
2014952276
-1284722623
890811864
-819400824
-46572938
-676981017
-515555113
-40997454
-578856053
2124014329
1770927564
-270720763
1487731918
1957833794
2080517047
1627744006
-1787110318
787868501
-348136744
-1818445178
-104436451
-1104706060
1268617041
-1470094200
1664864078
-748476004
-909158840
1937778409
-1549738619
1222745564
589414802
2101153302
896333728
-292969844
-578912653
-2009795096
-1812038256
-1602249542
-2107737164
1681926443
-556077276
1382073230
-595368168
1669123456
-2038242389
-1805940194
-1662512574
1415587958
-40144438
-537064783
2136688850
819230669
2137652807
1999454510
1714266416
-1143036224
1717598603
-1350208519
-2034394472
-180838595
38958227
1406504656
-912269487
-2097445913
-898922439
-1604637036
-2026144862
-1462882798
-358232825
1746924223
1378562116
-1935681876
939187649
-1002169787
1747642423
-1677403823
738215835
1617155910
1769373444
-1479739664
1149152830
-1170954669
-764503429
-938607526
9039991
-1843930142
-1462087277
-399839939
-540126724
-247821722
1018819229
-853169654
458918450
1791866594
20134784
755367648
1303039071
-628757298
273384857
1274731670
-818350027
1697058274
-1909389646
-2063599497
-393358202
-1467285401
376648424
150057967
-13857580
-1971942772
1030715151
1242497131
653535928
536297743
-1249707253
2006125252
-250311741
-1058254019
-1000078801
-1257724128
518744429
1248783950
-1547609504
-704241253
-2054538678
332460130
662862561
-345474030
-974612414
1132911024
-85550701
-938478167
911118116
-2123251550
-646932702
-1146132573
2114182798
-2108984438
-1024821736
-2017176572
-489238090
-1238153143
992101248
-1413605369
-1336873823
-27943804
1212359567
1088098628
1740658608
558495338
283569330
-1901478515
536474608
2095724453
-325769216
1141952512
-562498058
2128726454
-2030276046
-471519421
222222750
-2128781964
-1353909516
-2051226957
-430679839
-1630821109
307967176
-1996326894
1693509068
-575730348
1550891657
-1653238670
217049379
1886625439
813221326
-1152312845
1007512627
-79013243
1171702216
-2143384329
-285303875
1656970097
2028440263
802534693
1443099341
1967444588
1810228217
551491334
-853904938
-600394124
-1070665552
640236753
-1663419288
-520996941
4774153
-383085083
-911274613
-55387883
-682719663
1745957383
-1604885749
2059009499
-1285226073
-314890987
-1908311472
-907977942
391989976
1192590245
1000120134
-1728609911
-1939708917
-39849389
-1716841688
661065717
-272650238
652407498
-1960262109
-1388963800
-2127427193
-1701197540
-2108368067
632177029
-86612651
1369872104
1130581940
1023851394
631090278
-1824861618
1819234181
1089310277
418274204
1182123360
1493549364
-92743521
1581949295
-2065736486
-1606935941
1824824200
-1156068338
1373393579
-812371926
1925951931
-1578910402
-422906984
231993129
86777246
-394927318
-399198576
205572677
-438960023
1916069289
623622038
961232317
233622046
-1715969242
768729152
1635821071
848352539
-84743329
-688549150
-1892225727
-192642479
-1486205113
-725049534
568667754
481083312
2046630719
-1961673392
354676704
-283076011
-532702916
-217428787
584598312
882931331
2032706794
1638558523
1686610822
2107019946
20729644
-1433824979
307502687
-1217971527
1689837664
1122322997
547023569
-1520341075
1529112454
916390359
-82895346
-739091567
1337324234
197661444
-106096685
-1999240143
-462141329
-721026602
2137576699
1425514058
32533706
1973699580
1551270446
-572851161
-1603248552
2140189949
-623857698
-85479867
1708509727
1343921248
2012413669
1335826813
1840618211
1837299125
-489540825
-1069389529
-1362892926
-1262347910
-463637118
-230239201
-1668596521
-610815937
554184133
-574751548
-456136776
-1315496284
512119345
1442128221
-669843608
-288052633
1090177595
1750486388
-420190965
-1533954946
-817762771
-242960346
-158757835
-28285652
-1950306619
1112460446
1461154671
1037387049
642833479
-83866380
1688162162
-151580878
704810827
895398847
-249721346
-1875927668
-232949043
893593906
-976402095
-252253637
-593307167
-2139080827
-2143991249
-1307556239
908188859
2107358632
-844896088
-469231530
1253740129
-632346386
51769716
1326430846
222469012
1046145298
1347642343
-786621446
1291840649
-1869080544
-360538722
1532627395
-869532467
-1894377026
1932305828
-905871168
-723103647
1637835077
1608870778
1942972048
-1244311240
1719250527
-754103521
1314575781
541929472
1285348640
-899379765
-1083390481
1340592307
1402876815
222201825
-631211750
1622913561
347219957
1784907845
-1837286440
-1685221638
58081735
194624135
434319641
-1845216306
368623072
-1567786159
-725710744
1943361894
-339559361
785959309
-1871535053
-1747920513
-938130304
612265559
1644758541
-1567543966
1593721654
-2028052512
-1006304260
1529186926
-2113146148
961906634
-894947408
-1387523523
1705992142
2085986765
-995850856
-1325882031
-549045863
-340911049
2037672151
-1747202049
-2106733227
1922995716
-8852671
201027087
1421372645
-1840700101
1936531326
-456878334
201690621
-830992858
-478670215
194823160
538539595
-177010478
-2032535071
735337979
-229093876
-1417918261
1920224608
-52244466
1245495721
-275031844
81907106
-843513659
1564873157
1256476490
-1129105289
-783883014
-814537247
731331616
1508432992
-353706184
1114880910
221551475
-228696116
1539312972
-1238972746
2061151315
1270839826
287809486
-2098413692
991280454
1406718136
508013943
-1598608973
-738305229
-996389799
-1883543947
1069692425
-1997028588
-663341616
-1386109015
-1495367895
534335800
1424408256
-1794181384
605685222
548325720
1680476373
-881395150
1957305714
1233444939
-706538113
-2099650751
945528831
375785083
-444276861
1145166921
-542989269
-1699989278
25947873
2044866931
-349240556
-778595578
-4008245
1772994934
2009387811
287900246
-857406951
-2104425413
2052374102
-1371660050
1007592760
1545983608
1366515995
58345415
245440824
1586507882
2100070176
268762871
-356510854
-1339740178
-1583841619
-821032202
1628802501
1524108482
1043930493
-671785930
-258901680
823530777
-1975212841
-1211641490
-1461788064
855685893
207499241
1304206336
-1886214334
1666865964
1775875547
-185553656
1277321464
-1670967179
-1324939118
-668245387
379766271
930000140
321770118
1118488468
-848600453
607284773
1457023180
578920463
-308323102
132737163
1395671872
-1153535692
-197165830
-916194123
1127364242
-1427648545
1583436798
577103776
890500529
-52467572
-824113248
332916617
-972148456
1010866868
-1036891657
-902577370
-1301597437
-1807061387
-371165934
-1571318082
424012346
-1706163881
489643168
-1470839468
1347314042
237286400
-290294815
-146019457
-1864257037
-2008139237
228628857
-1021964231
1660671735
1062700930
-1922803009
-1119576729
-1462397258
-1536301659
1832731353
-2077991383
-1346810918
-46007736
363361806
-1558516076
1313664293
-327550429
68958925
-401198973
-2092953108
398772583
-603290556
-1943718326
-173050572
-31878559
381742848
2078553343
-1061296067
-83522943
959223886
308553997
1240732836
1982286232
769398022
1759975086
1709736739
-1544992467
811421823
-1343923254
1670351286
-1984653896
-2134435375
-1496671007
-401948261
2062542684
-1707730126
1845960093
1969414174
-1396514224
-568908170
1898490887
1752057944
42831341
31999162
-162456875
-1923380825
536256165
61659310
-1073854789
1845004169
-1444539096
1436581681
83794999
1072333386
-1993310048
-1775553592
1325261428
714934460
-961943934
-1587767555
-1622793132
980739404
-940550722
121831034
2114392985
1569927503
1613732407
1582016237
-163612688
1002802999
533637434
-65540931
-538249327
1503399381
-2133417826
-1012449094
-100290785
1379860141
-409149585
-2056995876
1741078077
102678155
1833637134
348146664
1384044666
1898378115
-1839828357
1544422139
183314242
1691168558
687176152
-710711787
-478221987
1740317824
-1112794406
991401978
-43329527
177633351
-16713196
1167964389
393550248
637388735
-1231755992
981083915
-1306802137
-1771227458
1864754483
1555592949
-187227054
57223341
-661929603
-1191955385
581702262
-585137626
863653851
1568414848
1490646706
-223013334
-2022101190
-1319455191
-1056810860
-978223303
1913842360
327954521
-1784903413
-1020424721
1468390562
1076514722
316500792
-1085860001
-54098441
1193865818
-1653645228
-778245387
-527501604
1061565081
-1208036118
79446332
1254864922
1811095511
460468005
-965184040
1168452886
-318412193
934152134
1608324866
1482272581
-965065839
-1886530343
978404151
1687824189
1548485043
-54023281
-672151333
-1870708587
-1229701251
-1716117649
-839291066
1467332622
1117110611
-1489479420
1887888232
314068461
-421758806
1757458634
1072029324
-381850822
1257990436
-1992515330
-249940485
1278692388
-967396081
308290446
-1384197531
-158092661
-965921993
1976200885
-1919163153
91225844
-306056984
7244688
1382305832
-1209836162
2064348466
-1884699209
1403137304
879079623
2123055813
1332495775
803152958
-1371495086
130092095
-358664760
1959155597
-1798409519
59297230
51407154
-1168513285
1856412590
-1735060273
-1816308812
660969879
-1858474120
-1717592287
-28378091
-1170470767
-1698548468
-1311685528
-2088726102
1893450502
352403877
1318852247
-975121103
1259110302
-1058300132
1994948015
-1452507907
862458919
-2071935732
1340361825
753654486
890186700
1673612078
-1251504757
-1312255308
-1309617794
1264789841
-1119038084
1675253854
2081011669
-1796647185
2061677839
992158203
-1062988136
-1421245384
1126686384
920532966
-1433766708
-1777114536
-1488238019
30216555
-1148676651
463141238
1158727539
-593560200
1098850493
-457816887
2010272612
-1335761511
-713319339
1573645689
-784549273
-1431534301
1306820159
709339201
-922583584
-1509035923
-2123853151
-1453344191
1870098265
1452486480
1082429874
322883593
603329487
-339154613
-1547286161
1260774351
-1443919282
686531704
1732259181
1101172858
1917781456
32218327
276263726
-1185807229
-1957584408
702234757
-1286951274
-83514459
2122417597
97156730
1877618743
-307080293
36921526
-1819794391
-1008291952
-1657061670
27996
984186473
-1538758850
2001440892
160233501
2029247397
-2035503260
290218550
352718187
-1193997829
1315194874
-398869671
341598320
1188111828
-607741515
997230327
1026620733
880883106
-895809973
-1967238122
