856221269
252349586
-677224300
-260538992
-1749991397
2124008043
-1278401530
-105507419
1219969601
2136014972
-1428069984
448945535
2021099042
-1882406032
692613759
-337277367
1835739955
-1413849320
118414760
129086426
808720644
-1790291779
1931838340
1826719424
1108227826
-651916609
1522213327
-506171094
-1883168121
-151225119
-872061240
-548257399
-91100418
1479923840
202890967
-1171354334
-1814149763
-1669058848
1522346955
-860738818
28073013
-624504939
-93145088
165792374
2015788292
-620027110
880238719
44243641
1835973036
-166526171
-934933953
-941815826
2062217911
-18726960
1533857417
699663997
32557869
1956510462
1768213831
1239520015
-2110425211
-1701460925
-408700521
-1032746481
-855911271
413150362
1997510696
1573425283
-997459584
-51740949
258856666
-1616984873
-95652148
-1431596091
-789101962
946280530
-1948008471
2059299901
1050339826
465209670
-193318163
-1589121653
1432721832
152316593
-1775431970
-1547323348
-2047785531
-1853473541
-425324342
262074422
-2053287281
153861914
-150402119
-1594064050
-1811657380
-191699386
-1340146864
390257826
-1673056321
1505347966
-1740588297
1764670912
1470912199
1398497748
-942501388
-248833257
-1569664545
-1530636424
-1860207713
-922661164
-25196841
1134592609
-1056516101
-1501740356
-404388226
-1466860909
1914907155
-615299887
-855068297
723448070
-477920749
-1547377863
462523786
886416110
-645506800
-1923124411
557682336
-1972541521
1711677467
-2077262006
1507782558
-1594339818
-1967638533
1054475783
-947735766
-1175096584
352081719
474814157
1512177954
1627996143
778286864
2055721590
968305969
-1418626157
-2070748254
-224764484
-168327898
-446020460
1413093172
1912206608
-354488139
-1449332266
426744962
-1096749175
2143701463
-1201682924
822390102
932688867
-1315043093
1055189921
-953299120
-1320234227
-1996553959
-255701173
797641838
1134712141
1856437243
-807366415
-1108484817
252208721
142880944
-328670011
-440832672
-434699557
142401838
-1020246500
14036727
1043272289
478375503
1334427305
-1089819059
-2092558234
1234452314
-97056470
1626638332
-2014655319
-1005560778
-1712604533
786795982
1896705617
1847959725
-1557620326
-705093495
343782502
1858307819
-1294887627
-1937078428
1291271761
560490661
2018198752
-1021703475
1051826846
-1881890512
1803162924
-1899954989
307929469
-372617723
-2085523228
577856809
777767313
-79986332
717930315
-1658695012
-1297281017
-1264519307
245451085
241013124
1327384913
-1339825827
1289705065
-499647470
-651806047
-276789859
-1634443536
-134114220
-1426026249
-386387318
1453116784
293587523
-351575960
1398975000
293140015
975606071
-1238531163
56097691
-497837468
174771396
-1485641380
-289400495
-1891951196
-1030830056
2024411302
2100853178
-682350449
629340284
556169565
-601973677
-2103270757
-2080981314
-458877572
-2079951312
1714035650
568981585
264691608
-316995131
1738437175
-1093164784
1218478752
-2042840695
665789612
203122738
-377435098
952936897
539858208
2129300958
-1843741378
1853854514
-1888951699
209815001
1322240298
1426722315
1355962927
-155971394
-1307817358
1538444051
-2033226566
-679069518
156062898
-2063875215
1286690370
-1872950205
-211561488
1889649117
-886073055
-1045040311
-749268798
-1447948121
-1053659816
-1821473095
311349007
-1788617730
47384848
729261447
167254554
700569853
-348123850
703359092
-2095921156
-626794190
777229823
167640747
-1418319332
1886078817
566031743
2027964854
-1064251202
2046770080
-380280612
-2020413923
-1059087022
888773665
907730498
-645547771
-1808427593
-952196392
-859040105
1551985632
-1599146173
871525253
-1511685161
-459379748
-2051358477
-1432779338
-442146928
112847927
-947540147
924080639
-1350544884
-1594157451
844344669
-945355162
1004751812
-1321207395
1413202587
-596087052
-1713718301
1447077700
-1670420825
-948409476
-1607990920
-386614676
-1833754673
-259885211
2085822011
-2012024695
479538178
-2095794532
597369741
2086582748
1357917969
-86311803
-1775480100
1604304834
-508505368
1472982485
-1698770105
602396997
1664634146
1796663444
-459624937
1666970867
-1684122369
-254095902
406150573
-1819061835
-1034134337
-1135800646
-105394095
1635477708
297618224
-545768104
1102551770
-926871294
-955216145
-1067967113
1530519928
965889369
1955688085
93352029
-1925055165
97550677
-1450093124
-110314576
-1897356862
-1141499971
-1375420214
-1573679865
-1728998002
-85282612
-214743185
1890156877
-871338185
-634660144
269160814
1304408729
1298012593
482709480
801341780
-1413936559
107323174
136270182
-33735861
-1339601970
-1553426664
-1718512110
359311424
-1946188441
270606579
-14337526
-314149298
749185237
175165470
-515222769
1110019844
-1748923392
1560040518
1581880453
1837157875
46365852
2128981162
-1692358351
1638474831
-1381500406
-1936836335
-1041915065
363699520
1971395374
-1162941411
2099797884
-1990871607
1121769807
51015121
516678518
-509429152
824166006
-771825087
-942228
-719172293
456552035
-1306489627
-1018985160
-1395627025
-169828292
-808460629
536828733
1385840559
-249996124
1439804174
119706877
-1169453875
93683539
-386329108
552504076
-2092933637
1732010434
2055342084
207326437
-1640334305
1592297935
-1786491787
476139016
-1457544312
410079659
834643920
1799957722
-610979784
1830494140
368919486
-392085813
195785415
607924251
1855565627
-1119714693
-1547858001
-347716725
2107554673
1674886067
2057954009
2119389886
659166763
1274624859
1495401527
-520736693
151892602
1813096063
-1344141297
564248716
1203779268
-1762530304
1090596022
1931279042
772288116
1937224795
-1864887152
1487903062
-563966239
1564481108
-921758583
588082906
941484801
1336618590
-1996143052
-556066719
-2062337665
1710224701
-1680951888
-495088402
-977835138
925692869
430363833
-2013095309
284658858
-1712808516
27333071
1705576425
-600140573
355961717
464898288
-519544121
227565196
944263827
-1960836322
-1494531570
795389579
-1433298027
1479583964
797485377
-844685315
2138264794
763388490
-1695292618
9405723
430898123
-1957811173
255129441
-828680276
-842812241
-732986214
1877831912
-1093848951
1433795802
1412465583
1340033819
-849359497
-2091799420
-1642182484
-589509814
-1671409243
-204336818
-2035298100
1109947484
96633936
-864033659
-1580527437
-493899708
-1356363612
167714727
1664744549
-513838
-1567304733
-926252851
-1262454499
2467946
-315372112
-2005815911
-772754122
1406972946
-607254472
122939980
-976033114
-1123382233
124066937
437457130
397646601
1802866406
-456336601
-1706260168
-1488309362
1875067683
526046972
1188125075
-1471393657
-686800698
-113182776
1509305802
1443999622
-1481478835
477557480
368633995
647362753
-1830238787
136650168
-143478257
1418859487
2031767950
-1106612951
248900454
-103641506
1806126471
1528566779
-199042700
-2030526650
-1744630792
1091544050
-14210789
-978040113
-362913889
1861500929
508458120
-568138963
703668858
-1482829627
-1591636467
-1268153551
2085140116
2035513702
-1029386945
-1309165382
1557376409
-669015628
248826080
-804840286
-514425321
1290572442
-678288316
-1506829641
1974240640
-637623497
1062040964
-1591604471
-2038933065
-1643832657
116739424
1250954250
-1166476394
1017307867
530333131
-820949355
602314695
1244903363
1512502759
-1077964609
718667174
1403941193
718881263
1931380507
346535129
-1071669643
-1275154623
1128051879
-375457581
-1546994989
478653900
-261017564
1087924987
-2007241780
1069949655
-1730514332
-1511848771
-1307783798
-1336687795
1786435918
1811050596
-530025464
-1260739093
-863660024
-616245262
-1979279455
-1187896261
-1433467817
703739675
1222119095
-708169262
447869819
-2117736010
-221279936
484327431
-1846683038
1896976037
-652399372
-1070150605
1964667660
-1840631086
-836917102
1852165058
1304495682
1241130906
307891310
-735494071
-259024287
-1376177213
1941607641
1526411660
-1332373280
1332387655
1225368047
1268281736
-386354524
-1434690104
202722174
-188780586
-1034300794
-1342552046
-1923725767
-997265873
1524441033
-1004500091
-2139674118
936977434
-712509779
247504024
1472394479
1784395095
-1056985846
1270711979
581843096
-1337233268
-1121003459
-1785558764
309470430
560895867
-547053676
-1636780109
1252288825
-27356171
-861158408
1823665008
-1218441882
-790431774
-1753295297
318797871
1117667854
953307333
563922518
-2045200562
461378146
1312290344
117395639
-1596807053
405976035
1790431133
389038138
824529542
1148900216
-1331179469
1482562557
703166367
1306243810
1132269931
-2059882220
315841545
253366802
-911674405
-150778425
337387652
319563806
837243807
-1523847155
872182565
-590827439
-1996270661
1939832491
1611730993
-974310985
106157568
1913643285
602163482
-2034391635
-623878957
1501730083
-1658575952
-1004920899
-1255907379
1349828806
1970095334
-2103382979
310762073
-1713526100
-30497607
1268348816
1606303427
235485888
752416141
-236506455
562462841
1267765632
857718885
-413258102
-468588635
2048982502
1245666415
2134231947
-1081470886
2125361555
-2052444160
-960048967
1791338459
675516910
-1888067958
889344520
1308182128
1530938285
-1331856819
2051249722
-1878718327
1330395192
1777289728
-2090082081
-485555002
1746938506
-2001479623
1482183325
1980742532
138491611
-1147656154
-752295672
-1625061392
294843344
-1481204368
-458399770
-1401557230
-70678485
490129713
1300456198
-1348653248
1209652190
-553887762
-1487682425
-1073240647
-1926404533
55753909
1401776812
185929223
984398578
11525480
-1338023667
-631155871
-1354798361
1206359270
377880767
-1793691246
1754054681
-301153352
-1172263856
-1036014126
67014248
-1604098410
-1632814891
-2083050769
-1073880210
589185058
554938282
-1522826107
729396381
1671568834
-1210152578
1507037490
1587931631
-882230608
-2072068292
666975832
1072661717
-391945315
-726836592
-70683419
204378408
371368898
-269923052
-1534914741
-1287130381
1803585747
1994869475
1278870219
419388377
-1115029323
571911656
225600825
1445582036
510996091
-1531483313
1061819390
1564058747
2134080955
641376264
1632162983
776587197
-1938394145
-1030471487
384464768
993701487
-137899302
1390465808
2023885112
-1869994101
-680947893
-1233413456
-2057524035
-420524866
-1568388094
1945753353
-1032284460
-1049214621
1515838467
-476671175
-662887379
-780599118
1053392219
-50202449
2098276448
2026353880
-687071562
-131172763
-491191351
82906491
32585601
-1036924289
-1065654865
1784497094
1461199262
-1192740749
-1448182132
-1607699698
2069421102
233903320
-462921620
-489024828
-702893432
2146831618
706342016
1814057821
1004879794
491430446
-291196377
1054829317
1459595103
-1764961789
140172601
1382098527
1660711925
-1740698917
-1362975253
-88192783
-1610122949
-1459709965
413099264
-1907740262
2013362306
-1239022472
-1338417983
859295470
603417808
-1049686627
-438308671
1447679462
-1163609530
-1567181577
-1764515306
1932371393
897635871
-1338555415
1570358845
876369476
1894262489
1569330887
-1089473886
-1007888225
-1675756959
324521060
1077540304
1753985724
398258272
-1567403352
-1135766039
-245221980
-308878675
1862190485
-1432010144
-182661383
829832027
1891900615
2037034333
-1093804199
1634251159
-1219515303
532234900
-1010193122
2114997513
-1853964240
140522764
314946817
1953040623
1321546086
-1830737588
-1954782237
1056591088
251204940
-1688583307
371103973
227539298
1764260622
