-1215620272
-2013001667
-1558053377
-1336250329
-652857715
-1785598656
-970046387
-1030677417
-525150882
-2104757339
850158567
1029296850
1191220534
784629269
-2126218096
-1952122949
-1546325226
-1612004873
181452043
-1982186334
442659082
-876980386
1865587309
-734579411
1854120864
-1399672839
-1256442145
1169093023
-1063067999
-275270350
-1921664990
-514678621
549494189
123437482
643714563
-1520011315
2122890137
29165570
394076516
-1453000445
778664563
-548426794
1081949497
1246294721
-1248358196
1993507610
1382348482
1500100922
1658137033
-1151831957
-495406843
1613989173
-1484093638
1423082649
-525169521
-744113273
-825581329
1912996944
-1693579140
-411694207
-1823156065
448610234
778725136
176718805
-1279959952
-103060935
-1507375245
-1007184380
-1906821386
489699701
1991521952
-2108000942
1047754038
1944629075
-830511209
-996409542
1748319763
391672932
-2059320580
-607702482
-567263996
295977793
7232843
909169068
1427346319
834550068
-1666258217
-540451369
1659207162
-709702852
1005823746
-775532652
-246026997
2113526794
-213374878
642169284
885382810
543112050
-1408888962
-1750267795
-1418521919
-1481973302
-675446352
345379091
384503332
321164497
-364568873
1466701098
247060896
-508814492
-497084871
-893562424
-1858340499
2099874299
-723748571
966616394
630032912
744013687
-1892949736
137024698
-2046849222
-1589052095
-654380729
-189683713
986356808
1102591729
-1159546497
1595422367
1325909177
876411211
-1202217168
805378976
-8599291
-250942619
-875422087
-389043637
28016123
-1368776724
1290436478
1134085446
582756908
1919217560
1303639822
1134372662
404137932
-1454379503
324125509
-1656987768
-236741733
505584024
-1909177040
263635050
-86104942
-190221242
-494904896
-315018538
-1557189045
-1297928386
221565690
-953600246
-1339307661
-1256555275
506736981
325797198
-19665232
-530289883
-24235238
589159754
-570775258
-175454924
1266292809
-2064619953
-1621925764
1666985323
738844792
-433388955
884385961
658387047
-1952412103
-1066633528
-1894531516
-26581395
-741127665
-339602128
-1687627946
-508637303
-1450144030
-1828137223
-177535099
-1046331962
-758110761
7187604
-1804867420
-1930816961
-2061296654
672978863
-1061283312
-1830909431
1928714
540029448
-356101592
1117791822
1536764367
-1117626177
-1993156429
20506717
1175153459
-758703051
-1430972302
-1536460889
1547417659
404937056
-540798397
-215211633
1476244210
768434168
1582435875
816734308
1259440836
-1293262780
1756994719
-1353811127
-672806199
-2013714821
1144166160
1378546449
-576142624
-365798071
586007468
1338213920
1506666496
-2019789990
-1340056944
1328649714
-1402982656
1478955538
121309719
-596690755
728472299
-1329822426
-164927740
609992325
1176310667
-1925067630
-1765682687
-310387721
118587416
-1317240451
1579137618
1270959436
1631950522
-386733219
-1851963440
-605244663
810239550
-491970390
-799629760
-286737899
-1985177334
1297628164
790426776
2132280461
-2117245697
610092033
609259807
1950306596
-487153672
-1974141914
-58281396
1207694388
-503846233
115545661
1163119760
-638140013
-821884617
1698064057
-853190765
-418601855
1357678293
102245291
-2114738804
-743338979
-667399884
-698838434
-1653421783
-2021145263
545679522
2033565559
523993384
927615203
639328935
-2011995645
620530639
-1170608692
878535023
-148779023
1439128166
-1120872135
1121886525
878226049
1861120482
-403125526
-841105078
1642071417
1930738076
-2042909233
795613660
1952154621
1551457456
-2012926001
1439733421
-345291408
-2079506280
-2102509113
319619297
-1274785865
-929386927
864704045
-762375639
913717475
-2003320538
853546107
31007108
-147943434
6437711
731705532
73328820
1822470501
-187440774
639766829
865362117
-592698513
-1110245220
612354214
1567624571
-1360785862
-1777576454
-1399910124
-1629824338
405261286
-1106815635
-464394167
-881293126
1584751201
1159685440
-991320790
-2114031187
2144693704
1402001368
1797140041
-392228377
-1817837964
2144331938
-948333420
-1292483216
320240029
775765123
-102206324
-1078406548
-103457173
-566093846
-718965033
1880521619
-1027121727
469116499
-34976226
-307721971
-1575338434
-1971510613
462522706
698089619
-1824486765
-327977050
-287826657
-121101441
1918831364
-1113932118
152008736
-1090176221
-277342139
1759619364
-3125539
-1331508685
950547329
2052401391
1649819135
485981475
-899969533
-1105620859
740166218
1720916363
39335655
53504611
-1146585217
-2087647181
392707034
-1235163690
-1116704297
1785159494
-424721772
1909310761
-1964071245
1057543814
-872844082
1579022242
1132145982
-183219513
-1396386202
2114446859
1688345402
201968869
2003662073
1552727564
-2063575965
-562053837
-1588510788
-1616666433
-419024729
508996447
185916530
1080477531
239190875
1302818668
-849417183
-1480385899
895053659
940200299
-994210785
1906000090
-554265526
-806244744
1117760506
2046870481
-47657253
-1509649657
1251547679
-1278964526
228303137
-512582817
357713158
-1829660566
-1223168478
-1809140341
2124566900
-553578186
-1505559950
-1506418011
2045142249
2009814368
1089456148
49796840
-22769236
1586521738
1503545278
-199889452
-871718772
293278104
-262267032
1114043281
299063411
-1662321846
-2130261442
-2056826172
389540073
913044008
511982050
1993268421
1901909894
1871088331
1396753756
-1463438046
1678258396
-1523895048
-565731775
1282618674
1555614038
-2030858370
987178405
306711537
-936339986
-1811676553
-555604659
-1320970983
-530224469
-402159872
477042387
1011392812
880492699
1868503844
-720686712
-2122511780
1681868132
841742440
-1190611672
-1676376616
226777825
1035353680
-538294291
-1248495065
-1745241874
-1159330099
-779328542
612876044
258765657
-1558446653
1759147633
-222001247
1709540088
1451076667
769816328
1350880627
-1798723309
-917209610
1441731785
4404344
-1651220342
-1444113412
1265074090
-1174547374
137989874
-2140199709
575809324
607121765
-1954217278
496670919
1748683463
557344094
339144478
-1869853496
-547699847
331033968
65768111
-1313605676
-1549976572
-2088123059
104054801
487925491
-1692344534
-1555435477
-1245795017
-935480479
1380478253
914902685
-1453201527
1644088643
-1381036775
867471078
-1233572004
887284403
-2052640523
1670082470
974844844
-1486263494
-815893899
8227683
1775457283
1407548362
-1283939893
375898384
-1833097503
1788348311
-766276902
-1857015438
1636340936
400097886
187330975
1612920167
1172290316
-807513764
-978015486
1079123075
-101024473
1045706982
755058666
-2066949377
2135226170
-1058553222
14712941
-1023543569
1312699915
1913892455
-750235952
591646286
-885340762
298375227
-1302321805
560399302
-1695693290
869816785
-353072417
-1858916184
-591340770
1219086286
-205735530
-2021583668
-539239049
-1608713
-1986853693
-774550370
-39635467
-121726609
-1596968162
23585872
1331389249
1942568984
-1330202548
-1461659400
1212491655
-1835384805
-795662109
-1502467386
-573936568
1279432672
1109064091
-623869057
44367607
307834764
-196676074
-272131626
-1442077022
-1223991711
-1060633312
-773245145
296233416
-48229339
-3128978
369817881
-1389670778
-1799407642
-1372718695
1193206429
-670986455
1534720434
-26136294
-874673394
1295613413
-1269583322
274533691
-1637329209
1285503976
-1372923450
-1902342323
1540218163
-567702990
-1824162155
1532382095
2061221922
-91562309
-493581855
-158773026
-2011997605
-849964230
997453874
103660031
513871082
68432011
-1455096765
-340686605
-1949884323
2052813392
104352301
640252220
202174360
-904175519
352680100
-1473339457
-319918702
1288762085
-1991958586
-794208917
12208626
2049432094
89254242
-492713611
-1889584990
-1034650200
1537936517
-1629509607
-1912468680
-1639099378
-1389619656
1502476929
-1059477971
651013787
-141547440
2027137185
1496687182
-1340283168
2062312521
474036329
-109724859
-289596861
1401212770
-951844384
-201324346
-1291437706
-1649680971
-1701068214
-1739920585
-1945355252
1825959657
440691772
1324818266
-986916881
-139969276
-1222315135
-1393556444
1226145167
-131088839
-174901184
104135707
-2039257494
1394768218
1076460440
999168698
1720975258
1701509750
-2000586881
1185602566
1664474957
-555750927
1609825421
-1755305547
1325705027
-719045223
113095962
1932075555
-1345187435
-2144202928
1907032724
622810305
-2138610032
1767480274
-1169054943
-1876204258
223701285
-1774880262
-40595133
-1303776821
-987673322
-96774568
2001278015
2112196528
-839734679
-1194343824
506827968
-592847376
1300115739
542300894
746152945
-780465623
-284339793
-561629539
1317575037
-1687963900
-434722723
2106340500
-993069768
-1943050325
1566018770
2091560905
98330714
-1377625090
-5243807
-832730265
1757579404
197126469
422497340
1581964749
1506908996
1863835426
806341334
-544935139
-1284109651
-1626553103
785626941
-1487318750
353217594
889044878
1870895117
876365756
856606861
-407533669
-319990107
1910714989
-567739135
35351001
1275422665
-803701655
-1075285502
-486738739
-1732934892
-1273686425
1385240495
932311
249268199
-1432922593
-1988280227
-395560826
-1383127759
-1360095394
-193211370
510268299
1866513832
760324655
1385841502
1645940158
-1001342842
1751857865
-1488639204
-1056128869
-1661480915
736080844
-1505881271
-121119874
338472971
994417142
-954826014
-1341904926
-1394902526
-1393401140
351793152
-1653605740
-1345931879
122788143
1690052538
-1929869641
-839433117
-111111919
-1067231328
124377648
690842729
-5758419
1646211466
-474707868
-773240225
-1243060020
-504824791
209019817
966909922
-1105865088
-254306079
2084461555
-149504518
-1641805360
2020344219
-872421676
1333310225
1650938123
-120030883
-338849325
1053098240
630370340
-355525407
2076812880
-357591826
1202847425
-1036713137
-1826817347
-1466159968
1989964064
-107561265
-1864658021
523279248
-1245499624
-1190703106
-156869636
-25199583
812275680
-628893342
-37284760
-880385638
1180820403
2094172424
-878308006
892395648
323965964
1083648366
1171110187
1340958947
104946227
586985964
899435372
1127000233
1226589014
-423484002
-967144043
-1444457492
-677120738
-79232066
-1605049687
1021367658
-1648028636
771331351
2101892895
-1746625071
451958758
1941507059
-1561561379
1488731736
1520778431
1819549675
993496772
-369479737
-1026305858
-1917008425
-313929359
450141219
-1375409350
550319397
-1389666954
1212667765
-368797514
-1102197291
1312266709
-1682010597
-222337419
908189865
-19758140
706796476
1766647576
1290266202
-78716531
1659046181
1524540870
1994555525
975880098
1236566910
1941094869
-428992953
1630982155
-1380743110
-1880564448
1288791668
-1464063504
486854308
-1013137972
600610905
-481354868
1572060239
965189349
-1924744821
74020724
-1034527184
-1674347386
1315020060
-1747652209
-1469849012
-2017036050
-1359760230
211339747
1350415923
812069680
-162761758
470049741
-1030742466
-2146625348
-1357369777
-738328187
369802343
568209261
-1587804995
-1589815990
-1195724728
1357281173
-751543797
266006985
-1708596930
1387069270
646756959
-967846678
47613308
-1758549667
-448852009
46703209
8247447
29479986
-52435043
-636014894
-1196269882
-2040847946
1642398452
2002088101
-710086368
-1089618266
1400131802
-2044071572
-350593936
-60841039
-1612821891
64890329
379410521
30698373
-2056467327
1425883768
-331124930
-1474170471
1341570942
180990182
-418291885
