-230895819
-834445985
-1593727104
-634301584
2113803906
-1967552042
-1592488528
-1419348925
-1686799575
109379953
1728016776
-2027390246
827789658
641603057
-1072723568
-1040820147
517557853
-452622808
-1667958440
773284752
-346771589
1967148860
-332943212
-80707265
-303043744
-217857660
1829917712
-2048871534
-568312393
130171484
-1159587739
949801202
-697600582
669580722
-1590676054
-1009137345
-439344839
-1823522263
2144346293
91213416
1994576033
430287577
-1792706234
-1415989350
1638926623
-558441103
-1871197152
-1089403193
1655947534
363545605
-1707641151
-2058341273
-171982936
1892419094
-1525984089
-1063805358
-852763731
2132534479
984576767
-2111632295
-1677936543
149150648
-590131952
-1186419257
-958848468
1858997602
1642123739
214664178
1951672839
-887049406
997467807
433241520
-915600471
1701222202
-480860929
-1590585230
1157605082
441923218
385360893
-628382640
706369411
-2031542422
-1528481118
-1468131825
-2072982997
-370919116
-2138119566
-1222565500
946150783
97240644
-1276228056
-378188142
-515787327
2135714117
1849814966
1540876954
1573159956
1191158847
1575791048
-2064758389
914501200
-379174244
-873062859
92377087
-588019566
-1976275234
325022825
-1914489299
460452770
1488004160
623525166
-1518919626
727364010
-2096823643
803153511
-1083075660
500096161
170759359
1892785213
2010663689
-619298288
-1030028930
2069395093
-1999245074
601122766
1348866184
-1621207274
636982896
1738725108
-1104701377
421684914
-2076338305
-816812328
1224870591
1424083040
983132263
1499653759
-487744081
-442669450
-450942636
-1761909558
875548511
764755617
122807785
1109599533
-1362810164
-1130053382
-707505523
435956066
779196716
26721823
1742959944
1965652075
435117407
1550053343
-2133963281
-1542184382
-265404873
-318827715
290145897
-276398651
2077461838
1707435140
-1321947446
-1296172970
-573934933
1171049627
801016443
1552084408
-396864305
-299840902
1335021891
-1783689928
-2046883563
-546523735
2133439148
-144475299
489281294
1705871235
1667270893
282407049
-853544669
-114674688
916997990
-2055402491
1799715213
230845261
-759643655
-307636188
936824519
-838745166
-1240497367
-169484050
1815347023
-2030759917
-2122578459
1896973046
709664228
-1940884936
2048223565
-629691716
914368554
-1459306388
1424191796
713462096
1315180555
-1432196086
-1941188717
-1681472021
-145367471
139161976
206394719
959031269
-847326603
1181104423
-870760291
435987403
207573618
1672510432
1239831559
706962594
2144639562
-1699469935
-1874631514
2127092807
814619894
-1114865966
1878724052
-300021302
-600519983
430765616
-417192874
-1533590384
-1838278017
-1979449049
329913710
1967179274
-436507231
-1773179345
614613793
-1275333802
-1481020016
1561691647
-1596791549
-1001461045
496371177
273728495
-1727249759
-989513235
884176618
250609513
-1230041878
-840376379
-1457600110
-1780977221
1999995503
751319481
-1402523120
-2113095753
-138221265
976476166
-1484339541
-1274621391
-1105083527
1954122043
-176584449
-1310442933
594958829
880558002
-572322798
-962116843
-1447528079
766868600
-1278893971
446696890
129798105
-515260299
38309179
-886238179
2018357510
1282281231
-1741094782
1065664326
1063454176
-2092297667
-1093234854
1813330060
-996944082
-256683787
-1408775268
1836275331
105027849
-507068946
-1253788602
5969513
-848262387
1651323
-423535537
-717964007
2020829373
-529374599
1911362297
-1317274635
1228685263
1936655154
839596524
629730446
1966758696
269264128
673318881
414141125
1546131901
982749962
-107937082
-253398564
622141134
277253201
-1694075051
1352218373
292922430
816832307
-1947700718
-1996391277
-1786902487
1047857359
1532647195
144730549
1168898817
673716521
-1416504415
446255978
2040067525
259220178
-2117397360
-650896434
-226112032
917568232
543881621
-1198237421
-1817396330
-933078627
1266991598
2083632214
94676444
-1228570522
861526320
921466250
658862637
-1954793503
1759360137
529657081
-599173211
-1434994661
-2038963186
-1103197916
543459382
-1788609421
1310285648
-1696092046
-422720628
-1921076784
-323307589
2077195297
880591604
1437182349
-1140228436
2012715675
915100328
-223453434
-118827706
-263232588
304383447
-1976570637
1135226109
-506731988
-1604947252
811376121
-2075906979
-884031749
-1678410579
335309139
-1245515050
1844043293
-190779532
-1831990396
1094528444
940427206
1064410103
-1201849287
-2005419894
312111766
182081916
-845632849
-301423330
-227690322
-656352091
-950696693
258018194
-1729232681
2027177177
1636493169
-510621435
-1521173106
-528135651
448242892
-1618135926
1600231680
506250681
1339869626
892120368
-1245719819
717658069
1031577586
-1938170606
1545807548
699037509
439513559
-2135702733
24307776
-1454946273
-1381966702
1748546255
-2102505549
-1649772884
-2134811288
-611975309
668621146
-217866323
1453714298
-1829404292
94101058
35251549
-1124747288
504771081
1313914114
1048816708
1180514438
-1106865644
1620073867
-330545314
-475629357
-443477440
445158677
880185351
1598686038
-73823496
-2010279735
367601800
-30260711
187748625
1572873543
-1773001259
-269993222
1719069167
-3635694
1574057366
-1764215925
-1597375539
-1449935050
1248087618
-223379771
891286174
641617904
471006853
-485527933
-1915448568
-1061142319
131672893
-1366828511
-1159340364
1187166128
-1691508228
498618543
-564225665
984172780
1611278079
-777574558
-786594691
-1333342423
-1972775131
1388388541
539434194
-1907421941
-89107952
-1121574105
159032286
-2022098369
450450059
764519516
-320712008
-744330703
-1433203141
735056315
384210485
-761966932
-873416729
-2124097476
-917516682
-2003723459
-375422471
-460465705
-1901428081
61689529
937738814
1821964052
1156152127
-1587681147
1283323492
-654204386
-878727005
1072845175
2085593810
-2113894096
1421075837
1090359220
-68563327
-500210157
703248766
-2075712357
-81679470
1881252510
-527010300
-424799537
-877080
1749624349
-1421426610
-938560664
-1801275833
-45813881
1715885029
-1941285444
686938484
-29400970
318780252
-1721711266
-1096764161
-1633024434
-1980914074
971773045
486725296
1152097509
-532797094
-2058532135
-2049551125
1243265442
489348102
1267160694
-853410968
355451192
-1625020142
874556643
440238849
-765772966
1694957748
624926494
1644229178
-1617473427
2142768582
-2127113423
-777831528
-874151293
403596382
1233439538
36300214
-1891648658
1535271741
-1704429458
-1890076171
-1730016384
-501556688
-1299276519
-1931176409
-1742695468
1863135029
673835817
-643137063
-694540419
1010167199
374400953
1430169757
2001911453
-512923279
439150095
-1569656452
-1770055035
1387173846
-1065096392
409309025
-1354174607
-884978776
-1459743541
1885273449
542279566
1261588309
-328061772
-381110388
755394533
1915376223
1047591852
71596522
-284877435
1501823347
-1305255620
82693054
1233211865
893306284
1526048253
-949762132
814866187
-2018133044
604733663
-1547295007
-1010412569
232819521
-582544564
-28404550
927049167
-1750381253
1673537700
-1252669425
1851026723
150037910
686107577
-518241672
-109067327
-224596751
2069505546
-516907034
-669485579
-1050448583
948019757
-1850708786
150309468
-77612853
-1993858123
2121404662
-1618603023
1698072826
-416282982
1623845938
-518164510
-1389926941
-1008101453
-800761352
-843325187
-630178451
-888361248
-1118410241
846741228
1231089557
579049519
24234429
-602712591
839405909
-94783245
-2074549443
-1219585647
1613555121
-1857031826
-755934476
-840277126
-777591851
-780953759
1126610745
-527184825
-1635864907
-160746132
-1335094374
-2113064957
703713223
-1796241136
1347121073
-816875
1478556652
900709782
521683315
-248793884
-757102165
-1375723690
1407214786
-2120022911
-2010872692
-1110617796
607762522
-1867225309
594916353
-1475121806
-1684289450
828441502
1189734560
1896595154
-526645924
1039729703
-266136550
-813507082
-272680221
1032086823
648786752
-1051681217
-1675342204
1304550697
-1627651977
-652397388
-2014647665
1555240634
1793447477
-327457670
-1156315853
-2008295296
-1977632633
-277499674
719714972
778462346
-546471535
-1522383112
311657018
-1948152438
-584109793
-1343125777
488772389
381339982
947892085
-950461254
-1892244196
-500750860
-1061823678
-164589937
251012851
1136877643
-1215773454
-1088307517
1033169142
1953018136
-1973788482
253361732
-663474453
-1609107258
-2031521012
295943360
1488984103
1301901914
1481743093
898031555
2076903745
-25885518
-361050167
-825354609
1726465370
-1114098707
-1859406321
-272746240
1424764334
-8071534
1111628517
-592984261
-1118187532
413442913
541519846
166211850
795789877
670249769
-1806030083
524818254
1229235653
484208564
1881871601
1712980875
1026725385
1283585800
1798218472
-1693557269
-928635085
-801319174
1245808862
-182061713
-903703155
1903200309
-1042929882
-1190561949
-287399451
-496859402
167605643
235991727
-285385871
240198106
775063763
-927975324
-1394332847
2130098562
-1418816110
509716737
191237731
-420059797
-1563264797
-1846179026
51823281
2086592672
-2095057983
-547885735
-1517181491
86349403
-1465674168
-2037354744
1230838970
497470166
-288936602
1003098888
1671882163
-1093964048
-765331186
-687361649
1914431459
1096043704
-1855487161
-746002093
1034224400
1488283322
1545553512
518393275
-646256147
1423083439
-326159131
-1082713194
-1377817651
1476766754
279764452
-2128621168
1050955272
881486217
532281866
1818594523
859884711
188025689
-408611737
-957216888
433391951
-1600197374
551216114
-516267200
-1610273748
-1383461326
922433398
2094793540
559663873
1067772289
-792812695
-142280536
-385268365
-1932160780
1180760002
-1989762306
1524022000
1019989097
-1495104094
1384261676
597981635
-726110625
-422953501
1382109753
-1909044198
1185990475
731071103
864594749
2129126469
-1675310011
838207495
-1824715799
1741378818
239821061
-1113463928
-1752811814
1858964658
-1919718119
-2026400122
364446612
625414373
573482443
-1028714078
276600465
193551627
1176465192
2109061844
815419766
2084571770
480340638
2000961527
161622671
-69752587
-1414084026
1452940714
1788757880
-1882779370
-1743037285
1725684849
-742786467
-101415496
-978778852
-937177607
1909492546
-1193365474
-302358143
-1650272196
-2103515839
176509247
-1534834547
-763776234
1558309110
622000449
1903760843
906212834
-767659565
390107650
1018618144
-975581838
-752681673
-1846567662
-1977964937
627001825
-1992436354
1362946019
574234527
-1028453461
-1725105973
-453155575
609091905
-999770803
-2001795021
-172945635
-1866086068
1012136096
1136491705
1382273581
1564163975
-2097846994
1338910341
267922440
1496616611
-1364115847
-816792460
1536220112
1472865113
-70785484
1525350094
493134299
-483213038
-1791843056
-1991268607
1067022486
158337391
142226018
-597330582
-2037631294
1213290496
-1376936751
1048495199
1474673498
-1401719083
997622318
779134717
-1570762158
1600582360
498351855
-1816349921
35473192
657863942
1253268671
363404033
-433406242
-1947614639
826096622
-770147538
-757084550
-118712971
-497634995
2072221380
-1904319236
825550528
-1902221064
-1326593479
784770733
-1423981838
-758501230
-28183404
770161244
-225019482
1510340340
951886590
-177474274
1175432923
-118834303
329552634
-1372799257
-154912770
1466444048
-2131183728
529994356
-241525515
-38739793
-1672810465
85547771
