-1536561207
-1905816727
1595484018
174123545
-1531163500
1672019559
-267255554
96502466
-482120677
-1796652098
-1411043121
-981050473
-1120426766
-191222254
154292753
-1653631114
989821630
-1944608732
1731613499
-2076696562
-2098370014
-1197987166
694995907
138859930
2048458046
-1778560807
-594497456
226534844
-225183631
1412972748
374790439
-1102459640
-756267556
193402998
-1619396892
260347013
-854496039
1891366901
1337030838
-2041288830
-1508911311
1324598809
267327049
-1954024997
477725086
309258738
1054015635
-1625695086
1320307906
848911936
-1481019829
-1264575807
-396933535
181407099
1924995977
1386076238
-844227790
-891957024
-1005473450
1323689755
1216129481
3447106
-1291006977
-1639075285
706643520
1337079112
607388175
1186274060
-612833235
-1111053004
1115904702
1451688286
1791237729
-359916601
-765039214
1995365707
-1055573629
1452533307
-737153581
707519820
-821556233
-280959502
643151099
1398437289
292006700
2121431971
2138478953
549968576
-513439958
955797436
-835585280
165274397
-874873555
-1254686349
601733508
716154237
-1002593533
-660771021
1858559244
-1413009985
1723253137
375268527
806721623
355369852
179900954
-282571994
-334797215
1116129833
221278436
-1664088752
-517617330
-866022380
1426322980
-1890149856
1891203049
200806295
-208470690
-811041087
-23053428
1029816414
-982968031
-82876173
-2032086395
1724758163
558665250
995447681
-1163121597
2098170923
35801016
2110979308
581729706
1698875545
957314033
1376371751
-1821497035
-2119989015
1398702389
-225003581
-650672090
-726824365
-592334171
1442064010
-1999192505
826543548
1917820006
-1556618385
5671517
-2091275704
-1815417293
834591691
-226703649
-1088722295
2029258594
-1012921359
932515548
1014197689
-1219611037
881192153
942252359
-567878264
-1896759518
784902446
-549703202
-1481477641
-1694476367
-1877235955
291825961
2090277088
408841934
607943002
2061685998
-1649913076
1349666807
-215217533
-1409055734
934975119
-1365025018
1499847618
1911745168
-831063254
-923099297
-1150755149
-1280053457
-430046941
-2008980700
987246817
-1396148536
2098830536
1396414509
939743652
1171755618
-2007370138
632158148
-1520076740
513217654
-86055144
829688386
-927339224
1915860130
-1191028566
-1371906540
526950127
-1649068063
1429950479
-412856161
-1582814255
727107859
1483287781
-1052150979
-1837715640
-1661183978
-1373952009
-1654034626
-1804833589
1718562187
-366393365
-1691667544
1811775846
1029011747
984839779
1521225093
206451141
-1737752641
-973088225
-495574140
-2096620108
-199099921
-942754694
1141635577
2091097810
1281106686
-570101384
1621972621
471783890
517421809
387954322
-1071729053
844914490
1556354178
-945057328
-21956513
-1846250262
394879034
872899138
-137303640
685553794
1868982068
2021539021
-841904189
-921268252
898491691
368800953
1407017450
1839860219
1869969400
-1989204972
2021549087
-605855812
918999308
-570817312
-643349938
381868910
422692492
982496434
1746021409
-890074449
1485434990
-944437174
-1902067885
2125996955
1201644478
-542562902
785023580
1588512265
42533665
1643382046
-1347529471
1997804268
536065056
1765204871
-1590238365
1026766707
-1743225099
-621829620
-666023334
-385360885
-184544674
-36955636
-1544849716
2120267258
1468874683
1001651581
627424737
-15093615
1533740243
465056395
1232010254
1544719381
1924237819
1433095261
-1116941743
1640039645
-1540972789
-388311640
-326129661
279939072
952625795
1267739267
808663216
-2130514973
-839934758
-1349573543
-935825003
-712903444
909753137
343030908
888038113
1991118956
-439531186
1517579294
-714634282
632027232
613390750
-1740684651
-959905074
-592657279
-1946107863
690552124
-1331275929
890161917
-1301029955
-924584524
-1612340272
-2130733513
-727911396
559059335
-1524863500
-339898697
675173190
1094022865
1191841797
-823306286
-1271292017
-290372910
1364570362
-1593460212
169426125
1263812897
-1114550983
-922213582
362845296
1096562774
1538476357
71222565
1067164973
1678865438
-840128541
1981530683
-1043242885
-1141970071
135464499
1444119791
2015529500
1842595615
2025805729
-686625743
-516987324
2147245070
-1614599166
-1139397583
-1745852296
1303406480
-309538800
564262168
-1044041013
1610078735
945824977
-142096474
-897518058
-1303953783
1594684734
1172609646
-817238996
1068923467
134249233
1674869662
-325915481
1037372382
-377441099
-1800219009
739533463
829594749
57523271
-720235966
1303283147
-1098727259
-1034491640
204316697
577330771
1544528870
1667977653
-1960779583
-1481650551
-1014190289
-753734594
809158756
1827223473
1903550254
1125505820
-739187306
1818212929
-558782554
1909216008
-2009777703
-1287522387
751877908
121660791
2123894030
1442021748
1023892519
1651716698
-1053539092
552962340
1241691313
-836022323
981230607
299183448
1608838629
2004927252
-1744040679
1915797354
1097973488
1979195402
-909212034
1065139009
-290777594
-1160471934
1293038794
1300338739
1762147321
-1609007755
1574113121
2103345507
-969546372
477985050
-1989931549
35546468
-1942067637
-1373407395
-2136199771
-1770099813
-815359056
-1975535290
431302159
980626948
690588555
-1060734778
-47122389
760504309
-1395529000
-1655575024
-1539863217
451680287
688601932
1290429287
-1831508109
1604124585
-1061049307
-192138776
555024926
1017639980
-982883924
-787068450
771742704
-1815548768
-347630123
1289607049
1182101513
1255723331
1782866835
948360959
740880425
-699981158
738262418
1161222925
-1933641267
590162436
-1861425755
-804699669
2004755826
412783751
1390096061
-855497342
1215174494
1413725110
-1978508512
-921040877
-1859573801
-935614120
1540351364
-605738919
1581791762
-1560429476
359071371
886112697
-227604777
801667144
-1075681112
390174897
-902524812
-1046172057
-1565301033
1274349712
1854288410
-286899490
1802279880
815304704
1341520242
1452873838
755591342
-547806164
-403996035
1463822753
2023250843
-337376755
-1806521021
1040854323
-164700349
-1468043803
797326642
-754692335
-336314319
-996816443
-746335570
171134787
545943882
-1645656111
-1382992949
735101197
1202914301
822693205
-1958996524
818178008
-1444272577
1453823466
-1301704016
-1037080980
-875707597
1741134375
-1702597145
648507055
-477043512
-291531971
1772919174
907484159
-255561365
-454705670
-1556637352
-406874313
-182221572
-1381848777
-143640325
-809880198
123424361
-127480229
715489063
-135081905
-469883516
-1522474415
-1280869188
-1403022029
1584419210
-1898986275
-656724033
-403828799
-1649835510
626935320
1271708697
-1666591158
304645451
-365706137
427946410
1677923228
-732014174
-71434910
1560059922
-1461171258
-1235106103
202538840
-872375053
-1562595156
-1941479045
1483036145
266420274
-1462207249
-856836190
1876438445
1380786236
1143099878
1249973365
68892922
-1513805914
1732304871
1000059499
903775435
-1001913274
445087944
1255254338
808209295
319254434
1160967283
-1188673286
-909488105
1896392332
1584198030
1129880366
-70895535
-923619212
-1776443200
-1953777392
925594415
-605811498
1080754879
2127179723
260609307
-1285787597
1454172489
-332139881
-2074649956
-112340565
-716309431
-1205806997
-1408736883
-171316397
246966060
52729822
-1861777935
-1794021662
281627529
-1332576879
-435154149
1012524054
-1864903050
1456401251
-1497576104
-657627844
1576146206
324059678
-413092770
-1005951739
-853337593
942922490
566292609
-1853443944
-1990808335
-1756325826
257206573
-1836141999
-1698086963
848093246
1185127517
754996839
-896256337
1206612742
732243888
-2100795886
-1548460689
1722039469
-329008943
-339309711
-260738894
1769192667
765728709
845852003
97705118
-1863926233
-1540690281
542475717
463823458
-1463575437
635841138
-90202885
96031388
1506257750
1029448899
1190600166
434629395
-283697457
134563340
695567721
875422808
766412642
-108401985
-1953608205
-1938186955
-641447009
487070877
1355570046
473755275
-376638377
617947032
-1599046252
779288997
2007993873
1781557993
2091344964
456014977
1089816289
990745537
-566656981
-343848382
-803689766
795866798
-263965467
-655736559
-80046894
-345918625
1751100692
-2072418147
2054018267
-671928538
-265658710
-640926240
-1987245387
2130028181
-2110049163
1549758569
612417275
1342046881
-1912843845
-1873655887
2041811831
366752661
1783623253
-701639276
-556620235
1579368719
2009773018
677118538
82587652
892873293
-265850447
-72328185
-1918978276
1287159935
55766007
-1910520938
368983359
1148501592
935866895
209976678
-782574015
1274297851
-1131366469
606709882
456079888
785056497
-172045319
31181234
-1855125403
1059679265
-1546794498
-806126626
-1080731649
-1795802151
275536849
-1740177738
-175532921
-1700988406
-1317738335
2052651504
74339859
717266856
-787823144
-1668189677
1140087034
86194890
-2083015623
1605154664
1079512597
-779223017
669109478
850167888
-677024450
-797548811
-379618418
7358660
-1079596798
1799538250
627889670
-1901034968
-2136987922
1061682453
1028895389
985910231
-777242531
1370956056
-261626527
256434808
2097213338
18513832
487937580
646645765
1023139178
-2089558758
1428125594
-2067569359
-2038980884
-796282904
1195353505
-117983991
-1968111318
1258903525
-857504580
1430302771
-225020003
1229627664
-218212991
230264257
484179836
1326724564
-1184567501
-1654158508
-983287828
-1568875087
-744962711
2097848332
-70421305
1814383761
1943065716
-618584406
1930284809
-331822089
2110342238
-2050889828
169085279
-427487791
1577669473
1800326489
-1587027374
-30552059
378514057
1534328463
-714177043
402096687
1751089847
1656145293
-782577878
-564044963
-1866631398
-1606239456
12900548
1982301802
-1591838806
-1577167360
1906160787
-1711755440
1764929141
-78967551
-1159795073
1165427725
392917408
1891754619
-930243475
2009559643
1911839957
235794441
-2023630382
-880040443
-332296132
1073435981
-325226369
-1845298895
-1975645772
-1838410618
1904136951
1641663911
1107393977
442813528
-1900481215
778348094
922893243
-680716747
-1431532110
1350437268
-767409871
-1968763992
-1528344117
-15184696
-92531591
-2014378387
325065612
823518066
-2037637165
-1514172021
-88371221
-1929594903
-488332895
-2020460958
1943364967
-1256644798
-1695313227
1769738498
-35976475
1089318553
-883429800
7203463
-678259132
-976201705
-1285539700
-2063255617
-416939514
1946030283
982031511
-351126137
1354130893
1069818447
1697501756
1879258783
1939662384
2068885259
-1606082821
358896603
-663718727
-1285943961
1076497921
-717325850
265623632
-648273885
1065449854
1082383662
-1798647774
-2095054763
2116128356
1330967109
464577766
-2111518110
1428802167
-1439053481
1667146103
-1416631312
-1993508009
-1145180896
1945736982
-24013720
-561929553
175108566
-1368121411
-212329033
-2024849121
1411890636
2140098577
-1667343716
404988554
1823835498
754335711
9048570
-132646140
430181299
-636275107
2098791629
2111186721
11119242
1880122964
-175737717
35028164
518736453
-1035170765
973660507
1408912013
-1760702529
629301951
470950325
2030094048
-457601442
462434806
1142815641
1619106397
1928189227
317529606
182309695
-1669541137
-1520573610
-1000671668
-1574151549
-1174439258
-1843716023
326768602
1060604991
1288374352
-357102951
-694422846
-1769279749
-1677760331
866192559
2095662928
-1886748093
367189559
-1000147234
1976770252
