873496265
-958485471
-1286599651
-640672474
574105147
949701237
-296828905
-1482113652
-572220778
-347467185
1911142151
1585266907
-1405951696
-832906028
-530616936
735016124
-214669334
-639969684
1551939834
-2088473844
762489176
-1613563480
1862522458
1688349631
1507899674
1149258431
-568610129
1650673606
212309833
-1140766337
1772479379
728910296
454711916
-250014501
-23657907
272164413
-915304173
-218181379
-617774344
1486010737
-20829327
1342696984
1978923210
-1396506563
1845931156
-45936884
-937161122
1508103036
441391187
-1417574521
1594730115
212312296
469354237
-489334834
1873592254
221353905
-2005629067
443229297
1757197625
731419864
1604071214
1546242155
1610237004
-542082792
-1270685367
1405795094
-231431190
819427970
-728559408
-938998396
-1826264829
-1849228017
1015702943
-437849809
2073915136
-1848145698
294327631
1333062126
1640737284
39129766
-1124931917
-766891073
-43563663
1911394658
-1602345874
-9057339
564361715
1036381530
119335534
610117850
-1628562919
1361553584
1492225572
-427922621
1888463849
-174899652
-1335792862
-291266860
-785293456
310027788
1971577568
-1127284852
657568144
-1297142626
218631784
1803146571
1848277468
2029148995
1283587981
-1422603122
-1928443373
-2062219287
997703114
1476069317
-20038554
1626316651
589620980
-177865854
2074376378
-2853998
1092276457
-209736145
-1583843677
1044291384
892770353
1135078187
-1062091306
-1438667542
1668784991
87589882
880238796
1410612541
1513785942
109829243
900553762
1780910949
-1911475033
969915855
-54397523
-1100703344
-374250743
515383180
1873850313
-379595685
-819305008
-998775102
-2015965322
-112974366
1068675102
-626451602
1940344191
319075970
236506724
-1968581809
395412515
-95596075
-506353932
1527737782
-1402952768
-680351791
1488007483
813863289
1312111998
-1154982364
58124706
-1458380526
-189560338
-1383035981
-929575616
1897967816
-393907295
-1482652533
-1451666144
615393939
1493201598
-1051733869
-558798065
-642927903
-1411395683
-1406560355
90782521
-1077018647
164543883
1526559298
698246762
1360289245
-1443845519
-324049061
1829018707
-46398297
-754414596
656819220
-152021128
-2064202433
1822800554
713412354
1499812533
-1871218108
656454649
1419475167
-570382537
1601952629
-1306860947
664141583
1555989429
-1489745108
-1001874292
-1190975256
-1562008111
-1825368834
1349567357
265874335
-2028027599
1999395798
-759184878
-241060462
2091618911
201318389
-547140960
1090657562
2054494966
903954111
-273519135
-1265019095
2125745833
-1759106916
-808214309
-201006270
-1228457901
-25992967
251728166
748830997
-1760103992
269072183
879546644
-577539059
642637102
1278832060
-68053530
1523399663
1456869705
1015450585
-972146194
1441363877
27924765
-1279697601
989657499
-1055007536
-1012021576
900529375
685705734
-863635967
1903804763
932266438
-1950827826
710665218
687408546
-62617289
-849551526
65973645
908123284
1297497462
949931176
715446226
-1155672891
1350064518
-1051822104
-252654669
803229892
-1246578356
-1678272644
-203921687
-476206684
974707351
957925630
1262668686
106040434
1231224268
1338276197
2081805054
-898194917
1121249916
1384696983
-180748501
-414974964
-1924254726
-1108140776
1597604647
-401304800
1766565110
-1927351062
1629982403
113961512
1676550042
1714022058
159768031
1446881641
708105394
-1644262373
1436460158
-816200362
1965589151
-273476089
-1400538003
1504231796
-597648778
-1698949712
1757837945
-1757051694
1871283117
212919861
286560039
-1613117701
-186174893
-1156723033
387924100
1572499199
-974945329
-374380311
1838648376
1375371693
1213129860
-370907929
1255111596
803987900
-1738004748
-987538140
535616377
-2007249499
728424448
330025922
167526357
-1853334690
-839487213
2074523184
-1997632107
-350876045
-459003235
-2048894344
385927862
-950634400
-706755675
594910333
1353089668
-2060234119
1546299963
1076465162
1015957333
103203429
-897322147
-1291320185
618658462
1940628440
649159784
-1648882116
-1551550454
-1476775604
1261646339
-1613704272
-1112099238
1707785707
1442038898
1105961885
1343397176
1903640772
-418958299
282261605
-955840451
21995440
1996249403
464283001
389889990
-1556960864
-591946356
1099453006
-1181703490
1154360612
-1624700486
-366224861
-98247856
-849267836
-536107710
990644258
1516446245
1663371276
1886230400
1869205315
-1264037940
1199057934
-1919984845
1530221412
1865051616
406414665
1369655248
1875533455
-1433299858
-398412033
-713845705
-1187981202
-1151841792
2033409767
-134809912
38179697
462317043
-303138769
646210042
236886478
-864357430
1533181072
740686916
-49327000
1743699548
-762048629
-126130469
-710392060
1291271621
1598062262
-1269985801
-1833826396
-279044804
-169151750
-2136891876
5331505
1731936684
-560989243
-208166660
634479274
928075511
459162495
-2065307538
-572459558
-921305247
85640833
734686776
704021360
-1366246452
-643325761
-1607410193
-220761538
1354345687
1759922724
1663709579
-1878222697
700958953
13903402
-1774083742
-1810239246
-1942719541
1374098953
-626099012
-1868585225
1761317379
-1022633426
101170241
-1727184481
-978779329
1734601534
700624920
-2048058227
-1728800181
834338979
-1654954159
-1640657303
949444676
-611097178
724131989
354181954
-1965276854
1808417793
1421388352
1714971272
1735499233
1609889119
-2036889449
1784103430
716237596
-409704220
1126146102
462949666
717103117
1656507990
1975195440
1019088660
917207619
171689867
179778098
1255565
-1444945391
-1937650700
-575106817
-347990458
-399760636
-1134214945
-1958917562
368403228
1491220163
1118946906
-284686470
1730315935
1841237418
-2147412499
-1309753777
-114995218
967388610
-63209881
1993794264
379274940
922405439
1046704842
443224527
226277588
543221844
-2033020221
701642170
1889491488
-897520572
-1017142779
529790386
-1478452873
141441673
-475949680
1772083322
1634961288
-1582660465
1775586345
1077324469
-984985292
337557124
1621290366
-1778087134
-1368068218
-586698265
1850898320
15191940
1572674800
1719584833
1124648821
-1376934397
1816416689
1686925993
-714109127
553646560
759162752
1381820265
95925144
671306065
-265582140
833084723
1160726744
1397497632
-660988761
-1029771979
-558430464
-1362704690
-1303374472
2100662436
1178866172
1589013088
828378906
1179828836
1187889194
-817882061
-1313644726
1356203307
1462928543
1931449816
-919732582
902389901
1902163780
1280857999
321767302
-248049883
1347859488
1560525427
-1126921363
1133806492
-1496245492
-143170581
1416154786
-291348373
-892310491
1698901430
1209368731
-395579447
2065010560
-388736960
-125901800
90534736
-747915485
-1950750291
-1154345763
615387607
604681830
-2141638980
214486473
2130477004
-1421726417
720769475
-298978271
380498182
454044160
-126180890
-302879700
2073150608
-405258732
-1233713439
723009699
-1863765949
716259927
127781414
158602418
-176162684
69334724
-1514522537
-177613968
-2017213678
205563379
-1523134750
348246469
891834145
-506048042
1571279993
-601791395
-1917960445
1028998867
1568295957
-749473053
1315787542
89689769
531214406
-940061942
879494430
-1187308808
-1062996179
1067839483
-1954955348
625489348
2056456550
-1005441307
-976699001
-130275850
494045806
128694641
-1982710210
-1949006218
138502351
1123157522
-904760984
1319574352
445249549
829189484
-1223653812
836624569
-957431718
-129813578
-1644898456
-1574218744
-1302163120
415410557
444655075
-1793938098
512188297
1777644869
141760030
1664982557
-814052723
-1519266385
2047243617
108900447
187426974
248903535
-1556733171
326036317
-1070954290
724414264
-1096227175
-1437070028
243996628
1972355517
-1523700280
2123769605
-836621854
265430418
-1154020103
-190769391
-966368557
579874539
-1426571237
645246771
-692789881
-1829180841
-1165646959
-2038617071
1604040504
1015359914
865942001
-1574434003
98423622
2147287904
1401650133
1963405486
-1387317166
632223917
184191884
452153675
1505152594
1914066150
836124226
1663169242
1975887100
-1809185335
-1481917125
884229050
-1232266615
1608518701
401422716
-191984657
-790823695
-1953822801
-119098707
-370433904
-1335965755
1462742378
-164654991
-524994253
785852675
-989187788
-1034720633
596808821
43392516
927106251
1246061131
1825603911
1321628831
954554
1325449571
-2092346048
1679116292
314738421
-311425064
-5682310
131365935
1496049578
837931688
730656875
139767665
-1841584845
1742618886
-1702986523
-303260831
1061093743
374831580
-582044894
173228584
597481447
-1863200346
1081223633
199448769
-1457000552
-126807857
-1097518729
-1968217016
-646534618
1235908507
-1816425747
-1665733395
-1537041361
-605175650
-1151527549
825636655
-1862148015
325136630
-228045001
399214650
-1322435616
-1719730633
-2144589873
951137533
-1800176107
1315761380
-420988339
2058582407
-1718762380
1409207114
-194185630
-1356365611
488203053
414758898
375886380
1752171406
1723648980
-2130309492
1568243623
-2050333360
-643313473
-691724493
-642478968
-562031176
1917224243
-239474401
1327090581
923484400
469637340
-274895417
-789011531
748450289
136566387
1756722550
-465606969
2071611556
-2102348680
-1154829449
-343565582
1235959724
736678489
-735501211
574584540
-1771631336
511547392
-1333634536
1660113823
-1780503391
1515625787
-485975014
-1158120894
1148386178
273133836
-307816238
-397284913
2123511733
-1984222472
2038659731
1083183540
276093347
1895306294
96187595
-1621768845
1922596742
822444470
-602077480
-1952392288
1551695278
-1512723233
1500432101
361062212
-2016595814
1823384744
1773392452
1245668421
-200183462
1050702534
190481771
1117729013
-1538300192
1397396272
2099642318
-881510386
-1933451474
-1656137347
1808459188
2083897771
-841035219
-1591525356
-815874003
-965420582
-1091167244
1668282951
944661495
-600656226
-630483942
-1456347405
-2016140714
-86089878
593748189
1421334966
-535154971
-1012315860
545823731
1512063077
-1824888531
1845605783
825359771
1284253933
633624853
1034967067
-892224601
-982960610
7167514
-521653895
-618155603
1626311391
-829035239
1168802244
-688503011
1346519606
477196583
-36198222
392857448
903056099
-1002076927
-193837031
-865306293
338680024
1092192336
-2046342307
-51989660
-1593137291
1505332131
-1868827003
823750493
-1360656491
-810055572
1713755378
2137819561
-13611606
812851278
-1365520241
-302399079
-1823532195
275096459
1525338024
1425787527
-1128539816
1251315622
-1734309614
831751813
454775526
-91662587
1153812018
759380263
1554602310
529137941
823288679
575276904
116545093
103575139
-816976698
-734243991
1270907423
1591022882
1799494996
1099664370
-307219137
-905595374
-615031438
-268097972
1055152004
-8399061
1371778078
1583984171
-2096746194
1473347678
-107567197
-1275513860
1927042813
687112591
-670920456
506518527
-1885486423
489007745
117937136
-651218239
1987248493
-965878719
1601527435
966696555
-2129705915
-790827207
117960359
-2111810572
-1693739265
1904131886
2042472557
-1176974393
-819090779
1477495298
-1613338642
-1179531412
1905304239
-1885543402
-942252503
-1635673769
1753355159
-1359774016
-243086057
-1732521210
-335107143
308323832
1782237170
-1154947488
1826384375
-132396303
-1101250943
46069522
285354056
-1010024090
56604777
17355421
1934007520
1525375127
