618285631
859964385
553446198
68854642
-680113446
6487906
1613832257
770070011
1989133993
1554905183
-1936160035
712055766
-1296878715
-1710803463
1306453446
-420995871
293471200
1738002786
-97544643
-143615501
205956704
-180164191
2043151430
-2099206539
1897749477
-626589570
-1050704773
-264679351
-1245338652
-457297329
-1986860166
1616864463
-1796474740
-424406023
948069847
1721296980
796621957
-1619987636
2037151583
-2041045796
-783823531
553461240
-817522677
-967468931
379473348
-260120705
102101868
1772033405
2100718572
1860930286
747736183
-1250716250
-918069495
851434064
-1157453477
402084298
865557376
-2030074639
-1066211149
614620849
-63958649
1442233701
-1667917661
1208784308
-937601149
-336602484
1248890632
2118284973
-577449033
771138576
1834209309
-519841557
1377574862
-288267206
-904705218
-1426139267
1824356054
-113673436
-1858491894
864399178
-632963732
1704101094
227277624
75208680
-1079791311
-1182375221
-964584962
1420992852
-45285993
1910340472
-1014881312
92616824
1272186495
318984225
780596081
-1959015534
1300874829
-1943012831
740818369
-784779949
-1929194649
1523817958
738340364
-882051091
-1034811503
1174897973
-662489198
107380263
-1563585870
219274843
-167042327
-1200448175
1261262445
-435383768
-2020485499
1246291593
1150522235
-924053621
-1349546211
833659920
-198019701
1021218163
644633719
-1304271639
1814148939
-502751060
-1762272224
-597911300
-38893421
580759638
1446455736
-1240065865
-491992800
-1298025230
752944297
1542224511
1909750248
-352202328
514101398
-151188503
656559190
253851727
-1970755177
-981460156
591525712
-1847142437
-1966704566
2008637420
1905337493
372030609
1156965723
369130754
879110547
-1767499082
-1899181203
120576016
1753750408
559789373
-1737091017
44618333
-800000075
-982654297
-1035532870
-169803625
1618275862
392387089
1479297180
1521524031
400826059
1534111260
-757317684
1643119112
1503809662
-1805774915
1523100863
-560037958
-1325563377
1848281902
-1149754059
2128796057
2026185839
978458377
1072105404
-216536616
-732179836
482676655
-1187191948
2030116898
-393032167
-892009765
-1771674223
-125112773
1570642493
183464499
-301174590
-918748862
91237615
1338309822
-1366279175
1418165802
828647948
-1987751786
-521533686
-622993419
-109305867
1669823886
-1972417017
-1276333321
-1478165593
-1931504383
-1881086637
-1223254912
1699436595
-181863782
694935886
1630899397
1783919550
87313126
-870179055
-798503723
71922262
482299877
-1092550847
295498846
1037091949
-247546445
-2117401542
-2021288392
-1347291138
-733391802
-230140818
-15339444
1331014836
-1498837548
1474631497
-2031445995
-29329825
1764272417
-1128864226
1200010551
1902054754
959910153
-2040476925
1592611165
-1607280100
-1960991721
1733669368
721689428
-1914876836
365139855
1108265953
1776583461
-1205303252
1839833004
-2035618810
-2048755623
-75412251
1274308028
2062598452
-164052232
1870487488
2074849092
1418663521
1454285554
-557549710
-1580890171
656624917
-798753593
-1167744259
562721261
1041910081
-955279075
-1297558377
318499860
789467663
-244265691
-1640148430
1530077420
1334674701
675964985
-1827481438
1151897597
2118753426
963815718
468203883
-503010768
-1468333838
-67506842
-1094614726
1404836098
1736827983
-1140370419
989047203
1754648509
2027523847
675143074
-504540393
362854775
985424298
-1018592906
-832415400
-101402642
388631213
183897934
-128958026
-2046333925
-2060944461
-292936304
-738520513
-1395337390
-781262226
1042319071
-1423944429
1498197598
1817802079
-72908842
-102338678
-866923072
568243629
1260411046
7716777
-2132869888
-987800562
-645411808
-29120066
1170041935
-2091145414
1221501888
-909274489
1013619650
1177262506
-1773943845
1547806228
-1914591248
434376232
474786200
1714891473
-1917048307
98935521
-626637776
308116877
1957857308
-1145805687
1665280642
1718793236
-1859632272
-753006478
1272451809
-1832922909
2018287935
-1399584601
-1571151740
1734026401
600478083
-829015607
303672384
-846824727
444331564
23753236
504130070
1135928420
684910861
1902298562
376561082
56800932
1908212455
1225120293
-1126833944
-884210402
-1873244335
1682199033
614495703
-1221037332
1322279767
-472191264
-257281822
366870507
203155659
-1962033181
-1999234179
-1400895390
-520085378
-865405465
-1539817108
470519401
-541525298
-1954720630
-403731978
1481166048
-1345710031
562116735
1720948767
423561100
564236712
558378352
-636997255
-695897726
1764278673
1064485878
399293788
-17678236
-1594111396
-818879975
397402031
-2020887144
-372479643
-752594218
79889101
-235266943
782272214
-2001791078
862656381
-409671538
1934802063
2122560065
-79658350
300923120
-2024315244
-1120100709
-1331810457
851903435
-732879292
380107805
1234090247
-731511000
1806706980
984183153
958944470
-406210977
886492083
374361145
1619261071
1414517237
254250328
225814019
1798260419
1675035298
1444769289
-1104334149
1654402638
-1657992652
-517862966
-367807882
-811930247
793155539
1542129128
-646317016
660298135
2066877468
-2102773190
-1010477871
1167690603
-2018676047
714050388
-1333897737
-1277472812
1223663772
-606412939
-2066646969
-1098985705
-2083376079
-1802515799
-852079399
-1723873075
-1625452362
-548450517
-1973923678
458427420
1152998349
-1949002791
-2091856036
-2069814735
1166052833
-2091617180
752308588
465127147
-467686116
-1617317850
612871635
-1384348824
969139697
1677701191
510180070
1708235272
-426985480
903420740
740268135
624094309
-1602304878
2009086754
2105504311
-1968300358
1219716640
121935521
518472102
882453216
-106862192
1675507807
2030265205
20283130
-501395875
-70362136
-1378371704
228940046
-1825369483
-2008188867
709545590
-49606365
-893039996
-1264371927
154970216
1218205698
509676944
320691364
-2102210792
-1833161286
1173861030
-1096461921
1778655797
-1469209374
883176494
53716374
364305527
-766123081
-2129094724
1783497685
-44628904
-147972032
797913357
32637616
227774103
964552985
504874618
-1449201253
-672814020
1992728226
1428424632
181050988
-1588536208
-875115802
994400702
-346362102
1096007045
905420788
1557896931
-1117841008
807400445
1350586375
1294148430
-270471330
426789401
685007339
1610761242
616454742
835190820
1551927383
2105105542
-15045880
144528574
-952709015
-537619152
-861840925
1350107957
237740649
-1574058776
-1590315228
93937418
2020764802
1129896291
-1629419562
-2053073637
1142333090
89904460
1196708598
368138877
-445820578
1475270632
1106730903
546921824
1068316647
-1645355246
-687002381
1532671406
1808128331
-1556883983
1097185042
-1833021490
1498678538
-64289482
1201716952
-1927396037
227250372
1570380050
-1932902067
1474011665
-908907799
-1839218501
1201050335
-904015479
1907882575
-2032864633
618822199
-388492443
-149382448
-2129614336
81978875
281924526
-1254805232
-2096465429
-1309777452
502293394
-1945344569
-717622257
1744512476
326211415
-62914286
-490137492
1596634692
662534444
-820562327
-1251905860
-1737049240
-2036781145
1606848086
996502671
1979727269
513815468
1687327368
-1663820117
938839153
1691614762
723043836
-974111515
-671009035
543858605
159194161
1208735988
781442434
362293522
520284730
838254624
673384718
1711778593
1446214906
1443267978
-14588300
805746748
-363826378
-1385033735
181851266
-535721431
325074252
-1083014830
1930081031
463385180
1421638854
472403985
185603899
1496161527
-724832620
-2098220760
2004637297
-1657067215
-2111118443
549067200
1404929264
1977008164
-642936707
-42931491
1517018530
289204217
1791216621
1440525048
747572230
824135836
-44637377
1404235324
-1326277226
587875106
-175734129
1693850389
136573297
-682211499
-551459308
684323329
-971878075
1145979385
1292711061
-27678215
-556114260
1437301245
-1144499120
797470668
-1239848803
1136480517
-612349825
-1052409388
-1133868406
-343178900
909245818
-718223890
771820627
1819583724
1844532751
-1169595384
-1056525745
1874361604
-84468198
-1211300063
-424523879
785411670
14155422
1398648394
-1558504700
-614896886
1881520534
-1188163564
617674714
-212918028
416767474
-902892736
1359343314
-973604753
-66988308
1124063245
1671491215
706199783
-735919170
-433715927
1711743461
-7490204
-124329883
472260255
-1543367159
-1981182645
-2143584938
1047281750
-348458247
-1800411937
1986346396
-1292697435
-2068160844
-1160597623
-115530294
1244311275
-1425794336
1582718159
-1817002695
-1362425184
144512774
1529808973
-709175640
1123266638
-765794663
901546488
1795347612
2042812015
1048971039
558315970
667702073
-361110106
1587736664
-1853988609
416019996
-1231664331
1406785894
-1638140176
-305062953
-55259538
-28986532
1144106084
-456287513
-1667632265
1696406376
1175516000
314130466
1411210026
-611469060
-1227462
-1810843944
-506923470
717971253
-1214030820
-1413718412
1441664656
468613599
1917729826
-2094654891
-845703805
1412776648
1005485490
1530420355
734874150
1743116252
674701794
2109472253
406213767
-1341901787
-2012382839
1936441684
-206640052
-1020196200
-915909570
309231378
-547347256
812076199
331427532
860754470
-284438366
-204491952
-1729443698
-194765991
-1360161993
-288963753
-1146562997
19862958
-1015827769
-1499252401
-1309350505
-679638253
1627792508
-1333370370
-749802886
-84039263
-1946148876
-359916431
-176446084
91900617
-1065446746
-1936120211
-358597440
-489248752
-1408473239
169945511
931089956
962893931
-86757392
249665436
1416437753
-2880431
1611953820
-1339766178
1784309180
-1728963175
-892005543
-2013989961
-1012835286
-769995629
-2018302464
867243153
485953125
-1332852176
143665677
442243592
1212364036
1739159402
686203424
1244087595
1139731471
-2145092701
-294777372
1343940724
1753739787
-944024058
187492901
962059127
1658545179
-115057903
1767957839
-1052535235
-1950668307
1884196936
-1523634122
1829080134
1200131012
381770462
11613071
-2011384117
-1539588554
-1657728993
962703437
37192963
1717364824
968368821
1157897287
1236158225
1033580288
-1542220398
-2014415419
1246320105
-89878497
-1420727461
178234636
-591105070
-1624132454
-1782097047
-296298792
-733713350
-634809565
-2012237928
-1520569065
1189464262
363133080
-251977071
-2103426581
-1153648778
399404077
-454332703
421918951
1219664187
-446481693
-1951805957
-1833690360
-48551881
391461542
754109975
1180488213
-1951451385
-1477360133
792835658
730312050
208016145
1588219042
-1520752293
-703773520
-598606252
-1187314626
815988745
756502485
-213588810
579859245
-800507608
1178138418
175148504
1479300568
1448733708
-1561665198
-586468066
381108473
-105997082
-1841094027
1293130574
95908325
-1026720275
-409058761
-724554727
1873144192
-250359672
1031822504
-2029323069
-1762310694
810129562
1436242204
-281766414
1552194913
194561188
-467095135
-1420677312
-1675992001
-477033478
1279230709
-1005606353
-844492016
-624783615
2060618321
1817871677
424298964
1977163430
393070457
1598205539
-1015595734
2038603795
4374538
-1850690133
-1076723192
-2127106647
-379153667
556520654
1860507529
-32267575
58682459
-1103104560
-338741590
1674517722
885922131
-79707238
-2110303107
-927279678
4633678
905756736
610497955
-1114198830
-39890301
157060297
698588444
-638520636
-1794362009
1193987150
1373608000
2124621743
