-1415168511
1521013390
-1148193401
595957884
1641390304
1645449626
516290075
902619801
-2110500985
1620798801
1781980775
-1001938067
-1240431421
-1311714579
-1751717994
-1845897030
-460646327
-2012049970
-1650663444
737584876
282911189
1748042173
189485919
-1620332443
-859906974
-47801398
1127448027
-1842022566
659954286
-2000406349
-721331669
-676796383
-890370815
-1621473122
-944460239
191862738
1651517937
-1114256428
1525419822
2027869082
-896348984
1503543346
-1281725321
-1928175289
-1879889006
-101071760
-1539715981
-1363829219
1834579574
108345841
2115976805
181315591
462523955
-320315025
-937217360
-1732355475
872452416
-395734691
689040097
-275808434
289556881
-1695015813
2053596816
-1144647988
-1762953773
-899262893
-882442064
234660153
333075770
2024758062
-1529393848
1339162277
2129131084
-2131417304
633346840
-963466428
-1120360586
-1377528875
1872986828
-1811751950
-1135804247
892632908
-421360669
-72307933
1883840494
457310751
-1996928670
-139757625
-25943870
-475254038
-5286302
1168143987
1341321345
-849416973
967751
662990114
1426316316
108416491
-104285490
1536362739
585301703
384953208
-599186390
1638516270
1837670445
1723469612
206275567
1479336912
1656836220
-1592223059
-1167411770
1460693073
-232230565
1985668812
1445868887
33137542
1564572356
-1141670684
1816946405
-43024994
-1684292965
1015551163
-1393278853
-1368483690
524542813
379095319
-1420532102
1291834093
723547684
-1958493210
1883681092
-1163469695
1667678000
-1946877012
-977452533
890630947
1506043803
-617297597
728321255
49782144
1933501900
-698281385
1030898876
-34850525
1636869693
-2071980109
883867897
202471206
-1212300038
-1493976505
-447918378
2046802364
983175816
1547120054
1903971297
-1584298171
1038697347
1218774308
-1180555566
-641164782
1487387821
-2032374030
-253406883
1461129724
1573362465
738769673
-1121499117
131408282
-626461120
1637628006
104449320
708351127
-1765874632
1680316205
-1908644986
-268145622
1609573233
1526693142
1739089917
-484595169
1128967339
-1113548950
-1624842497
357063031
-2071492359
-1706018988
-1725647849
925513767
-1534115057
-673474672
730391772
-1072502575
264059087
948675726
657817909
220519492
-1326669034
-1576318069
613000354
-1891972337
333694262
-257894660
-191972612
729259415
-581527286
-492296717
-312118636
-2106742637
2023244920
-2146094964
-610014881
480493976
900837805
-875171544
-1643767352
-1488421141
-1599140368
-169624636
-126947946
1185974148
-1468470123
140115132
1170696926
2136026438
-572703417
1458164309
933800243
-145323723
836182141
892931646
-1518576566
400331717
-274207120
754588393
1450059290
1298540098
-60071956
-1443764902
571977468
-23987648
-1558422988
-51344724
112111478
79676092
584669513
345617340
1590017927
-1363221077
-266121564
2107279625
-841823606
-1998084131
1758324759
1597328061
-1653811322
-1739905582
-338791762
-275563978
-1149866838
-1558854672
-375043707
-1802842817
-60480328
1856500338
1143769516
1127223396
-784218201
-146678412
405712830
-1292764616
113357524
1538275572
1510318354
-1108820749
-703242691
-1943745868
1684632158
-1589548442
1060949967
-1344904413
-1789807213
-1370333254
978621843
-2083894278
-1491285427
-1555944094
1692921267
-1084440310
2080148986
1172389699
-1515603447
454085283
1918075571
1661819036
1121567928
630218358
1810273831
-1184398068
661486398
-2032760580
2110674349
-1176398821
1120462119
1751706654
554701390
-777971870
-1011887505
-1186570033
74665772
1909672434
-1134178564
-901626886
-785256407
1690590777
1218064331
-2098660311
-260124560
1356583982
-351325848
1247936613
-1687506806
-910534302
-232360861
854483471
-382546479
-1369407206
-940542066
669990466
-1340924732
-309898762
684580139
-482273785
-2008255566
-1871530599
-18841414
2143793391
951962944
-603024366
-689869066
938705778
-1030244878
1712504776
-328157833
-1422624173
856809551
67980371
-574760609
1136542934
2085842090
1564381142
-1204194665
578161675
2032631939
-344116243
-423995200
-2058799458
-1798821294
-1965274892
1397309019
-937650178
-458103171
1987549634
998101258
-150115122
-2067254818
-2126672595
-828300488
2032770160
826692836
-1790667743
1658404976
2068432294
-112312672
-548196872
-1198510838
1282078401
-2037943564
1592418304
-1012960339
-1612754112
-1130600047
-1722093361
693683659
-828885813
375392353
855380262
791150470
-1371610010
-1557482352
-15072672
2017331007
1516189429
-1221604593
-728947823
-366940906
1859220919
-1158128202
-864386247
-22360015
332401191
475369248
1800873446
1056312763
1974732268
-265118042
-1187633771
598678208
-976956842
509720527
1842626329
-76002392
1953075862
1789740876
124287145
1816169410
425545220
-1227472426
-790949089
518701294
2097582386
116627594
-1177937799
-873764547
-496732120
-1138163431
-50177112
458940482
2030537980
1222286314
-1181571342
-1162055350
623940167
704054513
694963215
1662120430
-397310085
1189610433
2066172554
190392671
2018156873
-497334597
-862407178
1602660376
-378035301
-1642603143
1290977509
640029023
173526002
-717082982
1187288652
-677278088
-308964136
1597630638
-398625690
-800019723
-1009760880
1004043509
-405596505
1851367213
1620186272
-1421024904
-1650666393
-397803856
1939076545
-1702734183
-122502261
-1256613164
-1671159587
-1042490262
-61984737
723599122
189808086
1189958302
-1424334230
2009424584
-1136500936
1050508271
708710183
1823470960
357109617
-1173824849
-2131471239
2087324781
-2011671296
-786866365
-850937979
1695277391
-2019093840
-32120657
-1234075451
-1762156176
1032812779
1398881314
-936779591
1726195630
671713474
1673855123
-1459611458
-1742400730
74542019
-1900146501
-17346888
318970773
818880700
-1810781880
194335993
211605355
-436240589
468996559
-2120922614
-278945546
366078576
1307365962
-234920432
1094353278
-1049437838
1336740631
336641512
-391522975
854589495
-1145302420
-9049415
485042924
-1720297523
334918466
-2011177948
1239170107
1003998932
-2056606725
-1842404336
-466434587
1023625848
297599833
1823966294
661329222
-2123078712
-1229031267
-1911415912
2060767611
890050068
2059550368
1564230193
1295611717
-2118844459
-1980863687
-1306677479
498085568
75493117
1066052887
-2109174132
-1346343589
1381369217
-1271293565
766489025
337595183
1393261091
-1051367441
-1817655853
-1154897123
-567638451
-58172112
-1878786851
634765132
356902352
1955681373
1159097700
-2099291673
-657831117
1342485975
-1334215810
1340160617
1120336264
-365651281
-2075798944
-213341606
-657361616
403662405
865303114
1563254023
1135094848
2048138668
-716583271
1501882739
1697307721
493808926
1471782346
587818665
-936667174
-959389842
-2142620012
1316484257
891575566
-1243005484
612478603
-2079056907
-1802340625
1037889773
1813656863
-1611552929
-2019414545
-290080273
661283782
1437279924
-1334775773
1393414168
-929371939
1340647582
-4595358
1860041374
-205184760
1454886337
614351186
-285421614
866413224
-1924577704
1286723459
-1668861330
88157217
-1865024809
-1452616357
-542855859
964570352
2105325263
-774790039
331810258
-2085795369
-952844098
-1547404549
1698793437
-1844860168
-1289565425
-514624116
-206433117
-2020397243
-1528813145
-1933386715
448779178
1379304252
-691621571
1498615690
601719289
2009454917
-1321384437
1219085450
693643733
2118861368
-1340354111
-859993809
-1347352341
-132173083
-1378504778
1774830197
1585235281
-931174896
-1968462306
1106091916
-31324714
-1843821628
403761777
-117171155
-375974029
2080936503
-2104369959
1559249440
-1401006275
2123490233
-756607853
1469496758
-88996311
699062823
979344724
59180469
-545625113
-1635123144
167385282
401064288
-1035136668
-1643194258
200864041
1706160760
-708096909
-1609287943
-1964355578
-1873482062
-1173774113
774971002
1064822068
-1397819316
335817548
247967643
-1903027218
-139418519
1634671498
-865561240
2028059261
-2117627801
1201033161
-975370607
68017648
488364194
2021222749
1045763767
474175590
-541295780
-1592082381
254593720
-2016902311
550881282
-26299813
993756351
-563055637
-303993754
69906403
1700828650
-1178937037
-260806444
69223499
887294320
837521800
-628555867
821836162
-1650259992
1031589180
-1927569978
-1609789415
-546315589
-1936723285
-558608865
-1592738239
-152959117
230807986
-652745159
-2028798306
-1646400971
-1756175609
-2138791829
1112198129
266780413
1947771345
-722028972
2113805226
1448019664
2118996945
-459322905
-704126977
-2025095716
-1138337997
342026927
276436868
1894620154
362073562
1616694027
-47009954
1233851838
880474457
809022924
-1694185275
396077959
1740099236
-996450649
-800983675
1068046440
-1558320567
450887699
916159691
-1914017808
182584801
1603205010
-68398159
803368986
1932868237
-62405523
-1957922978
447379755
2079627488
542943835
1724171362
-2064580018
-670276817
-146900976
2008472872
1606306327
-476670303
-352932033
2106844069
-1329741732
-283781505
-1064182104
1110182361
737752044
-2038078811
795845281
652966386
191239569
-600446176
-477338580
454423347
1625590495
-287315587
698061810
411646590
-1440734068
1064961568
292332464
338794381
651128424
-1421566789
-1804515023
104416010
120674437
888374244
-1563971992
-1996965445
387661148
175203697
945936422
298234848
-264500514
-1217630456
-795161270
1864043148
-711787887
-1063315358
-17982412
1395778979
-1164598106
1299835016
1579163650
-864786517
1351656615
-185367674
-2009876077
1592790985
1027302932
2029416004
671004009
-482046232
1042993319
-761128562
-211360379
1175255637
-1614511444
1213104514
-57870007
1489401001
1653246642
-1796481679
-455851930
-1313780774
-60236086
2093155875
737123217
-172372451
-1765894174
-1224296617
1433642455
-2135669289
-1743013840
-1718724448
-1249414263
-128816351
447443613
-528796451
644104106
-711091766
1492099610
1871870647
1947448096
-370941076
1839381432
991921619
1030674780
-559948903
-12642946
-1978747292
-1608462159
353162723
1216172917
-1610924617
262863552
1960062750
1459074106
-902029895
368093167
-1144841420
-1648869803
2132033576
1998856382
-1184807309
1261859105
1581422210
-1937312228
1752801380
-1847262600
1038809144
-1076095421
-179693241
138904550
1396023301
-750425275
-15247658
-1592666249
-2051443821
1473006071
181670866
114541498
1877441310
-251782260
677947034
802618495
-845064903
1352061755
1816368321
-375163676
-1097357145
1077364370
-1028571189
1338437076
-1436592038
1161825270
-412798119
-429140704
-87973177
-477317312
-693699467
-1147796406
-686096097
1616364878
752603814
224007565
1942205745
-2020518428
1309743898
-1071370853
823770305
-142083854
1597110461
-1420839547
-1453171294
-1179678185
-1195422803
567319842
1567706120
158867244
1412432040
-1724264253
-423155344
1725340988
1868369157
410527114
-917202160
1272301668
-1481751024
1156743709
1244850084
883886129
-1079172880
1331912589
1173849214
536936133
698971601
-1497466457
1668661740
712591075
1318824337
-706857686
-450787427
95593431
-1431353529
-977772811
-930716656
1012456447
1660750702
-1047918040
-10452676
-634735871
1083360666
-879770243
394262547
1669384025
-1536798964
675043988
-904716751
-2052946825
478854037
986145738
-1986987468
-992020112
-796641898
1421934028
557478976
-1477116695
1684004831
1739823560
-29860237
-2133654567
-9550364
2063073096
-1076400484
1602067796
