-2119911089
-29911604
-51866315
-331301570
1143431695
-1894916290
1305899716
1987641260
523073117
1334183199
-461616270
764883455
-1664394179
796034362
780167848
1511488164
210476388
559935014
1398564957
-63082365
-965538035
366729740
-838671907
-1305012112
-1190956938
-1218533298
-638890399
930143890
1019111976
1362537500
-1678806832
446394140
-1084758046
-1893333810
-852507618
-919874673
-107062343
365243760
1234264099
-1319391258
2012755371
-467297847
-715917149
518259560
-459114773
487088613
-807953411
-1306793111
701774393
-386970479
-1819830859
1568741346
1560878969
-1253879980
622512057
62875880
-1738459692
-564128881
-1299849461
2139126297
-1063366128
513739615
238146588
957720905
-912344071
-983242595
2091987622
-2015607147
-575649559
-1960497779
983198301
2146607642
-279296460
-1780909518
850114193
-2120110340
1112476121
-60151106
-1855251891
-1322190053
-391948983
-304264563
605143405
263777646
-997383462
-335371114
1517315177
1036980536
-1907265697
274837490
1292409707
711117279
1289051600
1411705301
-953510245
1937169220
562240480
-1803679879
-1520254219
-531030794
1136193849
-277759736
-1838006950
499364817
415989324
-1454645804
-294057167
-260436529
1975621331
-1542581199
869719126
-494239265
1477139259
-1502655031
-697182900
-1126804026
-1756580370
1736487852
-146340371
105058972
762250021
1589255452
351260816
-623234661
-82041229
1724301730
1116065642
-1045255207
1537895505
-761031613
2014611864
1772456082
965225877
-1921868659
-871561145
-142869535
-51040103
460703477
1774351443
-1469826921
1897891452
-1418639453
1478835663
-934738968
-603085871
-405713873
-1179654782
205147434
1081539010
-262588830
1654806125
1788891570
325820276
1540441158
-1291370666
2138463822
-1110553866
-1875026154
-1345050778
1901837616
1078383014
-1747924696
1683733578
1783910949
1295236432
-621100955
1890422995
-393670428
34067723
-67916036
1343545102
-1929960232
-364269976
-1507438858
-1270355616
1399808627
321397331
-1945262069
-1345521594
2025281708
-1835366490
323215615
853811159
43326698
1058096449
-1775305586
1987259535
-1471191725
1735082702
1869471381
-157906503
961300662
2067786363
16726830
-1562998629
-754509651
-451898321
981201730
1101298017
166435919
-1064333571
-356514014
664427792
388195811
-808863891
1960544231
1537396120
-1205103806
-903469979
-906019558
-319477482
170528138
152412204
2069908041
-1712411738
1640058016
638865873
-1495017445
-467645647
372788959
1670705616
-722137082
-1529476781
1357566481
1640494191
913695535
-1233967308
-1146517453
624156437
1288767184
1272326462
1274185699
-1032125155
1339522168
-601537788
1333092589
-928013837
7785046
1197531681
206755337
-1572615175
414272040
-1858796714
586407419
1913794177
281496050
85822182
-537381187
-929116630
-1592878450
-935063437
1127039077
1231505785
-1169836888
-237314224
-1356273250
1708778015
1450466664
-387761579
-1312938937
1994917420
-374749114
1601942996
-1045940512
-1991874544
1654614954
-815872738
-55711763
1899149641
350108957
-508414534
222946689
-762620608
-1703992571
1555046773
-1382781921
1352261670
1323823951
25420376
1154132831
-1256550485
811522865
-1023262561
1105589656
-180104927
1382449199
2002039481
512453004
1043180178
-954447005
-873728039
-1253566190
1567920716
-1214341294
-1522768987
-1365308754
1239583867
-1018837162
-360784641
-574031916
191853034
-565380288
2057477326
-171689350
-1419710573
548209133
-1824432356
183265444
1469380022
1217901919
1093299215
1355867723
2124492657
349748915
955028031
-1242723460
1099809766
888632357
1155224891
1565553485
2092829469
2074466830
-1464945227
1172099581
1644787241
-304058731
-595429697
1102783967
1742248376
761713980
1884723393
390891639
-1453151439
615920654
93633828
-579476749
1503820222
-778826917
2061610736
995445303
323673527
1402529154
1287391712
580368735
190055021
-370934490
-183658646
-654616678
1364835176
1233878290
646455427
-514073184
372132125
853699845
-1236648370
124129728
-1808654643
2032316249
-693907877
882672508
-1632347257
822940136
2045817103
1627573906
-1894385850
-297660536
890004650
-622601863
-912328645
-1004927721
-284639093
-2048313670
-341672790
-1601001401
835698876
-1387476107
-1335955329
1129229300
-722060398
1170585985
-1675425056
-1407526132
1076899232
-1537614996
-12774405
907108536
-713470270
358374598
1624402304
946964266
-1061565567
-21143433
-1769327667
-41729787
-1235908776
-957660316
108010917
-532070297
854214988
-1159852265
935384705
-450769239
-79999592
1235198478
1713936312
-1003895694
-1004809043
-1360205036
-280445013
-1403638644
-1043469604
1107925732
-555942451
2100763968
-644567222
403452629
-55326688
-1285206878
1659096944
1551256947
1993963483
1582493116
-649137621
1840328602
-1380096164
1433153869
-2060067915
-1784899830
965436110
485344105
-700510659
283259505
-291746136
603894161
706338625
1677885414
76966104
1934973392
1963955020
2003315447
1666210059
-1300149575
-1436912443
-1238644256
-221771692
1268392239
916534638
1844613403
-1597620135
1901759204
1309500743
-270607483
1034520118
-211817374
-1591808775
1058313572
890372472
1542153244
714256410
-438633425
-44177526
-2066036222
2125378626
-1653405687
-980207842
-633235330
1626250943
2133477192
-1089367555
-755546548
240168873
1333692476
-2103364626
-1790929051
-1102949836
454598823
821303456
647122005
673801710
-1673372264
1257195694
220557314
53543788
-1228434888
204469937
602071746
-1562389445
1154234148
1128918428
714360242
-365699457
486965955
2112887331
-1048952395
439079016
-1863218588
1639576784
-2040359171
-1435800756
-1964938765
-28376399
-1626540195
-1765224573
-1765719845
81824820
55199954
1511158543
-1009704081
-829457706
1869140113
-1862404070
-1612758274
907368999
-1612070261
1131349733
-612868343
-583224353
531003385
449811347
936645452
-1249971582
-1960926290
1325347713
828028210
-1864977550
1612716651
-23191256
-118623819
1345073117
-948953757
495203607
793016693
-1609098006
1566611406
2125761450
451227792
93823880
977534043
-408331722
166795582
-1009603006
-529260460
-454446416
1703904659
880620123
2000256180
-338894345
1661319875
-934800724
1004079261
938786074
-1550815622
-1066759466
6452870
1465071274
525717267
-1197938156
-1114019228
1986579207
915081640
702940082
-222676241
-1389449073
464355147
393201534
732426643
-1650894906
844833854
1873288539
-983887439
-1645427842
-277362137
-2964840
1932426546
-2054978823
2039085907
-1566709494
-979471793
-249912895
-1084194074
1674562984
-1472789838
1994328131
20016955
-909609915
1074708677
-1546110017
-429119397
2061117330
2061554861
-1906860273
557920034
-1293893030
328826973
617693872
1503062531
-21718296
552147500
-1316587692
-670861333
380077564
-73630135
-711962014
732786134
-2032835596
1405734549
-521672520
1215950856
-1057768958
-1093042249
-843781719
-1776231674
-468302588
-1638199668
1019586182
2095609439
-173092184
1588122392
2115448403
1977970185
1172902046
1776063643
-717741556
92785738
852349332
1019497255
1327130294
-1620845584
-922627283
-1172477101
1429084360
-699699772
1694193266
-325792889
378424249
1307215845
1989926372
-2100080343
659691534
1677978407
-502561463
355738280
-902468142
1832226535
-1014244718
-785240608
-38227445
-519234703
797870130
2038166275
-1209095725
276780783
1588118193
1502948756
1681313560
-778691752
-1300578367
-343943942
2093759161
-280245608
22173531
-1679599955
207867472
2118916864
-232810644
-1690558651
1679823317
1448969146
-1574594743
147671494
1688795741
1215391198
1094773322
1625326829
-1999191732
1886289161
1564944422
-364431673
-62950819
-88373757
-1649074672
497134455
-1176648442
-975550980
338791785
-1295360360
242592044
1726361429
1690432377
-256829364
-2086495671
171089601
787846621
1388512256
-1547464134
1529319453
-1061467339
1900566100
1824905292
620363714
279679369
1014098303
-1957875957
-1658538795
-1374658338
520241146
735375062
-1389643005
-898299668
-138198163
-292981955
910522135
1638240912
-2044011954
-1803121531
-949938194
2046473930
-1675974139
1215448874
-1605655229
1784511046
1852339527
360627318
-1848735935
978866346
-937652283
-803503710
133927029
-1218466700
-374422291
-350732240
30655684
-372465628
-397968906
1760170676
1577492444
753162007
63122114
53091500
-619887549
1614805435
-2128084773
2003564551
-1690204719
-842881879
2093676819
-333157346
-301958478
-559901547
-1264513975
-951607087
-2016436128
-984050763
-1875487374
188394050
-844077016
-142516530
-1081044343
-2093155126
-926461120
-800184621
1395494521
1144203224
1710343300
-2023040852
872416406
1262729368
1543870859
-1139643513
-1983104335
913584536
1253889269
-1542515842
555540935
7721778
1487775795
275591194
391834748
1386976377
1929428752
2095704774
-616976945
1823873904
1061862307
-178346790
1539453631
1238093218
-2116133940
-197083961
1460654324
1430728507
1407405364
1598904889
1398889746
-2053972937
463949947
1460120246
-1705282678
1311506033
1496811337
-1684819134
-2095613455
1429771448
-1862331480
228760037
-2048506875
-633574323
381536475
532314884
540810839
-380314704
1817203552
794090943
1007337310
-1108239275
-1986446966
-1601963020
1552104841
-1505203739
1575361453
-1306991937
2093999791
-1448595365
-967072014
-1782962420
-705824004
2107001652
-1851611816
2001508659
1601397382
-1477006976
1480847350
-1250968946
-670239526
-789412711
2016769328
2045391460
1427657896
142654187
-714287973
1541391717
1157095619
-182336489
235994781
-2055184434
1752315672
-2044578822
815889141
-1375312868
-1893481518
836035286
-292709637
2074500512
-1015070047
1780555906
-1003096653
-503762032
-1882754118
-1365799382
-1986414499
90891746
-1806085350
1952743415
283478846
-461485257
-1538943137
1431944321
953741646
1760040997
-1056142007
-31110082
1300064934
1449188192
1426472250
-627685697
-1348468530
418059157
1197249723
374138738
1267553202
-691592156
1751632760
340055549
1269463649
22137732
-1328627150
-402009915
-833387867
463328757
-1334628356
-1149075508
-259603240
-1173136804
-547374328
-1870974011
-1854035507
1699063792
-2123853606
-1324309351
1110789908
394960904
-209774597
-624743738
1566329800
-1093132209
-247383862
-543094075
1787511181
-810528739
1586153275
860930077
846790769
1085634841
201090482
-1493162457
-1416764621
-1376636843
838098457
-2003397427
-634706493
373672446
194616120
-2109788009
-1541900239
240790165
-1562649014
-1786870789
1492390519
-1426126556
-1992384708
1462482321
2018647243
185100469
527050571
2128245893
1699853594
1583143741
-163512688
718346430
1346575825
-1044409097
-199245666
1213094907
1367791790
1925156504
-1168757241
-465420466
-845804104
-1041632452
-1138079990
1119895084
-546903659
-995472451
553461969
2120639919
-1413333678
-318043746
2004968702
-1092567237
1011269881
-1151871993
-852397816
995611942
563006589
-1038585145
-1586209037
963713080
1386055857
-968439235
-1862969513
-1943712552
853712836
-751707614
302082182
-1934598343
1613646213
-16932029
1492578426
-445814463
-1714537652
676280219
-2016524940
1571220811
-85113764
680627981
2134855884
88101059
-429460675
-599320771
988031709
-773076235
1659440009
1663617897
1108110140
246654067
-212263997
-976371889
-1914637864
1359728267
1485030685
