1466651209
856364644
1137590459
252102483
1699532021
1641475904
1729214348
-1693637758
64131865
-1769897358
1483274094
-1992363840
1549857765
1516308756
476976751
1944453496
-2055095693
1594579136
-2014047456
60970718
695658974
-294006565
-711834437
-1074747802
324942886
-1766472
-1037296405
-2043442009
-504869235
1607090286
780713816
1869821944
-314830787
328404464
-691642363
-74443411
1166920436
-733359863
-2145397942
-525994986
122522338
1733455228
-511589123
1888818572
1148502447
-295980057
-2142202624
1428057546
1183835507
1974847840
2033368704
-422976050
1876941197
-51958791
693219515
455948535
1508850143
98500531
2092989888
186958078
1386570707
252953460
1997216465
-76829230
-1133685761
705412955
-1509248833
-506788794
-2062562229
1673525289
354638724
-46297812
-1869125159
1160594680
-1024243112
221482274
1764420227
1677608674
-1212360833
-363707754
1669401450
1071220774
-659145471
-2023833671
-1402085927
691765189
-434389097
1511968040
1387018487
1279446379
-406352631
1420320685
1077582028
-556500411
-786748770
-1455446291
1865682679
-1410686499
418406350
2096517885
112956526
1761323593
824702804
214201617
2032082333
1092171564
-368202939
764857482
-1006205259
-1143152907
-1159753341
780046462
-1543406522
16145674
349430865
542429265
1494647807
-374518223
-854120103
-1993351900
-2016412163
-1063614674
1068695321
-2003177749
-1965228184
133818315
210994002
1633048868
131390729
402416469
1185503272
2088602928
628367695
-986502961
-1496049998
57146648
-471413619
-252240014
-671438698
1396969758
-393537319
1169002248
1771343291
1000007830
864911299
414709399
4721689
-925247443
1008258649
566851868
-412036086
-376294243
808293256
-514324273
-300923835
68549259
-358666374
-1511198128
-198718252
-53928618
523810832
345183803
-1369468185
694116577
2128097090
-1996932045
689519828
-1619038293
-469535055
1333349319
-260510995
1138617261
-1906534309
-557986997
-1796259523
965916145
533913020
-2128380697
675670384
-291932086
1471075708
-1615092556
-1425941584
456753144
752910026
-958131491
-189907452
1385376690
-917759841
576528099
-476550797
-1411902806
-1532719616
80168200
805972930
1579356488
-1475608508
718097073
2078662622
-746445841
-1219529014
-1616896028
-1982001056
-163049569
-1384644129
-1069450545
-2136724079
-587425627
523408126
581448536
381750536
-2122047937
88530945
1808037806
601229922
-1470473526
735100357
160150288
-42154669
228595588
-145789360
-421801678
1016128169
-1689135240
-1954606552
488095503
-1135713843
477284330
1241102663
797112847
-648481523
2067175194
1359619277
-1939619
935174627
-1544271160
1479267910
1490622595
540950961
463028004
-1504462085
1367261986
-1718136812
-1670025045
1320155530
1423606841
-1495671579
1106327734
1491067795
31110914
-1791981289
-815184523
-1187707793
-59418559
-164042919
232639680
2126477145
-544458821
-297028821
137966635
2055504434
-152244649
-1417604728
1597744900
-1415070930
-2087830019
-1391390020
-753280221
-612233455
-1329415172
-336542386
-143791522
-1629437692
2001306681
435928498
-1936753561
-964446219
-166981737
1707342940
-1832788325
2146108294
-2068786066
-556329419
1422000173
1193201280
-596680569
1247964723
-1503332298
-1985362653
-1707511579
-545152881
1711347595
1015665399
-244439643
1096328909
1644334582
1278252057
679644940
747031900
-1128666615
-568628523
1897459414
1817431680
301972868
-496312763
2107330483
-927282612
-1085662233
1812095287
-487320797
-1499967012
-995647203
-1669086068
284140525
-1105211484
-792778157
-1806731792
1194759077
2014381233
726950199
-571519484
-837009060
542962874
-1096633716
-1748020017
1242892549
274227653
675327273
388166134
971967136
-1790234165
1539731749
-225830865
-155006272
1815962497
1892142939
-1220899756
51083743
55744451
-1145358881
474389439
-601461258
-756091519
1227337682
-2043078124
-2097558633
1052955184
1314837757
331991819
291611511
-1141346886
-954981839
2123935368
-1457736557
11316358
875584384
-37718536
241270738
1484709437
697928842
-1397345938
-1494971311
-756147198
-1393282420
1805198594
-1192223403
820576764
-289012019
-132306674
715890414
-1892534700
-1269970356
-937553259
-978263381
898119444
-714159862
696713232
-2090046078
23199126
-243443474
930780456
280562509
-383365480
1601512967
-37002140
-1491658679
15454611
932779688
-1926403621
1679782650
-1698716610
701449622
1703442650
972439298
-1662530940
-206335561
534000479
1954592425
-40412397
533710146
-239720200
1251611193
1853898387
516814634
1723035049
1340328045
404286715
2061960965
165393834
424380918
127121063
-6132391
-1767591822
-1555033017
-2034040098
1770927062
971160609
-1895088692
-1596935895
-830003539
25997550
-552625799
576556626
1371472442
-1942599584
204770498
-1381573445
-2004458175
70765941
-292624261
1189691193
-1891375100
709715672
783946419
-1271782749
871499354
901816574
-1427173775
1040097555
-2016086651
-966870202
832820433
1422195435
196601543
-181492391
873936001
-318136739
2038018020
-74793863
-989433602
1000065394
1498491935
-397247839
873249548
206193865
-1905944134
428720672
-1191543547
-6238262
1598226448
-1681756313
-1440815640
-491381848
-218705363
-147640800
1855942032
-561139881
1821154320
-893807681
-1093100788
1603380210
1495248438
1510623452
-527269398
-630673934
-1319643622
827638148
1230686385
1301790883
-1936100039
-434632851
1611638078
-714891836
-1681067050
-1909845759
-818186846
-157346429
-377784687
-450190478
900682831
-1930191685
641465534
-912866271
300349968
620733566
835534410
1119701415
-1410476649
1789298169
-2143121947
1104628409
-402029676
890895759
601312581
-1273160229
-142199162
621462831
-675457530
1044461514
1799874422
-1847888745
-1264585597
474905199
966206383
-1744935556
-329956177
43623084
1358779317
2115413431
1997846701
-1124715248
-1883557963
911031340
1432277434
181714320
1342820080
2025036647
-757331193
-1476119411
-1474102673
1004394357
679900462
-878223536
2092544384
-1242493418
-1339524367
1189608336
-1956771339
-1081725274
1360235498
-802389518
1671593498
-801566432
1147439777
1866803108
-1690711072
345057211
-1146262390
1003616805
373774306
1086000098
177887677
-1620950416
-245998927
-1619457223
-410907545
-1006186632
-555794174
-2049140230
1925914505
-1042688967
-773184770
1576839881
-1782637382
397706053
-1537199702
-1003065529
-366002083
2019594449
2113867560
-965831542
1345683408
-1228185882
1025546039
191900940
1294801774
571518570
1240699616
-1873376744
1000504801
-501527067
1869556853
1265481563
-377003344
-198996851
1865851472
994460928
-988120949
-654657228
-453749659
-786117193
-1623883765
374472524
1547054363
-626311275
-1474494656
-478532766
139185508
821136928
-991794167
-231555089
-168759145
-575828690
1534568303
555029714
935971055
-1055902347
-1109616340
-551767226
-873687067
346721079
-529021154
-616121476
1755002585
-173556849
-1237200051
-1044858368
-132915948
-223848808
1248103339
-1581432936
-1311705902
697744606
-24504068
2042372057
1940385829
1749054367
-179232683
1895382786
1348974559
1201123277
1325486310
-1361982316
1813217242
2001525970
-272941584
131494778
-1239638611
1563260441
-1090450047
-280103264
-1345170836
1297016011
-1936067499
-574190405
317440287
-70228683
494588389
1556194953
1955278162
-507270277
-1505901545
-115645628
373338602
-1448959377
-2018181950
1899599410
893087839
31086755
115997779
-1581422323
-425547488
790212394
1317495778
-143278600
-1862091039
-1926082342
-961590919
719652469
-1800746840
1612454431
1407542208
282639859
1434728833
1299128575
-920324185
1689894206
-1102100055
-566754704
-259591470
975652591
-1958439559
-243149340
-398015268
-1453192207
1370700264
735138741
-244345736
109554050
-476177580
544652811
-1681652587
-67600246
945098501
-1272388880
1285514442
-291154052
-1393132568
-434023002
392312303
711015461
-1280309578
-367909995
-1485659175
943308773
1744594474
471493494
-935562386
-1508866091
-1064000761
-268911282
-327376529
-862423893
-185181765
473024968
-1998962250
893655704
1005282589
398413189
1788514212
530783904
358908501
832783275
-1753468999
-1035943270
-1281219550
-2008382603
-1578437874
-1042483140
295961919
780862021
-459527567
512558194
-2006293070
-898590121
531957342
-1376835596
-546245018
-2133296828
521910490
-1173432441
1342481974
1979071611
607345647
1113971854
1489471448
1567179650
-610539096
916980573
1220402752
-1286903908
-766183237
-1270995975
-235873662
340196505
-719962903
1000929377
1365825200
947138086
-1416534862
-390396437
716634341
-1250798742
-987507503
1367480861
2083626787
-1848184843
339808269
-1731842728
-1898652364
1861872763
-1061171243
710995209
1148750912
1009568554
351585754
252425477
-1546168744
-1388397328
528380533
938762688
1098840239
-655854830
-1714556425
948013431
239331949
-1106935626
1386169282
1340476317
-2016481021
1949683460
1942444402
-418736398
59955762
105665648
-758198677
-1291660675
696621196
-610410615
1172080819
-866509306
-915259497
-796114512
1690791802
616550140
357219712
2089042705
-237547727
-1862756761
-2060851450
363951809
2091369237
-1983258283
933052662
-49937288
-333182964
-2047418573
1691542175
-1602076762
1541236983
-382153358
1407255913
-412948179
1151155334
-803358377
-1337137958
336294201
-663344372
359643262
-1086865930
-1103185566
-671332774
-1995760524
-1107370765
87376325
-1650685396
-84708116
1811301070
-1615321267
-1087923145
-1124382405
-98334982
-975480882
411157065
-2023607949
-976438770
1031656679
463664311
-633028102
-1097472245
355968687
-653873154
1242487613
393887391
152716955
-1647826988
-1341014349
-1110386557
-1283062079
1648844275
-391952723
1958526906
155792538
-1212618578
915736114
1771803081
680304272
-34531586
-1121543495
-1061783914
-2003449688
1619919681
-1658672793
1883253702
-1971423086
-1648842050
-1150879735
532771155
1777515754
2031710278
1305638431
418345079
-1035000181
-546829691
-1413325739
1242546433
-67836559
-1245455482
783653236
-537279681
1430249768
802366768
-354888522
1980079919
507199588
-636654225
587391010
-1931847921
-1720343095
-160953197
-1614698289
-1204173095
1756192091
-858823500
861375268
-1656662792
898108478
-1495061479
679552472
-972996067
-1489727924
-1959813022
-923305341
-1832149832
-651948825
-1891767587
-1022261863
-2057214332
29150793
365415410
-230120997
-1180774236
39872824
-407629129
-2024378253
113482834
-372202854
1162377091
-168275131
1422363703
2084935596
-218815277
1047929560
-1461483675
1623273565
-1680438203
548058587
1878801747
1628875889
1514332451
-463183851
-1420635274
-280086751
579062546
1689057252
1860539675
2107444326
429096465
777785144
1959601181
1475273441
-688967944
615711998
-1844096940
-1544665518
-522910503
-158984964
167210361
-1981113352
184948003
-230264776
-519421080
1162388558
-411864188
1348727457
-869602126
169686842
737790675
-329072135
-1280843873
-1844319352
-1184911196
-1464140904
-1610438405
-792075317
1516596077
625677995
179151873
498782502
1274791734
-1445419722
-846406536
806327981
-836007885
1643371508
-1839989557
360125655
888818891
700832971
1998999900
-358249705
982382477
1501035273
953717325
-1082034557
1794850657
1948910326
1861920489
-971823107
242764837
