-425933648
742561339
140955108
-723900510
1880419197
2122433452
-1507913971
-936990243
-22896737
-1995517599
942357975
1573703220
926695980
1630433194
740478511
2143203538
-731625317
1607952035
2031676512
-291178320
-1020335762
960466693
-1157091793
421663230
-1443659300
-1707894743
325762754
-1356433579
-1049854388
1947498212
-2079733168
-531333189
-1813988688
-363503718
1374079863
-275963726
-1299917192
134061928
1021827710
-394293896
-1065598890
812316178
1477470780
2068679404
-1533917924
1394373330
1745363387
58593187
975119362
-1745052513
-330420509
831684007
583147973
-689765991
2068466392
1130231369
31159125
1225676003
737364639
1448857013
2037712735
-466021564
-122327775
868349125
-1317304582
-2087005736
431827360
-1786293101
2068126828
-186832442
-2119809090
-552535205
-947436621
-670856170
1252697140
-2098410350
-267316568
-1921552302
-1158968011
1634237897
-1970323200
1960761454
-787093308
124981845
1796716140
669635592
-1284877725
271516190
1409950550
-797687493
-51877980
1148746515
470874576
271529293
-1487322426
-1110759581
675851883
-968625157
2064767804
-586813859
1475832482
-1342168900
504238369
1676914082
428404384
-1299955743
-291493715
-339556585
-1970886776
-862882693
-408228648
1457817094
-845154315
1635203165
565457364
1690457769
-1490683844
-2083651612
-1223287440
-731199459
-807203745
-1803617549
-1361831866
345522959
-1492078664
1599576264
-1615405484
-1131439988
-2041220119
-156144418
-826627673
-451162782
1961576527
-673176639
221813508
-1654626830
42647243
1083012628
-1476853307
-1082743020
-1643106757
282448635
1344157460
-1188716263
1173289666
1873790930
1314281614
-288102652
-471151072
714961284
600295028
-1745661067
1134275147
1295688402
1361487800
-184672824
-1169834744
-2024512187
1103020329
-1857937358
88574031
-752650161
-1887940250
-915533272
621697981
272869896
-630664006
-1349951686
265752699
1797679711
1638884009
-586305125
-369109804
-426578683
-1000143709
-592586872
830933304
-1749841994
-657854109
-203327836
716406901
-496347460
-1918871016
927799418
-587179123
-1585642448
-1531622807
722043521
-989779957
-277537363
816112757
-1861948857
1045684994
516929051
-278179532
414393139
-2082874251
-1186529317
-440023434
-317085807
772494638
-816355152
-1354390627
-256674289
2066297640
896674937
1925289216
876282710
1880689372
509959407
-121901545
1649415870
1738728949
-947417583
713252953
1832129022
-1599098151
-2105405607
148028845
1884227615
-832258433
210626645
2023667473
1140864339
3719919
-151906061
928614302
271998625
-1917696740
-482826278
1047863985
491700938
399465002
2022998466
1464526015
-172026883
1918717198
-418878826
-857034973
-1973708939
402591256
-343353970
-1512745952
279950466
482531887
-107696688
193285917
-83426855
676214422
1801883896
1218589688
1141678198
-619391666
-1271040200
825268823
1748247427
1550756822
-511048221
-1168763187
730560481
-1827184162
472694647
67318253
-1344405750
-1766291984
-789688813
989025195
1703323650
-1337359127
-634038599
429124152
-1565620544
121786066
1169576666
1917545874
-564908190
1107262397
-1237723353
382147200
-1157877221
-1427605999
-1164577754
1990211853
1918554733
-724491704
1962584634
-1751629906
-610251255
-1509378426
-1677554628
2008349268
-791909171
1392801094
-1785435978
635587324
230382922
1327827854
1516504968
-282520185
1465487487
-903146729
-2033409980
1789585358
-1003537896
152397168
-221140559
2106370562
505034920
708427826
-896325970
1277586647
593736654
-1426573422
-1141496783
-1151989086
78632122
924674039
-1883473382
-1912726887
1225167462
69990277
-300032069
1039892578
1791925806
234836257
-1126061071
868857574
874914934
-341047284
1171728937
-434127823
84164845
1725477241
-284262534
730160256
566317884
-900237048
1698441634
1067622894
-1480120633
-1320744624
273118569
12475014
-1619063518
618802297
1611452639
105325500
-1703167602
-471541241
-1366991111
-2115474540
-1361151119
912479619
125651023
316965298
1944309523
-1004644113
-193256714
-1928288605
405737815
1746892297
-753312325
-1121124805
-1844899058
371685249
1970953581
548462058
-1972979715
476050496
305753121
1212776131
180930638
1274654013
1198386362
1760925264
-153023794
-2123661286
-2094632441
-1171840487
218233406
-1793956036
-335505588
-572858472
388493854
-852182585
-1847964670
-1229602878
978825119
605337857
-849479255
382741636
35285833
-1314792964
1687616882
329295614
1846107691
-898880613
-900231653
-170469615
-773875790
-528113106
-774111426
-1528230767
1672982827
-1810168180
-566845699
-1032725032
-1432436301
1996835708
1407826799
1342074716
-1623308664
1301857427
-1807082597
-1692989005
-1873343095
276309496
1670023665
196809179
1120473457
-371085342
1795571352
447647832
509717021
1621558244
1371913520
485432420
966929138
-1012028592
695660997
1538908823
-1400143160
-1098579068
-1100237179
-1082518280
470998666
-748699188
637680196
-1337214924
2064499118
2109587819
797167169
-1136803573
-1832430707
1477985862
-1208090342
-753072028
-1461769967
1707986566
-1653224933
1250881628
-740967175
543751214
1829417098
105135598
192949496
1343160983
-964982334
184513510
-1606143288
-117751589
-176671975
-1893741818
-1895330348
461532027
-1500769216
-133928972
-1201032424
1739631781
-1595051028
14098721
-829575286
-478784786
299989749
1161022668
412526122
-1095958697
159770624
-1943617272
1245399551
381174736
1693797156
763816375
228260673
1420035493
-2106618575
1188846662
353570799
915049966
1867122127
-2047531880
-1587280602
1040070523
-1530820894
-1844414859
1473521392
-1172062464
2049793107
43105164
2025789944
1296110196
32950802
1644264683
-1436543090
1616553363
-437708036
-1328802808
1935878319
1486284380
1605743509
1836450252
-1777391682
-968052942
-1035718824
239234254
1799440412
-1594975120
802472326
-2059552854
-1147923953
-1101945932
293613223
-2058391685
1366622880
-1825510648
1185690524
191359542
-970580083
-1249428351
-1782313235
-726976503
-1659854263
-1316802058
1202039180
-333966858
-1905499694
-724232425
-1266779753
1116099933
-1011580168
428342809
-668610450
1857591980
-1997885778
-1045576702
1592147954
-833693869
-1213760762
-2092851167
-1025836463
-1966203165
941995475
1320538434
1852268681
-1942168254
1449339505
179081353
1720075504
388624086
1654643574
-1109412624
-1745137322
-1361036572
-1139787584
1582871075
1840310874
-1131883816
-683720597
-1275865406
-1023047723
524220657
640364969
-1729300452
-2107087715
1580402823
714108435
-897939657
-1679716522
613668080
149390082
210741885
-2090510391
-1150787915
-1223738611
-1123116571
-1426840623
287498248
1764022644
565355829
1453114821
-1350974883
1014779570
2085059215
-815700813
-1331089643
-40839527
-329571660
2062832625
399793097
-1932071115
897719771
263822896
901701433
1713388809
-1798058765
-261781065
-174939856
2086316479
1421256998
-1674456116
224136604
-1822520179
-889032471
-1164901353
1253921702
-344790778
95687924
496783960
-507998390
68279872
-1387229658
250426003
1710654810
-595232450
-2111796930
-1485635961
-1016517325
-867879723
1579667073
-2117061300
-1930582673
1175878113
-455490739
805798022
162749291
-1994107131
-1859770463
-1432469199
524123148
-1194481316
-744850878
2132588813
-1609959811
1492190128
1871029427
2142168519
1838175337
678114152
-352765119
-486390687
742592195
653489360
-762234366
-259504696
1257353127
526320380
-820842147
-1061411103
-1113241305
1982271608
-1709028387
-1178973672
101077448
-1784436401
281531597
451607712
1025230528
888622361
-2039257081
1076603959
-231137671
734520060
391902383
-2029031409
2107204550
-409796439
1532995932
2069009418
-1850057750
269284717
-68616936
1122971230
-1067905365
-1240913249
-687083469
-1215712225
812968364
-1733699845
-2105567830
-1084934392
1522242236
-1080673341
-1194890426
1990088418
-250044307
-602182486
-1719329905
254373305
-447173246
-1414778060
168439429
816481890
-1243665954
1713256708
-263673131
768907912
1932856560
2146568217
-836505026
-1993472125
-1645801962
663089346
-479218391
-484050685
530778696
1908387322
-448712612
-887960830
-1539169772
1722774439
-1764780730
-2138343506
-618625020
12249013
-676054565
853408034
-731867999
432657521
1828990307
-894672764
-3191926
-1282351695
-313494184
-218280644
289648278
-1841523102
185045314
521867763
-2057105967
1768337604
-179817194
1673446814
2137309886
-1457723430
-1911430492
215685966
281739376
1028759228
-855933536
-1936608563
-1897525729
1771471387
-1264452879
734166646
1583735261
-1039935887
1839050173
-1579098581
-298531477
1717527591
-1963822624
2132666129
1705533968
-1007421329
1317727938
1056023776
1711240019
300710100
81906645
1992279622
2041073762
553950690
1483824497
158502294
1403355521
227441338
-1677004637
-173848633
-2022569782
2045645002
1213040380
78567892
1933389109
2142969314
-2116642541
1090165122
307628502
-1136882102
-1526953598
1671485749
-1464969433
-2049434668
1546738349
-1772646046
708806215
1157071721
1711701258
1570596364
-185755627
-467765358
1722976868
-1985991744
-993214766
-1925760313
-939250116
-1063318663
-608465892
918097357
-957990068
-51510709
1977656128
-1441713713
1635561130
-550812656
-715512914
805965749
-554107324
-1021376648
-79180727
1919925553
-1155513131
395406052
-2062323882
1215494757
-231147667
1377745095
-1757682186
-627119648
-317821420
1862027888
-1975152065
-9600379
-1110848920
-2033537408
497168709
-1395615788
-1233691812
-93633275
-291857761
1414298217
-793787082
281099345
1437968752
1952950135
-726336653
-846869314
-1723341597
1983206263
-1843349753
-556516762
1028280998
-918990260
-963737615
-830179881
1128911196
-273175781
833559348
215624891
-1427072982
1121543073
-1462247623
1395930382
801353321
-1772002479
-1168334714
347938950
1014738305
647749836
1415069104
-820900848
1975561533
-546508832
-108476061
-679205327
-968338734
-1997831294
93047446
1729273140
65469006
208445475
-1719638813
1994145868
678003784
761197217
-1950255683
-2140257715
536224600
1768591876
978107034
-763143394
808891465
-900715416
-1244233272
-1403819388
-501247059
-1421627571
1432676355
717656641
2002211752
-276500274
384759634
-628758055
583740174
1049314530
1928299078
1894119413
758649542
-930892742
2135039212
41342023
1869984060
724515100
49341970
814934442
1427568050
-1908006481
-294288125
-957617736
114254700
586296469
460847098
-314893733
-124539456
-269329297
-15028836
792049628
-1340711199
-1243044339
-1641319722
258445420
-453065736
-633159259
1546103435
-1907468821
-447495061
387717120
-1225177930
-1546326080
48917237
-739717000
-1530175879
1889700003
-326243939
911764695
-153477011
-578426706
-1176368968
1157186282
-701558117
957878436
985079872
933581995
451561512
-220486964
1406963179
-2029642825
367557043
-1074808805
987958006
2113500535
-1407590028
1493515098
1661921485
150340711
1631564780
1957005531
815999097
1633285968
-2094585276
-1437929714
-1946420482
-1655545140
-818660897
-778197400
-1340149126
1319970997
806716245
-170197748
1011752793
870773961
-1604751993
138501649
-1503168037
1580109865
-1575518501
243988998
376527403
1767484785
-1425745146
-356372228
-1977758107
740830436
-1510873700
-1980272775
824805167
-1369722629
1358002222
1025736313
1699076245
1366636077
