-739126804
-1369665584
-1163027061
-617338292
58411241
1066631208
-1163752860
-340636408
62918864
141532126
-2062208508
-770154491
-1343338086
2958868
1689612409
-518591805
-466668156
-697005557
-1634485113
1059950820
-656724768
1244087566
612371516
-2012814351
1939196389
1145150636
1049976524
1249280548
-641302958
-958592596
-708081634
442101764
-1910410689
45346559
-1871397672
633097664
620573787
597691998
-1268383615
114748687
-545320227
534642088
314031160
657438462
275349927
1714432107
1478695549
-1641808821
-1507953358
213690007
1258517746
-41526169
-1427913953
-1962360897
-1168508199
-780565249
1241006485
-1175693662
-260645174
1745922918
1604436110
1201444426
1431910677
-1049124950
-523989172
-1633413865
-1715343515
-1159077179
-261902675
1055729003
-2050021238
-1274555524
-1941871046
-2125726337
-972779644
1995821614
-224730785
-365149772
-1559739695
-811975726
1706664344
-839442013
-1804221158
1154601770
1150157810
1195273560
346756243
1199461031
-1787609143
-298958597
-1543372188
-1009402246
-647391714
-280564819
831195247
-909593875
-1302112716
-1438360933
-1250586375
701342884
-1573562001
-2024488670
-1324030485
794855264
1154740009
-33550588
74570579
-1014448132
-173308534
-742633363
-1632054946
-956564877
287913042
435540849
1887086895
-1441332959
-700452149
-488720104
855533940
-1616365631
-1472231219
1844625742
-1101182959
609063084
-1349411246
-182667508
1776434952
842198298
-280482808
760707111
1983858725
-1411467583
-609621840
-1408046257
-1254348979
1026057008
-1547986254
-683350290
1634443516
1302850508
-590003894
-1909096319
846983498
-1878477404
752485300
-528912167
2042472808
-542343464
1468241038
-692893648
-968966238
-82392040
80759690
-33951825
359141743
-1093486944
1630860059
-1835459489
-51291308
-1860608656
-682935876
759908472
-87632783
-349230635
-358759188
-202628424
694889474
2098748253
-376616063
273568254
323188211
-279016454
1865864026
1233441143
-1090400127
-1772743101
-70893591
556588714
1459957423
2077216701
652154460
309716197
1355980539
-1112981954
1770347176
552813360
441570888
1750366561
1712925471
339550882
-1172824402
-1843934489
-2047758679
-1037871957
226458726
1527636630
-830138652
-156189180
-2061772000
-401202952
1157841712
784657835
2033496146
128647526
1035075871
348109905
-283632491
1791420421
1171135577
-1704931746
-1234604614
674922875
-588958723
953164751
-1159391620
-341479307
1372736837
-1541648460
811122404
127520290
538902039
-1147080054
1559985644
497108762
-1350264126
-1884879403
-2106584
684221392
984744536
-1826725048
138588052
1851561094
302286637
-439831667
-1988383301
604752906
1618027958
-1793576207
3831836
673252531
-842570733
90080388
-1844874775
-1333998884
-385339576
-543348746
776340929
1672308882
28527450
539703547
1530865691
-1176739627
745157359
-271835621
-427389996
146727216
232724308
-862469432
532872582
-311245582
630334691
-632100007
1599324993
965662669
1655810751
1255081038
-1338275279
435808396
-719444178
-724223979
-792136422
1989213019
-1109242773
-1343551622
-1560108775
1317992416
-1152253925
530075259
-350431849
482866689
1434804184
-1533083603
-1374870551
164331961
-820194272
1984273405
1374772902
613876508
-968104952
87202015
1361725731
862987924
828862433
143110043
660132602
-292074613
799283139
-832135052
-1927747920
1564923041
490858578
-499883821
1952602315
-1990678713
1633973547
-1837166868
1743450096
-1714891436
1303607121
529298218
-1915823151
1534453478
-1626492138
-1980589587
-1523685067
-1242654540
-1348865415
1068377271
800085992
1056137543
-1741136333
-737550556
368478240
1958356817
-1458796061
542015455
835153685
1492056260
-1331008717
1603119980
-256157902
-690848621
-1315675775
-825776789
594279948
2008349362
-1492278905
789713262
-227977605
-831026280
-2035368118
1486166772
175948821
866807424
1966966797
96809064
2045164087
1857467335
-1071728990
1745347906
-435758174
1464450465
1789862011
-821916285
-846072655
-778031305
613647922
-56167258
1414025014
778906043
2080417141
-1340423768
-216685582
-857593141
-1892922368
664904747
-334802611
-1674614176
162513411
-627301348
1781315194
-848311005
894581267
-1982174077
-494372700
-636931151
-1305161538
-978461620
1116776747
-1196527526
-1622171222
856710374
19359906
-1504233238
881093120
-1239150812
1373354334
-281910712
2058527837
234019342
-69141486
1764671930
-1121111368
-1031709450
970571760
-142813977
360209884
-2082776811
-231912876
11053843
481504641
-507833262
-984023453
1051570229
-1747816043
-1497151125
1986814861
1793865696
874336189
-133722855
1231537709
329219794
-851589282
-211016400
-735646880
-1975031188
-1114069142
1899473046
211467086
-926486567
866198929
1320464888
-165882265
-1151810413
1877130670
-1152029970
874433205
-658142504
-1330409651
-1860937340
1540861574
-2019578206
-1494915770
-533990637
-342749368
1433408361
-1528267118
-972883194
-1415830713
2068448533
-328863167
-1119144731
-1273217197
1423116262
1375902225
1673214762
280643077
-1279075882
-125234896
959933092
1633170150
-1762688495
1809344734
-746181940
-1566658759
1618649323
1785763765
-739722594
640060363
-1716302037
-1611287530
-1787918500
-931621628
102053762
-2055161505
917266677
-388684429
-622742379
-1867491140
66060309
209158753
955535585
-33160113
1131733549
-1283258509
1074735943
891009821
-1776482861
1511206923
-515149284
-394676744
-1288160373
656538066
-1762530825
-1262253802
85630106
772039162
-1454195773
-53418753
-379188409
-539335720
2101262906
-1949066756
-569987703
611333092
1921518628
267744400
447946598
-1539662756
1971668625
865100439
-1156239358
870160603
-2046618829
-876530486
-1949095539
-640729275
-803883183
-268273107
-356235280
1935020021
511756868
-597061844
-1953530197
-1481282567
-1935788630
250466175
-1780881244
-327376354
2008287130
2027204598
-718741506
1969415825
1950586560
-2136011380
-1002811800
-240207858
1336929653
-1746134293
-1030044904
-2035883658
-544671738
731179834
314745997
1068219543
-1291362805
1299068576
-1295714513
1226463328
-570618299
1731489097
-981905579
1386514105
863169370
506849174
-625772238
-825587176
1738169716
-1185574931
747893144
-1108694379
-180584056
-1439999137
1949629968
241340953
-37155778
1073937436
-1057830282
1959538009
270980022
1873296450
160567289
-256067078
587941294
820594539
1924665523
539863647
-1444166736
-1630564346
-1987823326
-1328611093
-613923938
84083572
-342304037
1443849930
-1566008201
-1464255512
1839441888
-615520735
-1518921980
1977461691
1601768736
1352702155
-640929206
721193402
1942401459
1564456424
-425317605
9067366
1861085008
-1928949780
-202811282
1785752337
-1356713016
-299334280
495164066
-1517818825
-1860029696
393535240
809560100
719580939
934556061
-987779225
1304541541
-1776314253
151842918
-407344878
1223012481
1548423526
1671487207
2126783144
-953508947
1130635873
204997461
-1167545293
-182774137
1847280553
1941406532
1256386981
317542814
939969864
1649710571
-1486476622
593972471
-1333743365
-1871590982
1750825796
602983487
1485026395
-259905579
-1835222759
1342451082
1209871700
-368759215
1518234727
-1650995029
-92363360
1506805588
119873546
1376577053
-1250110486
-15290780
-875822776
1762231355
505848609
-1962655490
-1154016137
618048154
-545357411
700436762
1045108892
-1920859866
-2079310409
1001715336
-1766815455
-133840800
-89318915
-27981765
1184573185
-849724481
-2058689637
-1111379332
-696336017
-967780916
1498923264
-631239816
166664558
-1731738186
-1546531995
156862720
1940208386
232185765
-1293597427
-1091823048
-1776433254
1341778725
558112128
-1955017631
-1198792582
-65719507
-1732194587
1667834398
-221333937
1829354273
1314856863
-496290076
106905665
1595790088
-697878197
-1046440122
-427636674
120389051
-1801639648
-1992388022
708254659
342009750
541799224
-387066258
141778655
1090712268
-571261252
-23262971
-959997644
623088253
-1886097089
-671122858
1118422499
1389952237
-1129219791
624217802
-171193195
-1237583880
1804123899
-1770957961
897783455
701154444
-1048952108
-1567871811
-233838670
-2131951572
1982743990
839524092
1824565108
1437694602
912610747
1387538041
1662176440
1258998731
1224093189
-1346258578
667761212
-1222097169
1617211845
1350474458
984745961
-1500241555
1894631854
939103692
-1274131019
1079138100
49893767
-1367795789
1412777983
-1389003324
1847598810
435489378
1115586488
-1630417605
2014875007
326322043
225467444
-1609898042
-1825276792
936169305
1462653102
1716034582
2069480746
-73489052
401985885
176220569
244050298
1096190267
892540470
-70944438
-1744305361
729406594
-551558884
-1349746898
1564464738
185125740
325862321
-2068591511
419421753
-458200307
1096240145
-113399696
-780982741
954175556
98173167
1231333549
-1991779591
-1817683135
1724798175
-1600694719
-661869292
-992197992
225016303
-1453190294
-1512455202
1388021098
-1100165226
1435900745
-1856250706
1066930018
2075238197
707694306
-2086066408
189864645
147657146
417239087
1006854788
1429721706
-651460918
-1196920061
-163755307
1282213372
-1099389973
1082254844
-169738470
658999853
-1344496596
1902253927
823709593
-620039509
554970752
-226619900
-1027119176
-1638362019
-830771078
242082647
-1857294955
-213581034
138649452
-2114780177
1693165517
3717978
335340268
-476499834
-323389606
-593942312
144452406
-1003635590
-985638878
612578271
-1317029842
1446168944
840347282
-532795097
1800242414
-2140644155
1391259131
-1388184927
720410682
-1967783207
-441991807
486140508
241630666
1317727368
351690323
-870029778
2053604782
1866414550
708915277
1258489200
1566638032
-1367433599
-892400427
-1113994604
609664594
893417851
1316972613
1733180474
-1389204684
-342901253
-596242510
1048243116
371012741
-974035721
-829778540
-459589215
724376177
1083086437
-329569275
-2037315173
566937960
-1217427869
-1330036650
885822971
-1967535804
1414879343
-1196203950
864924879
1809661649
1670898158
-1596054485
149943361
1715760660
-1727309175
-614253200
-822139173
-1137537543
1742230509
-81282718
-1833321625
703802932
406913353
880243575
553631798
-2110374468
-1921249453
-1749787351
119930243
-1319672298
897112356
1482174286
-1228177305
-1068671641
-1684266111
-1906557186
1784455405
1613211250
1731086569
1692661885
-1146459650
316972368
-2133012638
508311408
2096337280
-1879019984
509107088
-792405900
-1003854604
1722871592
-1239421077
-1389042041
-579983917
-773336939
-1642481854
-2109185803
1275354418
895646800
-2095851273
-1310802927
-1969960840
-1571958382
663536744
1714978467
1713875781
483558574
-1927955534
-1058759472
-1501504368
127135379
486315888
565645562
-607529400
412150540
-1659099531
-248065155
1343547754
1025331689
819453408
1239893799
-1160288395
820561948
-1540874941
2146329081
-1044517853
-1529725515
-127040831
29228290
1096646438
2070673366
1101716392
1644326094
1595958598
1885205144
-1725462497
1200454256
474304495
558622094
1652372614
559430513
52816988
-156080500
-259763890
1984896221
585417761
170041247
-450239019
415470395
267754044
-1724821088
1528601287
1564629889
1602659631
-322087970
1071008794
-392470596
1959963086
1658343302
-1785303035
-844740244
1644303969
2018783359
-1728736121
-1978384475
1890640214
1331071498
1571094156
