-1435216016
-1574616801
-305282717
914404419
-2138456155
707990452
-1224783130
-1584349252
-365229581
67937476
-229243433
-1230316585
305340059
2135328014
-1058805121
-493790041
-200272943
-179700359
-127107386
1070757535
480409527
1725829973
-168660636
1292239772
-1111364978
466308016
635343735
503365641
-200653952
397100842
2046848336
367068475
-203682311
-767231908
-1640982810
-1216287100
-376600769
2047788796
1467184962
-782762944
-490303126
598778846
-546397837
393726212
-739927233
-2029367247
1596380456
1067209754
-1073204006
1384307156
-877002402
411104720
471329491
-1843349302
-1098276103
2046168844
1720383771
-440057784
2050162541
866854107
151497297
952019546
-1112760141
-416932112
1477076612
292165572
-1144264113
-1423057870
776951720
1113784552
1146930095
-1669149136
1090139146
-867851640
889001217
1815910839
-321271580
-1312156761
1631737258
-293479608
73603560
1078525048
-1370847058
1387690526
656631180
157578447
1688234218
-549478861
2054831331
194202328
-1267479136
1315310896
1293147679
801593310
1669674037
-2037095078
2087549766
-2000645053
1626045323
-1707806207
-1755008665
-1058072482
-1058010349
-1862750706
-1076477644
1304566912
-627700293
1002221755
126303690
-489229891
1784614
1628188454
1222701387
832233302
1551893963
-170945196
1462963287
1866811950
244252266
-646620955
-924101572
-840149167
-1285052014
1534635369
-523512124
-443022542
-646724421
-1306278765
206926674
-1278608081
-2021870197
-584214013
-82117072
212436533
665711286
-555145512
-1406891258
1846506588
-820291950
1296241752
-833015597
-1992268117
2010671084
1634733308
847558645
774195764
-596629618
-1237545689
168723521
1492079368
331997266
-1875050565
-314598986
-1082630532
2084201195
-502924640
414858277
892515884
1371502047
-1868650341
-819511186
2025540302
1628688523
-1760846286
1457936121
-2133191434
-371419372
-1309512483
537891029
1392061662
428888445
-823594883
-1400845383
-146643723
564530414
1030138678
747684850
-1949828075
1940232273
262518004
90563069
675821016
136546790
-549400930
-1687608339
-1120795934
-582738274
785227573
-1940711469
-281719445
-1497551454
116567654
769745230
-290980994
1704782903
-407328127
1340370676
-513749342
1641901898
-322384322
-1181723396
-756538149
-372188321
-1221376003
-1978749011
-1235962386
-168988695
-373416261
-1776959478
-1308446484
1247648975
1450161117
-1230277022
-2018748109
-1101008665
-832956995
-102147766
-368481288
-737695271
-1521920518
542507629
96439644
2114648668
-1800183419
736165348
-608074800
1407680256
1245574708
727443820
-1307653655
345929856
508401757
-2113157596
618336222
-2061115806
1429964028
-1386852071
1233354336
-475264073
-1980348395
-1918082245
1559582354
-1690983881
-786516940
1382770659
-2069464531
286074557
-2003066118
-222528858
199828760
1156945619
295910925
2077610886
1479397519
920742857
-1997127609
756451258
41193701
1565547327
-785804811
-917195086
1199023965
179000935
-1145537788
-1784549086
1691134194
1426520745
1223693061
-1527373280
-1980361424
1542962675
1695704167
1385037911
-541522555
831277936
18036608
1248817910
-936440677
-761504527
-460868428
-678607592
-2129040690
-2035134254
1471508663
1980868395
1989974024
390579256
80902701
434114593
1832257195
1249930671
526208996
-806651545
42227197
53377879
-893757238
33723506
2035297334
957118540
-686901965
-724540664
-1003922314
324210362
-850356717
-822792976
-1333960200
339821382
528835099
-921494335
-258179368
858915858
1842620090
-2131036733
-1518775284
-1498527667
-1721269566
-879217288
1074773679
1575502698
-1965992284
-290019394
1383213563
1301127084
1137719687
1209489096
2032099225
-739095399
1738108774
628931009
-276996217
-998412166
-755667190
-197078060
257983999
-2090448060
-827079734
240392881
-1259021251
-1622448954
1009166287
1316723423
-2126007208
-784678
-1658017121
582847673
2081977754
-2137413048
1022309440
550163205
1753066623
-523092673
575887138
1614162008
-155271834
-41420639
1431943548
1813271521
-1792958481
-584931272
-1724750640
-1259290484
-741086817
-2040762496
-1732663454
569730835
1917615043
-2109483599
-1351998285
1855494553
-1321140498
-1567658409
216695821
-1345040842
-498434882
-762613681
184193877
-2101758340
-2075354786
-932883186
1723687401
-600499614
1575280889
-110094073
225621917
205508837
-2008966667
1880974503
381833349
-233572131
1918810469
-1663549178
1744455151
-457286736
247639994
-1137921642
-251244025
-1300499990
-1727146813
-1567238364
801628658
-345336927
-867942027
1798549929
1030984921
-616347551
829140740
-2065095029
1909896267
1460677769
292488064
-527001654
1885802549
1932533562
-233106574
1627676685
-218363901
792805826
-526337564
636579312
-28605045
-78119691
88423857
1157149484
869850590
-1088466021
126321495
2000098463
-52405252
832045151
1225706722
-1484430124
1432428196
-2008586347
2029780213
1428454087
1765433412
110113722
828817882
-1641558764
-931422834
-311320476
-515876137
614270796
-68760145
723772861
1632311486
-1189832155
1876017338
778458507
-709589787
-1129608827
1986080697
-802588915
1214214350
1201385587
1573934686
1354526536
-541108507
623790265
-1207124131
-861456684
-420436857
1658135770
787695174
2063411589
-677258066
1254978474
-1929043845
-407877866
-903676012
1703685837
290381544
-914545128
44585178
-1065974891
1095397339
596715098
1972636255
695194678
1336947609
961214096
-1097468782
-844782176
-691208284
717617902
885491089
397296002
-1239083422
-1335083101
-1473004989
-1799235273
845430784
-512362193
422943404
470292061
-839183365
-1072888606
-1206157845
1416555605
827607371
-1945029837
-1943730739
1087091124
-1876310774
-76863589
826659742
68214641
723041809
1526506557
696951483
-272522600
14331231
-1469627473
-848753600
-35627955
-449324312
-1129908832
-329113423
-1002603340
-2002299460
-1110698618
-1726366788
-1865302677
1534898359
265852217
-1684543219
762042988
-1263094866
950354715
236383851
1336050251
2063614149
-1054550004
-1066751578
2004935024
-1978216290
-330155709
-1328013442
1034543930
966550413
-155899586
-832033992
-355443869
2033521504
-641159749
950003696
1764410165
467810366
225310420
-1772079341
-569354391
-280518005
870006784
-1550655347
-2002303365
-281317479
-1786562217
-1175889620
-1726431133
-827404283
-1569351965
1745464802
582876504
-609103565
-402576806
-1966743114
371648241
680804578
-169236486
-1737243203
2124342692
1292283426
-1630849759
-1577695630
850220683
1404045742
1374508997
1052877744
1787884159
-376583213
2123822667
-971682078
-1875934793
-970744592
555080269
668898892
254927863
1494022960
-422219711
1775155927
-1051280454
701267929
370303117
1625521430
-831470806
-1062547528
699444228
145430025
-1214720904
374079333
821757410
2017783673
601747060
-1107700476
-590261951
-2109560848
1995916659
-412021330
-242072152
1036001855
-449723207
-1743311084
-1671280928
-1068838600
-541601916
1887207062
-1538619155
-970706485
1629634631
-1651701162
1041155942
2044763805
1790208115
-2076193381
731575215
-873176475
-629985989
-667768347
-1235862916
-155842145
1756582451
-356485724
857926927
-944679809
-278750931
437547217
986677401
1802440487
-1914541033
-17768143
754278099
1433103334
-848750359
-1626700775
-1831307507
47887563
951982836
555778008
-1732734355
-1556264426
80090659
308848191
804076057
1814818927
-982689720
87562322
-772812354
-1634376205
1449625884
1082682070
1166045850
-781854614
-1878812191
1269464202
-399597344
373186178
2012265496
881661052
-124863348
-548562512
1144100655
1667989303
-754489040
-1142556914
-1689932039
507950866
1806189954
169313001
1643766511
313469204
1766227445
-1876188932
2023641914
1606742674
1529102163
290162005
702785707
-651950087
385361567
-1864577147
1573453232
944063878
1404689792
1929133596
-738270171
-597218097
713093206
740649030
385431032
687996561
-63551683
-545806889
736911672
-1653342782
1814323562
1988098111
-273730001
1151288579
-998690054
-1549305591
-758380150
-1663567729
-1844383983
-294503615
-2106249565
411695606
454201913
276460652
-67789104
-1448443413
1901333617
750783588
1844437309
-427669959
1425975359
-1197989131
1426827385
1079366482
-1664020142
2139520428
-673759546
-2041742740
1113975546
1807697541
-640239071
-1686886168
1941278255
1743155028
-726678507
-1095529557
1978420478
2002185643
1748790916
1123297664
1391943909
-240978419
1373270249
-1502606313
-1561970613
-1246967542
-387785532
667552919
474392482
-1382663273
319687056
-1069771012
1143646086
1608411747
-1832851867
1495462971
-1514457222
1801115946
-976667998
-1826585871
-2004268805
-1065780481
1526884773
585163348
-2096584407
1708702882
-1034845318
-130362952
360392426
2052301302
1005409353
1228344553
1104190357
-785491738
1316519560
1333173744
-1248634804
1312378262
572101570
46204414
-1924665695
-2013427544
1391328319
-1817335065
-1489183567
-1496658643
953543027
952439539
1080529902
-854175554
1607699582
789174535
-848590995
-2143158227
1668463025
914768501
491237901
515360420
-1454998141
1561965415
-1036219521
-204315090
1847106
-2057303324
1595813747
-1403843917
584206270
340433502
1351683439
847688066
-348053895
1198151616
953285582
-1831901454
-819411404
-1340733878
754503173
-973762147
-1193980432
-1315471033
1945485931
-50494242
-334752366
-1480724791
-2120120455
-1355308298
-1930202300
947809207
2145852782
-853074800
-1678942863
954052473
1913906593
1591264217
1061630680
-371385990
974267085
317189511
-1186667180
-1539560656
577174597
1141824349
-280557200
-372163433
664065914
1711538192
-820984284
-1985886017
-325784780
1034838410
-1901611499
136400996
640814466
-1615749548
2054759190
-1107856417
-150677707
1327305202
-2018016748
-1673642216
-2096453683
-1260102658
496638749
628340185
-251673958
-2069947978
1146403554
-1992114016
1918548883
-1204167312
462309591
-866191222
780530757
1798739877
-1476054019
-1543168110
-624456236
1981264613
-903261497
-1983577122
-877060913
1881463450
442374877
836849946
-1171549135
1971682250
-457821230
1274863565
551774532
687435712
1048897254
356966397
1505361067
-233393973
1922706952
-1477461614
-1175324335
575852467
-1605441218
811693934
-197186922
1996387108
-913609596
-1934161210
-521910700
1327479117
-202156255
1364489228
952342730
-2045969658
-1046346018
1679051949
-182696926
-1837675350
-2139406728
982471628
647369970
1815213181
-1489356347
2019156199
-2145489743
1790793321
2066704787
-1750965142
246456275
-305227367
-904808947
-1278243795
252328972
-1403315685
1724567534
-1577837794
-1984270958
-1674955119
-185438590
-1548469495
-1271428344
2137086333
639113378
1476795660
-360004221
765926556
-1198282924
1192311373
-297046267
1900798304
205761740
2025475969
855862043
-575462055
-202239616
1321340535
1715374482
-252949469
845916546
179693086
1953483405
1299460156
-553539893
1046902318
1194811213
417041579
-320864447
-751078516
969936396
174742055
1579625707
425120717
237672508
542109403
-820553128
1177019830
-1921504177
-1071262354
-2123570982
-846693917
-935566911
-855025188
734848391
1123991564
488015456
-1521570728
-279573451
-1685062665
1468574207
-1909392301
-187133529
-729693293
959044334
-43426217
-1914570191
527902785
995943807
993071729
-1786929517
1802088392
