-1968334546
800052487
1939040462
234479737
-1615173651
601839533
-931987539
-2003723289
-1096340977
820306878
-2116868015
-1916165910
-1748700495
-502971218
1113513706
-697963871
-649307216
905368589
687425152
-1039850712
-369667728
-661309834
1710788712
-1229308181
1941869321
897051255
-1733187889
-1267917972
222977352
-309600694
-357997370
-674396632
2078394470
-1248409312
-1292235624
1639123835
-648401562
1978678820
1812896467
1723375566
-774321204
466662954
-1042905721
-938799313
-1688656944
43723008
-315855278
1195187949
-1872720758
-466919065
92790198
-40465086
-241677045
366829845
548916827
-552788325
-1840018547
66328225
-931682172
-812505932
-2093618281
-1767853623
66773248
-1141005901
2006080134
1711511540
1359131128
-1730109932
557222568
1311269841
1645030088
1252856627
-1184295307
-369458051
429451761
-1496689621
1933675559
1622254867
-812956288
-1937104785
389523840
724178755
1954300725
2121861790
1480351193
-99959429
-1326536335
-532048094
325085078
-869376193
512565885
1906015266
499363798
-1202373965
-1490109599
-2037738310
-929357983
602801631
1326159550
-1391645470
223808817
1359060336
1402783325
-252232555
-1812874741
1579038123
-96610753
2143819996
-107556881
-1161037569
-1342865113
-1108672388
-1816405781
-699624501
395345212
1991789944
-146226900
-974878544
-433573119
-2080880323
1573457439
-410285663
-623031880
522084341
-192878583
-1701343530
237621409
1368762482
1185318310
-822095207
1676361915
-277728391
389614012
1818802068
1156344528
573445405
-1835497772
-836327838
94391541
-1019226420
1670641206
1540409054
-1299854232
387038242
-688871265
-661346987
-43213012
-1372191422
-481547180
-253207427
1903591536
866005945
-523231520
503154190
-1384396025
-648360
-990826383
-167162909
1397405947
708907488
365595686
65127269
488730927
281023431
-1541707593
1631939475
293514367
726266324
-1692502016
-1481342368
-467764136
2076297336
1555563467
1030321678
1048265369
-822908833
-961636588
1650375013
348132985
1434192289
538665430
1209570838
1691407343
1055412094
-1440448931
367567775
84457060
1081796787
-2067793876
-218169266
458411334
-831828699
1065502321
1709777139
-172789704
1281477874
633481256
1354879068
2117028092
1369223476
-104389008
-1113417138
-868300041
-834050710
-1479623456
-1029332564
-644171663
-150195467
853348498
1069047388
-1113572102
974355729
651499515
1562335625
-1666447433
1163094746
1657961353
763477816
-1406289118
-844558587
1278021335
505558679
792290258
-1692175972
877266952
-1641025290
2080078559
-1729753842
305896392
-707442141
1674320354
1222246222
565717438
911528883
-221613014
1986928622
275298573
-1054995283
1415544509
1163349176
-2003065169
-730703604
293975867
585842083
399462199
1884538523
-734592261
152383281
189343938
-1717779800
-341339416
1541298861
1733648967
-667389949
-2140414383
-1765222661
521570508
900535461
-1130127651
1619883815
-1893884726
-508416664
-605505255
1558149419
-687847541
-1960116542
349401794
-788130268
-1406195304
-1537673368
676329117
-1213637518
1022714274
125127840
-392543613
1037742425
571485119
-185393431
1152205002
1736431221
-864959756
-389015755
-152300503
-1520722139
-1006501627
630198969
-989283541
-902824412
1026544657
-799276920
1840895953
-568820547
1626130128
-1250499110
408578153
-1390375592
-1181595334
1266267225
1362314486
818855677
125334307
-362143674
-1813602616
-1980613603
-791552250
164242096
-423592264
-1722021289
-833773652
180776096
-817334408
-1660212761
-238383234
-745140328
-332169914
1057548498
-627455907
220397717
516756877
1930257358
970154983
-785892435
327066662
1266677337
253361369
-1211803325
192782344
-81678069
837405994
-1157167731
-1006233669
1594504027
-907361592
-1744577985
-2083689137
1419850112
453716037
310030592
892241534
761722202
268361829
-1890668063
-1071314590
1582297282
1419079163
-1141008026
476900534
-1241750216
1654986738
-1311273723
2070660352
-434695836
1922736291
-1695371415
-1081847538
360077854
1554884383
-367078659
-553977719
1631658219
1430668255
-775507797
1169044984
314115526
386346960
546557750
-1588216135
-1415402543
880842699
1358376872
-429785745
-1034652861
1053969249
235044213
1825954046
1004280772
-190725081
515644633
1759828344
947290574
-617134390
-974633492
-1362034238
1214658959
-722353011
-168149676
1357479041
-1718821970
-2090338573
594555442
-1018361023
991588505
-814842077
1788698571
1823720853
1118669049
1041327784
1050751742
-1960468145
606006449
316684092
-1872866902
1897246174
937648183
-1354538163
-1823551707
-1747363625
274269813
-1586940733
697233623
1177366828
730827783
-1023599915
-450648505
764060507
1350775367
-1765595094
1294131716
-1784826454
-970110972
-1148854078
-774500793
920814552
520866530
1309900840
-2117206929
-145064265
-1355133610
1852715330
-1010092273
1717076583
1853036131
749634947
-1721809024
-612195445
2145568310
-179844233
354012033
-809000670
2117417025
-722950867
-1563390349
-1702556144
-1743249671
-957166529
1079196660
-767671076
517030028
-772497534
2020552826
-488663311
546922544
1347261782
-227478252
858131453
-1331763572
-843487009
-1950365308
822252704
-211582373
558014021
289377911
970123967
-291806038
-1608859873
-960267061
-715500675
686198468
1770753723
197378478
651512589
-1139988594
25490192
-1667050864
855448869
-1464347150
-1323448954
546497946
-951570314
1270964909
406978761
1012353217
-374816324
-24214844
-1757867536
-1982471180
-1064104899
1781187757
-203439288
1403875651
1153056014
1983523171
516827155
-320870620
1964018854
-1935290988
108821481
672444810
555518682
1845262020
578673942
1547893700
-1640879749
-1075576313
-202163830
1236680419
-908735979
983346949
1711884141
355502835
-870028023
-748135251
-1370990096
1185710043
-2001702109
-1464911800
318056144
1286314689
1837172166
194083626
-1220985105
-1309444984
442204702
2065758253
544071301
-1718735279
1862728574
-125625380
-1062651758
-124656814
1111545757
915178888
1081419323
-84586329
697715764
1930021515
-1816357163
622601344
1315528279
2130688922
350730334
-843428858
-935720849
-879616004
1953486232
-1035083084
-890886108
-1905153168
-899557722
-1835303393
102770399
1396408116
1028720614
-1643091904
-964159001
-1656967766
-1464613161
1530424283
-1588242093
378407462
139974843
-1556818380
69079499
-1562866422
-1463602959
366983286
-1925041095
1617605983
-110526127
-1520093297
-2059754239
-15342007
-1451894194
-1440826449
-651571775
910300391
1646393720
-758987395
956401923
827407383
-1048762888
-775397926
-1100296821
-489112703
-350926908
-2017489728
946359454
240583455
-1572264281
1788380980
889698505
-1559358805
-818346166
1720175192
-748312821
1651332552
1559012927
-577950630
1036013851
267521870
1449753360
936728859
206063880
-1216236891
-1600142822
-2037558441
-1790952456
1802868460
917177981
1655783489
659857887
331434355
-503775611
-1823122181
-1144701262
970006199
1206601660
1348985526
1518084441
1373052000
599378929
-1505470719
1447118110
-357184236
-520121969
90851605
-1013079706
-418566531
-797604639
119657875
1844528342
-401248686
-1915046796
1144875856
-1544366559
2011585449
-18281181
-637116071
-960783292
326320054
445119738
1933212258
-550833627
-648813674
-455826377
-1258924698
971431345
-1113198467
-613514833
-15008420
506756821
-573799853
-1766706508
-1151156469
-660094873
833424475
1168034757
-274655135
94441593
-116326992
1513235399
-341052859
-1044684692
-1723686853
1837111228
615981620
-544713259
-1701408909
537319294
115693457
-565297466
1824641903
177143205
-480006962
-1536264499
881535696
-655914040
-1473376689
722944013
341362934
302536390
2028488639
-234363479
-1430448633
1631576087
-1822205252
774191810
1963545567
-1790335677
2070648158
473276921
1921597109
1398348810
-1270431096
1965365466
565091356
1957915027
1521375560
1552672009
-1452224859
-1453383292
-368996300
-1096434275
1778724179
-1111693397
1269028484
537857579
-1131502559
-1784030025
2095261365
-1218114059
-1084667037
-251196970
1184484641
-1656701108
1804181808
-1659420542
571345620
2049129444
-2724595
1929289345
2090440168
-1911447783
1435392425
-455615087
249151065
-1692205130
-1718244910
-1240994810
1072740426
-2107783986
-2055790934
-120223873
1881541179
-2015237313
1487614478
984303319
2024290210
-1602837278
74428798
-2006452254
1706684504
-2047387332
454429879
1058853814
1118667644
1820442926
-84961568
-1662871532
-1570597459
1456860617
-499494877
646467133
-810480225
1253242850
289731432
-377571464
-482814175
1604891913
-1339274838
1390059920
479047125
-2016077481
-474150060
-684804711
-1711806331
-1465302241
-2118466580
253745738
3856887
-712891258
1682108182
-1503264539
1891523553
-567167306
-1055881464
1592761753
-71485044
-1154576321
929024276
160319505
560894015
-2133225458
-2018610538
-1912984663
13463977
693351511
544807622
1134774039
-1341223803
1367743414
-860545922
-2068784960
1079882031
1021850895
952089381
461454549
-191247928
2087254495
2107550238
1476222285
-1502271197
1942964699
716023698
92265117
-1661499388
4278839
-446453127
1057324006
-1606057406
1080323477
1758147567
-1499101288
92097196
1049321566
208273398
-1137613474
2085001201
1071409468
-451117230
-32056634
-1663085417
-1333204174
-1173129575
1390910469
908764077
-554887897
-900588798
-383770548
-222037772
1212311924
-670695873
-1902342358
-1917908172
-583739338
-1776146805
1301342120
1473971539
1679285618
1792250660
-980258130
630055841
1787663527
-2034615813
-1079595705
1547746167
123703751
-1062593284
-1350649578
1383733624
1558089624
1244741458
861964832
-268199354
-1613970090
-1357301637
-1076976673
-2138606746
-1571066134
1532236350
775880740
1103340009
1912584654
-158677325
906557163
-533620454
-283957549
-970982292
-124302531
-845755145
1780610988
206949081
-1535826633
1378202052
-931479805
-773914072
-181270456
-153654290
-1878240223
-1385050026
849937934
-1880133867
-244841459
1734641186
-1614347929
-423075508
-1459376490
-382106229
-1096532677
2135336015
1338011893
1861190237
-2055038103
388812418
-298545136
2060028404
1268044814
1158109867
-1661465334
2070098875
1951567067
-1398816758
1371523442
-357914775
1625909290
270608152
-1137078854
1376740203
862215446
-581803982
1031098745
1578347212
-1645628034
-153915626
-94801472
2110668797
-509815437
1238117440
752065215
-1079038958
-1900015160
-662788643
1074961407
-841497123
-450525539
179541228
-84847376
-900513363
-616458823
1964814026
966759158
1550405743
-370956351
514972579
1269285520
29263302
-65217121
1304131485
-1852653181
-1878124325
-241758526
806237552
-1261299643
479472950
-1767402728
1619350158
1493467964
-656259701
993174695
-1830429623
-1664342481
-420770982
-1501343212
1867278899
-1758884205
214570047
603462268
-160621019
205421230
1534809226
-1314011011
-227000189
1286120811
-1186334253
1758796572
-1309337308
595100976
-927662549
-1694273410
787460114
-2015991000
-639388383
-1316417834
295064938
1971370571
-239108379
-693052935
142993032
-383402273
741678169
1120339389
1035737713
857477146
-2008435326
-1562839
-492120612
-1804469491
-1769283730
-2069021964
1298845926
-354131173
-1358693008
-1716468102
-728621595
-845676408
-963922002
-1236014838
-1953433387
226196507
1503105706
