-187689736
768433805
-588774424
-203036694
2061185397
1925985153
144352792
309643144
1243778865
289502062
-174782079
826145333
1651369299
-1346974127
-1528465848
2128035675
1584580455
833086864
-567245096
1565905632
999039797
-639052360
-1317645227
-1225363236
-895951952
31728440
338633078
316318625
-1825240276
-1379037616
1377949216
993572151
1724718464
1822836850
-1919748858
1667356382
-1244342611
792258534
-1960888258
-1784630154
-1541810263
225011580
189062789
1694185105
-1799513520
-358470810
-567717797
1854042110
2087604608
993873787
616479593
-494036599
1011085799
-843935945
-777324731
2079330922
1458692276
-1271274058
1606688428
-687104397
-403693278
27318696
-1779282873
57280823
-91910907
-1330641881
1299712298
-698072475
-2144092775
249816012
-1882999243
-437417118
740799096
-1549048823
-1428568056
69370639
482761255
-301191218
-998890818
1152818467
773258104
-606979278
-1271233797
831506987
-776704837
1925531816
-1325620508
-130691
1138115502
-1770428269
-1325355689
-2080268334
1485404917
918011968
799732246
299662702
6022088
-594711894
272108511
1282955362
1702055113
1014771926
1557402539
1961255272
1362081775
484098228
-1908258834
1963092788
862515979
199572203
2113414101
-133888205
1748109128
-457916886
832506521
-1920666417
-929890407
203617863
558924732
781569427
789039254
-538995013
835035750
-491405183
-2015924631
-1517225942
1834839065
247660743
-486890183
278660110
-1497716893
-1369570973
-2015267978
-766974460
-1916751243
-1980281193
899893105
-563042918
1671122149
-2059013759
-744040481
1726113175
-1459359689
1640082231
-1616931270
589531533
1982078572
1659858110
693307441
1077727180
-140955032
1564230653
983839939
-1599312432
-1862684659
471194628
1373916491
-429033170
-1613964786
698419315
-1999332828
1846539467
-726329378
800332354
930707481
-742641879
662224343
756016987
855474094
-2010107309
1265001482
-2009352938
274786896
-1565551794
-1262086525
-596679224
-1533018592
-1156703005
1435435296
120457925
2120617829
992069875
945343103
1158401114
1447433855
1512915521
796954102
185646229
1291064917
751004976
157504437
937499577
-1724715731
-2039421581
-1061691520
-1889812359
312049646
446935920
1055524843
1056011373
-1449947462
-228000360
-82357093
-707246714
1634247177
-634281145
-1054806117
-179737739
-1471996550
565937294
1405486246
-318448736
1260947454
1441507633
-1860208968
-782454357
735692132
758193178
-231467949
-1536176506
-1851736613
1205475013
688944755
518883646
1261940190
466145999
-1392188694
-1291714996
1823504425
-426705388
-257711241
-1534530685
1153182157
-666035486
2048775089
-927919699
-1552253084
2048754172
-987091813
-1854913272
427671200
-166118699
73256310
-946153754
5906640
1440123143
-1174788762
-1502999961
1150742181
-528708031
-2141995948
338478217
-574661522
552198266
1779884109
507032582
-655473767
-236350891
-1062825065
-1125009903
178962969
-314192900
-2082569646
1697580083
564448898
-1803065119
-1834355194
1452040641
-1674996125
-1743557060
-409965195
408788023
2078587739
-427224164
954751100
210785585
585405293
1469045407
-1760454023
-392866697
-762491936
-1499834459
-521122584
-585726023
-1980158966
1710195164
1944197685
1530125643
-423272242
1792066338
1227945496
460328303
926836571
-528665813
521213684
2102161188
45373034
-1076933689
-835916010
1324299912
-1802484737
-1331701840
-1123180844
554031756
2093943361
1850105403
-1490295588
-625812933
93353182
-1156508465
-2127608248
-1682247241
1596703263
-95382523
268674729
-757641761
-1643206002
1129043843
-1471766285
105508546
1703393702
1224798526
25642501
792364260
1263308150
-1614464388
1637630625
-171999429
110874867
-1590342951
1004424072
-1222481437
-844644841
1081542236
284938034
787964885
163392260
358983256
-1823024160
-1408872781
-163197523
-1524659359
740173847
1713384067
1152114995
-347768443
36682433
-916168615
-1408064972
-270763871
377505170
-110247950
-154857788
-465483616
-1778317141
-1002115191
1252135286
703012788
1778351137
1318070727
954959987
1605886557
-663934333
-1895104504
2038733293
487086437
819936830
-155759155
-1441819558
1859285512
1585626267
885514826
333938984
-533317549
-783138396
1726065023
-809066607
-1047345350
1310319847
2064012987
1969439225
-1969176958
-840381635
-274793496
-1172346421
-390460111
-1885994868
813270956
-1675549939
2002887161
1580179244
-428924301
-1683172719
-1089431655
136296981
-1395289895
313880645
177898899
1200712495
1278251549
1581177025
903930307
-336540102
1144593214
1491558390
-757680187
1184603403
1637188778
-1869722363
-1556174051
-1329426806
-1426051982
1092942276
-606805430
163451455
-1022812681
-1706839878
1438996170
1562099496
-1642864572
2011537703
-440736880
-694149224
455972629
1663810015
1623642087
1330577395
1417221174
-639932739
-1080609252
-290214447
340951738
1149073982
602697012
501612689
528320738
1872109075
-1593592893
630122639
-1217529661
960562012
-565448813
-1595125750
638946408
150467295
-1345774551
-2145137332
-1879966887
-1558793637
-81775637
1039304694
-1206624650
560243189
1411815012
1615985617
1559210005
-694915622
1165181090
-1875303076
377173483
-1739113662
1547565834
961138857
-708877559
769425523
1334172915
1705311697
2027137591
188337971
306079059
2062427121
-1135396800
-1623061207
-1385338588
777125188
-1591376094
-199622357
497165216
-268538153
-293656745
2098495333
-1388045404
700969338
-1754833701
276097390
-481538853
777957408
-969460627
142539593
-1676972416
1858079630
1570782982
-1605793810
-2101895420
-1991502845
120309529
1720378827
-139615547
965113956
-1048974248
-1328990811
130865220
1234133859
-979650891
-11161840
1616732067
364500743
1361124599
944586682
-392597029
2043497899
1482854276
979306530
997455336
398010240
-353501963
1219162127
-1358535780
1470265061
-1696910740
1781404575
-572636322
-1155058274
1692762825
1908061393
832476804
161581416
-2074577921
-1094237479
-364172669
351244885
-2065895450
-1108462370
-2000024074
-1509613847
254704323
-60381761
1136324363
-1894211003
-899832973
1403278380
-1942143292
1138305538
200184731
389074219
-424961364
727464575
-348225294
1634193696
1603604343
2117723842
-713636313
-1561797267
-1075530709
-994020581
1823272813
-97119507
-1024530796
538716326
-183544038
-468296910
73312701
-166727400
-787462223
-1028258941
-2141274087
1521073676
-1563207390
-1574927635
117206691
-1704488061
-1816650742
1503665458
25627605
858128016
1439808860
-1018074638
-1266482016
363997707
1315652267
-576794448
1605034858
1029786744
-452665929
1084334443
-552992816
1276730494
1164718526
582914944
1428261583
124069636
479178012
-2041122504
1443802582
-237443145
1315882898
-299651686
65593182
-137283996
-2083726379
-349063913
1903251853
-735605226
384035102
1854388645
977128220
351192550
1127009543
-400938607
-1860597043
56463173
-826898693
-333867480
-442424025
-729432597
1059836926
98543193
2068027291
1551600126
-572444268
-556923525
371660163
-427379242
-730992834
-1715470591
-2038077657
191378982
-1385835681
-2093259316
335031512
-624162145
992334044
211954368
-91050121
2048629686
138821311
649602488
-156036858
1626912279
1715516156
1074414240
1400904569
-101398490
-669581701
-1112097405
-1340406876
1290854984
-1935233975
361374807
-941929120
1651111283
-1966588554
-912740659
157940827
-2061460944
442267173
1350302035
-567082408
-893048607
-897662095
-1899081664
567356899
202046404
1370863642
88968222
1167899358
2033323553
-471739026
-1266207778
-959270438
340910114
-46987282
-772161135
-2145565598
-1529681195
-1735906992
-1405447153
-1910962277
-1097128071
1980766972
437855733
-925324479
-1183873519
-476797859
-393940771
733945998
1793412081
-986288098
1950581753
-1059156978
-1852450457
331105302
838229081
-2063089847
-1921154157
392472912
-545551875
1845926619
2062109037
-1904093899
-2060865162
-268606108
-1726181489
-1872244089
-539872642
1364724997
1547499974
11530235
457774823
1915209833
-961376713
1524113548
-1900838671
20254683
2117991572
605844975
-600080688
907073486
2037024997
1647616264
-1889918931
58170415
1982157563
232417369
1984943459
-1771398101
1040350482
1213851549
119494347
-1825049265
-124477593
1011571548
313620397
-1027386964
-215226473
804509970
-1555208420
-1618988469
-706924955
1369221796
1576076601
1765752425
1138435842
1424495394
135515591
-650000975
1632978278
-495830796
1323152313
970004820
856146865
205918683
1397406600
-200018483
1015309190
-655772923
-1065360375
2128223815
-1471194095
1860823525
1454639654
936817861
-127255112
-1238136127
-339901893
-1980825435
-2087375906
1915606750
-1404422023
1539175614
706299142
709729212
1710379562
961495467
1447052581
1079342929
1249172057
832493496
-724800700
-2024371944
590559306
893253625
-835889185
1928961143
557726317
-1777069578
1995169141
733469856
-125757958
-2121575665
1566154496
1798247853
952897367
1043432714
1381757758
648434488
-2103720112
-214914891
1534867867
-160289242
1243611824
733905393
-558927922
-594898734
351383724
-193989704
1510035045
-903406519
-2090396968
1797302147
-75987368
109756502
-1160663779
-1229404036
468032457
-482714527
-279428341
-976049960
-1396156865
298597701
710153400
1739360112
1074521272
-1797374077
-1677760098
-1918486826
558796430
-2114105185
1910664627
-676516850
990181479
-1764106131
798975666
-1973757376
2113904355
510945987
-658691078
1504471920
-1052405166
-1103462925
-194911063
-603071898
793152751
-926469050
1821798972
816884238
1022900680
-1376718083
129028308
-1783067715
-95922362
-438486945
-1722773065
737076624
-737858948
573858102
-2015346423
-1912378834
-2144821530
-913534730
1527098122
-898789523
1106117733
-1529442643
819603655
280059775
1161291542
149559243
285083270
1677333255
-1478903817
1036536731
-1666050471
-1116791575
-1587401496
918303436
-504274722
322987770
-168663456
1952317474
90353811
574379513
-729608568
-883292838
-1924305808
149819717
-1399956798
-568267311
-1262239902
-1863255063
2066159571
-1970815890
85751566
-696527002
20688692
1400104147
395828094
-727414694
1375956045
-1784636427
-1612087260
-900697183
-990216011
-848696895
395823342
350447544
1799398731
251558660
202336995
-2059210679
-919395002
1805252761
1270627246
-495111914
216475402
1083172120
-1407313307
-983651349
-985176468
-1550438702
1573727909
-1430586115
1794716710
263773431
-1774435451
2021667502
1222302250
-2137523169
-1688372404
99971075
1965012357
-2019589795
-1614721847
-2131384535
-932990875
764447857
-34317064
-1392297010
1040886525
1352705779
-1214284156
-1270130479
-1858284629
1717644209
-41655534
-1000303088
1625128910
1027086350
-2116834405
-792982949
228605088
-1959733757
178201302
2073606840
880408087
1229830656
1099543188
-496588218
725045100
-1042651896
1844621639
-717973939
264675151
2145950236
-1998973918
-1961960357
1320165048
-637006455
-1768977643
-1372273795
-1069783874
-633700267
16236275
-356171312
1350527276
-1523500310
-1936450154
-1396382844
-808497859
-707164560
-1144531623
185994326
-296673134
-630015844
644749404
-2074553476
1048232097
-377783977
-1643069080
-1484641509
-392043951
1898562834
2037889016
-322523182
970820182
550749642
-2100495508
-1593240093
-812031144
533003328
