-711080521
1227089956
-1891568986
-710855590
865487840
1011715473
-214671202
204374
-755847273
1981688077
-1445847332
330872296
-853150570
-970120228
683358851
-867686062
-412096679
-17220219
142886271
85495082
1446516953
-818073298
693900117
-1465912482
-1677524166
-1476663545
-1551534342
1632239267
1735606783
-223174543
-1708031193
301760935
-119128052
1145886361
-1274626994
1115359623
-862034510
-1424081890
-996671210
1849019927
-622618572
-423997832
-1057391223
136791169
736010564
322868451
99557094
1181547628
-559906503
-612748932
132250281
-300134398
-353062185
1401131357
-50459564
-1260434967
-2083434079
-1334004902
-6091420
-1183147131
1949821861
1030644413
994021275
-26070676
1906029413
-1444370461
-2090724281
1051431064
1036353852
-1467957986
1280917990
-216074453
-755148828
1959119539
1411228607
-1446850448
-1565881620
971257526
1649167262
1667119137
-1705421211
1413526085
-1124620243
1773314638
-1363878151
1049622949
-1153025070
1419060994
227322508
-722512824
656179920
1341074738
-2041088482
370818918
-319706144
382045730
-1016263828
1613646005
984550601
-49102286
1749711412
-1178028804
-1689024311
474176109
-373620406
-1131240072
-811969219
112896797
-1337491934
475622418
1281883908
-631319863
-799898260
-1288843804
1210252597
-1954332945
-1217597330
-315555744
1468647407
-1891363403
-1823478951
1602797014
-1762729065
118995572
1833379756
1011621861
-1848385894
-433214691
108835617
-543827553
-803748374
1762320208
-1722720802
2054856672
-1805440098
1323460836
1498364752
-2091898743
612504965
1188349286
1772549057
-1944798092
1119942256
1144053288
-14015140
1902937751
1301423285
520782912
-1400159283
1593787609
1203330572
-1034076712
-1465846346
-23949530
150754802
618833308
431485666
-916021735
-1025091178
-136189038
-867426347
-1248365678
-1008279311
485926669
1231846196
-552896738
-1342670724
2026600791
1745723014
-1554569803
800400404
-512718197
-589919929
-360997759
945238808
-1470881460
681364910
-1811822535
-1496277920
1704516295
1702830945
863291929
138791447
1336814114
-198942744
-796357846
-1927634524
-588501385
-1265816880
-1691053684
1831469902
-1208633273
629890873
618021702
-1573193365
-820698229
-1537877041
254321586
-673626365
1062007011
-122885251
-1448028381
1861548102
927578090
814750380
1009369690
-2014487327
-1136370642
-2008728909
-557807371
592109998
-1014637345
970948350
1561928850
636926643
-1740313174
-1716937014
-1045090692
-164953442
579507916
1075934728
1702088510
854938746
450105194
-1481743966
-624463026
1007623966
1330661536
954017565
18610939
-2145952351
309818847
-1771954099
-1938861008
1832188274
116679896
650211871
-927318673
-99638893
-801391450
761080051
-1397660234
-976033947
-832566221
-233234565
-962920293
1569594290
1574617662
-500175886
837122757
252892559
-1149155007
-843453961
-1799038774
-285343169
1661094190
-777198292
869764482
-454391736
-1673560284
1738798880
-1265548048
1048327980
1860378433
1231392455
1603694092
-2088140197
-813142656
-2133177383
-363628931
2107482677
685777252
1919635989
-1421300261
1262183718
947590961
-617839479
-622138390
2024519575
1905388527
-981782246
-1406457249
426459957
480110410
-2042249732
-392517074
-1201394848
833481747
1520353606
-454111686
-1509917202
-626875957
-932405376
521686280
1990424991
-20037600
-15389088
-458524218
-1722656818
-1540900826
550237980
-1708375404
1174038675
432733297
1376439389
1290527040
-583358855
184808912
-219545063
520449987
-1245471709
65099671
-1531648637
217576221
-101765429
-250435967
-724780471
-308421437
-1508135406
762474619
1910003868
1605866185
-1671716091
-402013646
-1607768963
340222572
1745530858
1547505829
745486708
691465909
863770914
-1972884385
419396053
-985796161
1041105458
-324873841
1202120026
2053879054
544620052
-976524645
1910159527
1034483921
-356175604
-1138994425
-366435623
416974967
-231240698
-233517920
920206794
-917588470
1667636162
1338725160
1859025192
-1210494554
-334542448
-1861050161
-454093375
-2099773196
1409766701
68641656
1949367226
2036988247
101910379
-1610662306
-360038030
2045601975
-231834522
-51490522
-1987429230
-1982594294
-663598329
110106238
-565084323
-1349870240
-1762146617
-1411790022
1932980599
1088898972
-1482289739
-574640171
1999332571
-1466441833
-64464033
131113552
-1888137607
425086245
2030315052
1269935340
-846214406
-1100718097
1201645261
1597180351
874273046
-1446563161
-1723636054
-131988538
159879198
-1724669328
-1476703553
1919715572
-2010462110
-1293062537
1193871633
111678374
1996273550
-299692973
-1576265246
-1799371197
1945696778
-1681793241
485334896
-1996095163
-117784568
-2101843580
-1611612850
-177180859
-1763163937
1698513333
-1940894381
271555567
1191394469
-792423751
-1906025166
-1079054083
-102257545
1878360832
137915248
-52248883
1621827893
-354258176
1907283694
673257344
1749845871
923859570
15115491
-1500727598
-535040836
967888449
-1024600543
546396066
-130908592
-841839490
-952457319
162997438
339792515
-185817527
1864773073
-2052586696
781805229
-1177636418
689474827
1304280319
436488758
373964058
482212265
1917605644
123206167
-1709748926
-660492301
87107859
860534636
851792389
-657329375
-82974873
-805634951
-198694435
-875333151
-1355999454
1286653752
-1799242453
-1321236749
1429688872
1747580251
1300231157
877822325
1373124993
1781991585
714346954
-511406593
-971524675
812080323
297284653
387205399
1723754968
266384499
598859133
-1960964937
376717809
1937481017
1912989655
832837670
-1160589770
-1097436196
608654282
191679445
1517200005
46833126
-373894621
1723057652
-538135672
-140279676
-1853467609
1687720744
-1708352697
-1379826709
821100473
-1848641610
1046830696
451340797
94430441
-1613556632
-408530419
-1787692987
-50973509
-1550797754
1846394329
1324032392
547985822
-607145710
1101903141
1516302324
10565801
1984039758
1536312178
-1205548715
-1817851771
-983952233
-1284838053
667379985
-363462729
-744165910
2005764973
942871292
1048165474
-961364758
-923545318
-1835734933
1580617957
913901860
-1714250066
2124576841
-1264609420
-836982537
-2052417047
361595969
316707894
936418952
-1757487720
1329162298
394714343
1848412754
-1539282820
453107394
1941258284
-79908881
1596580754
-1982378052
-869790796
1982387177
-1288850193
565805323
1203627817
-602355800
2013361265
-704151633
-1018619480
886874608
-365201825
-430799806
1574752329
-1657956896
1302700860
-1331135588
1924165411
-1133367131
-320740474
-647206570
2057261429
-451046334
-2053679632
1048161000
-851540966
786720642
535027167
-465335710
-79404253
-470531070
1728770879
1970624610
-713694880
-417249554
972209901
-910517651
607312023
-1291223653
2088302607
1135585833
331570177
-1100425358
-1852892212
-1551719069
1250257058
-9301206
1036110366
-901242444
-1066508482
1127935801
1912916879
416618412
1204289389
90027398
1277591478
1441137976
-1964469618
-1700579890
143315198
-1688661890
-544299431
1862605473
1427420924
-1329480932
-1062073773
1512685646
946607654
157553688
-1757839656
-1592361343
-1167534889
1863666298
-1340418997
-1334884407
1293299606
230012390
941967326
-2104821394
2101875527
-697129992
1379310316
2123506038
-578724700
-1977744140
892283642
817749649
-113295912
-1314291928
-1894908669
1149903198
1318287376
-342811763
899919963
-336414611
-912353622
-1080615595
-1880599578
347001457
-1951322534
-508840640
-410946520
344360584
-1721758555
1656156038
160821829
-1183057544
-707624636
1801521133
-755106958
-1259773368
2014035880
-474476045
1514915824
-1129693849
-115612962
430756327
-2049973845
275370201
1020908104
92064412
-1165369896
1187568748
-590940460
-1098224163
824631166
1965629595
-930862178
-1282086896
1479456252
-300307849
1345153417
1761793414
-61433313
1596861339
1568828744
2083052114
1709373883
-614907274
-1502867246
1565096602
-840915059
-588869702
-1143050012
-2096029204
-1097381713
-2072732240
-997949040
1717252649
-1213243084
-1052518676
1091260211
242135063
1713552068
-1533500450
-1378321844
1838005435
1363485970
1483811527
-1544926344
-107988998
-2058369727
-1417157206
579509121
406590471
-264382494
-1845678938
1850326485
1031925883
684146498
-447795515
-841868541
-960909798
1283441095
595071708
-668056419
1670423545
293507087
-1122048237
-1509355116
1330582098
252001362
-57688205
-2024445819
16979836
-839323672
400853849
-546892785
16160777
881326893
-1649100994
1437452115
949560067
1815058021
444178276
1880176591
731452733
-1348329238
-895838036
-809752399
1096902877
-940160614
6692876
1050960121
-970566098
891922690
46382863
-740166406
-1088708839
1594281550
53127556
-1477228772
-1854314871
2134675879
-1898777614
-1263485207
-1643912975
-123805069
486270802
11786022
1157511332
-424541288
161954966
1367205512
-1687068242
1362503845
877164073
-1244775616
-1394056398
-345952343
2135591402
-132723565
-870750445
2049744793
235074213
-1085975908
-787914338
-1473649752
225222223
-1953365948
-1785598337
1032365940
-1373456521
552167531
1396710772
448662423
530014206
-635706135
-1163161767
-1029786841
1004618032
1750929091
2108614402
6243976
454421414
48809374
771570413
-635817585
-545618534
1721579201
1898164646
-704025689
1934645965
-253477052
-1116546328
173068835
1986662095
-696711986
1436511447
-292212739
1910788417
-42722065
1244736554
1574258998
991205200
-1518229018
1478066205
245123234
240099589
-1688271630
-477834806
1373610303
2077689969
1987500836
1716553453
423584353
510721521
-481878667
2118814787
-988543308
-280146773
-1726012165
-1040149132
-1288757965
1359306979
1321599818
-997982448
-1640942374
-1609422973
411604105
-837943662
-1733049852
-1024755466
-1167226675
-632226958
1218228604
375129857
-1893021656
-455737653
1500794745
-2127645284
329950931
-1233283054
-1330054880
1915988759
1594007410
952245375
-27260419
-1660494689
-1808593914
-189581751
1300490906
56151104
1410475196
1983811063
1704887073
1201572468
-764550921
2121793597
1333544376
2106194880
-103159328
329508323
-83476700
-437565539
880612
471133368
1822355843
-1264094305
-111911355
-2002787038
2039417926
1389886512
-1592748074
-1046862316
-2092759689
449387256
-1980646296
54435820
1274271947
1407525644
1973011064
-1266188402
822126788
-2074954533
-1925812685
-1480766369
1112017519
-1890926241
450788270
-1321046373
-822207215
1120815122
573122884
-303127340
-280261039
-619864940
238360910
123284420
746921655
-879166138
1815493264
-444157135
1198009072
1379085394
608151660
-1778186784
-1183433088
2003780325
-32667677
-1546792084
-1263676626
-1039229836
-2100332111
-286111173
-46168094
-1956655611
2036100144
577980300
2048506958
1324939681
-1163000960
-1099223131
-223908156
444120080
-851303733
835460073
-2052590554
-1598048949
-886768865
683966109
-2074241402
-760472786
752597923
540850991
-1477438189
-719019745
1253417762
-632315829
1809151004
-907026517
-1144543743
-2147390851
-523202592
1188343449
676703543
-320762236
1990982896
-153169114
-1337196950
1091122311
-1141227483
694117961
-738878387
-371064398
-749523819
-876542748
1274056726
-1729234638
-669470225
1761677981
243185953
-1163795974
-473022994
-743235792
1224695620
-179805425
1915435026
1184201328
1807066617
1526196272
1661072168
607571162
-75809391
