774049408
1765773553
1155326925
1863023518
1889834218
1765241581
1771127319
283101501
1503057474
1444376005
2128846108
-577145744
174717728
-1213041161
1142812224
973988504
-1873051709
395948995
-1480159096
-1903114632
-2063153490
114086480
891403671
-1804462077
-1225559549
1633915403
267566952
-805846044
-432061327
206628521
-1765989293
-58709728
-1390946823
1463677406
-1339342939
1252514241
-1289878430
66813213
-1583539865
-1408280731
1633271780
20851856
-812155074
813913972
2145162210
-1036557366
511817727
-671484098
-475967213
-1807443850
-291650299
-516099603
-576165095
854482449
1759351404
-1341182708
528627777
-288297754
1431649548
-2138803855
-1913487885
1403547018
-1125496307
-869328714
-277954329
1679684973
1964381699
-1029427980
-1786965055
-131229731
-1209899608
1090300401
-937612557
985863624
314048969
1621910394
1066921509
-1518279737
1695758288
-377923230
859028481
37603297
308210207
-209719287
2128409405
985668399
958400161
999096787
1108492865
874843362
1132705087
1306321970
1372013892
822564640
-1154064720
-254001113
-2023771870
-373781713
1357859700
-797932762
-1350247135
399029497
-702172085
395391669
266140984
594400310
1571216963
-188770982
377355149
1585271368
539891637
777723241
-1782780041
1744203556
2093121471
1701926445
-2057481396
-363012882
384283378
-133039778
-259276770
-1618772282
380257693
753374672
1477822659
1748753709
530788509
-1760411450
-362946379
1533920028
1189004244
590623330
935168680
75289524
-2019998157
-1776216404
-1402190964
-1827809208
-424097738
-711818745
1494690218
257921054
506535164
-1528238862
-1709265616
810923864
2132871022
-1485985921
1608343582
1195936593
1910767883
-1808217778
-380161147
473909859
240940585
-1880743598
-1216780970
-2072291672
1504852609
-872509398
1783129912
-778784036
-843118276
-1041354560
409857526
1810293668
641873592
1639928504
1324944252
676571454
-1298189518
1895060624
-322746363
-588549781
325834506
1826872922
-1744435839
-1048792273
-813621257
1868144588
1072914873
171616291
14175904
437506757
-1295398419
-514558572
1099112585
1663951453
2138317431
-1087742695
-401538812
184889522
1990937690
-1624455504
-1873709043
-144928119
-999656730
1490939184
-871000095
-894146751
-1861325010
858162317
-1956386306
-1625247952
-1425690588
1219482185
-846967635
-1575077631
-363212883
-1688172571
1269801134
60457523
48955838
-1674092035
1883899649
1251900096
1264580090
264969692
-1802301502
2135392771
44852578
110362876
-1247786800
717718576
514133594
1013096605
-1365538800
-1571445951
218270194
221769991
-1945623505
2051569499
1921533777
-1878404601
-1322597660
1451674475
-1735728971
1131795025
1255135312
-1749926568
1021104854
-1072038146
1100287044
-1635468126
116710550
-1396491767
-409558228
-1567383352
-774182510
212503711
1812339531
108340653
622012930
65245988
-1915195712
-557423955
-582314958
1420909020
786640100
-599084814
1639557145
-1751683992
-877921361
-1743152036
1707599853
904798430
435436065
-97883984
-1330338519
-2133997382
256037693
-1339759004
-1909981013
987560354
-830999895
-1596469594
-894706491
1779232691
-1877272888
-1153877731
1205426080
937573448
-778316957
141109347
1627817496
-1556326042
-306425236
838303765
-2045124733
441827196
-1180334357
-575479197
-2059443867
-1737175783
-974267500
376934686
2069176705
-1751398941
3537677
1953915177
1471442925
2072650294
-1216119256
-90783337
-749697860
967386222
757467671
1815158025
87804254
-854644462
1447074789
48062846
-1013476214
-1914541380
-1246989475
2089833107
1529125430
1095587851
1618949714
-1639785569
1944079336
1783587019
587924899
1346695957
578247636
-336427871
499563916
509701665
988930217
-405947990
1337680212
1190370133
-1986479677
-354849846
-1952484580
2061289292
-781695459
-543010198
592020779
-1312078104
-1342149587
-1320766679
490042150
1714423820
2083913232
-1603209457
1193748589
-2021138552
38510520
393957698
1636378197
-1631211878
-1348815909
-156924824
-2030430824
-602664238
-926512555
826912678
1639678019
423377763
154926781
1365887066
1164902259
-83897950
-79146674
1659517474
-1576353092
-1492631454
229026777
974660503
-82400589
1051166186
-991152158
-1500195429
-544280488
-65822765
1102795128
-1598613729
306299801
598409971
1111484272
-959756932
1168666939
289653899
1254806479
1816212688
-1202718359
2103588071
2092643116
1748832986
1196245041
701613553
-137200511
428748332
336933658
-1977795017
223350062
-1839111190
-1059126186
-1352835638
-69619732
-532027217
1211500292
-346281203
-1385224266
21909779
-1319078475
781217493
1625462747
1729042874
1836993252
-1435286725
-403325421
2009471765
-640354556
-2067115758
1372950307
344247209
-1967227313
-1412981977
-232072404
-1407674729
624726516
509640149
1423339762
738932936
-1472267414
581647982
2088142688
1782051933
-974368737
-515916341
-857574110
-1279991422
-37816920
-1612101168
1246897250
533696002
548962311
559768212
1239017040
-990433645
-367255464
-879125368
308677210
-1346859347
2137602222
1625883594
-396533531
661273600
971617463
462822817
-1595642974
946187781
1206009677
2105704647
980995554
1624876495
-2046188295
1114367596
1338431556
-660531021
1149949410
-2134918618
1234495179
1950213349
600274804
415677631
-1995002423
978971034
737001987
-693400578
-473966845
-1264407912
-1455916507
454386554
1688433395
866979023
1927189594
-1042529641
208960679
1775794128
-709047726
-10613931
-982282805
1686490331
-2114125190
1896264307
1229733066
1006140512
-2119718953
-116083374
712519945
436537518
-1494202573
1970971249
1633348898
1895668481
320431133
2078946707
1149164238
-1727691272
1783804782
-292782784
-657064349
-40872243
-932168429
-1664619375
-914653851
-138339544
269482709
1546343074
12280788
434943488
1789487090
-1529410696
15581169
725931207
1719747629
1818524735
-829414176
1745787516
-1326846802
1653611645
-1431532193
-1051648135
768418227
722733052
-1829359022
1460643357
1553489415
553393412
1472021815
-621831718
-381935914
-1850626245
634926529
-1697976140
-1523505241
518478834
125707207
-1116734136
-200230533
-628893406
-419458779
1863249346
-426041215
-1970368546
291436997
-1910557393
-2035105513
-903995451
-1929438206
-2127245198
850957108
-1952979623
-1326398791
1321183278
1834549398
1260674008
1920412242
760302299
1007390457
248281882
802819057
1411099858
723122163
439206564
2028285536
829881677
-56183930
-1996848528
-1984479747
105501427
-1240746056
538622528
977430166
-518857271
-1610086799
169747798
-1039403625
1936970048
-20705777
-1771643657
1681768653
-1733111145
854396274
779000896
-347946958
1035433756
1164972480
624313722
-737646165
158277782
-1088773603
-338452940
1824453824
1950711
1912666816
-1016018279
1514460037
-2055333949
912268584
1221722103
-1237366877
-1617482402
-725296501
-2106250957
1593367282
-54136305
1079312212
-1369046396
1598784707
249002375
1166984780
573642390
-1404366160
489269539
-999794330
1529618477
2023432287
825793897
807216161
1874253177
-260065967
-2052091859
-243060395
-1489235075
727248907
-1797059841
-234193521
1074837529
-1041570236
-1932341224
-1881804745
-2085575588
1274449717
2077204057
649410201
1831950602
2063262670
-805556940
-1627235737
739227184
-2019769587
1533595690
1498444429
-186611246
987371897
2007274946
211344253
53304864
-689904882
-1279502800
-530956302
-950318661
-1988530286
108568949
1385099308
1460230816
-338730205
1524965301
901477814
326067114
596065139
-1199297347
2062638248
-927998947
2042394710
-307749223
1662820597
-2821509
468755885
909011116
824970190
-869396383
1602438497
-577574689
1125386947
1649671494
794541828
-162905991
-1903756736
431317350
787911977
2045293466
1666022592
889533783
-1522858515
2038239033
-1222239238
319115073
-1497503700
-1040428641
1515856674
-907770801
696678628
1892984627
-1218646222
-469445189
-1266673769
-330269056
-319674129
-1600251970
587448867
-841931880
1133495997
379589376
-18676460
408867161
-1450696573
351258522
252406963
-188895575
1409260036
-1433123995
-806558442
129474747
-1133638904
-11423441
-252192548
-1858357394
-380579889
619535090
-890493649
-1002740105
296719224
2046293432
1305604209
1932327385
1108444193
-113548147
17896374
448112865
136759953
389859051
-1621318264
661550194
315231908
212152221
-1299949613
-1915249635
-1675876159
1025732132
1804805281
130380973
-1859354137
1760309997
-58552756
-1752536685
-2079079589
1564691615
-2123181692
-1848877375
1278342164
-719087770
-167444996
-140832641
769808926
2049910958
1348399894
198506497
29908648
2007295696
-24238979
1159192176
-2136602220
46080941
1518609719
1167001991
-698183072
1216222216
-1497341318
733643069
496138275
-1237666932
217235516
743280173
69566255
-2009155757
46115727
1173761717
1035808919
1978862651
3353492
-254908022
-743796599
-1099879059
-2076229401
1682020979
1082602471
-1529511234
-1716105490
-1604053057
666804384
1664229347
1628520853
-661851678
-1622305406
-802663208
2139796175
-284268028
1157204738
625033830
2120557968
1241533517
1538255927
579592821
-423012374
848447766
283102625
-999738551
1171580472
-1489853108
484599380
-611948910
1892148062
-242126151
-1303447675
-1719217156
583692830
350996876
-871049708
1228509423
-179099546
1355914620
-979936747
611942516
1833323342
1199953259
-1040458711
-1894415053
1066686126
-2063739062
-773277784
209207439
-483369609
848436404
-257851318
705341274
-549184493
1685853066
269799009
230665045
744149294
-1182425770
-1986042431
965141436
1890205650
169496789
-1482105522
1376095656
2106866407
-706644781
-1979181658
-204927833
-2106262606
-153452253
1168184901
-444104260
-406052204
223713459
-374668677
-965704033
33839569
-1838881282
-940475486
831524321
-1357221996
1209300629
-1409136902
2111817913
-1318571711
-1293133844
68564383
1415631559
362862013
-995563076
367009533
-405126446
-1605145815
-1140215282
-828584617
40935112
-513320604
-668694307
679028361
-392652600
356919344
-1815865636
500598405
-690704412
-1141734793
-1502737011
-820608213
-383874399
-1397943188
1146232842
78283676
1768900378
-152305132
-448253158
-1617860445
-52992427
-1742653585
-1687770077
-346944970
-1722338448
-746608248
2133990656
-1203604385
260201324
2064286443
768313539
-1067990428
-1516751514
-426115133
-961869232
1482219711
-1326391153
1499163696
-230829583
-1783341556
2074747161
-2127965417
-742567323
-437428604
1353113307
-2061807200
-1693264628
-436407925
-2110720013
-1872560686
-936728027
760181117
-492491803
-460177133
-160929472
2107035397
472355423
-1644878408
-144359355
412668093
-1049303432
1353712155
-2013899370
155466747
675237040
-49168541
2069341421
-262416480
-1628628639
406544436
1842217041
1947888120
1040208081
-1000432254
1847894158
287533430
-1824501687
336438191
-533673349
-1809128608
-901443299
-2093175809
-2087261359
222194246
-348500283
-769609705
-709755075
-1826242638
-1596120122
272682989
1872302400
569633406
-1145932128
81675124
-108391675
-187388996
1816983977
-1531021310
-661924133
1869293387
294371535
535170323
763792320
1875929176
234243137
-511573585
-1758823123
-792256352
838088452
-876978726
-815124000
-2060774879
9256095
193842978
1377476294
-2037803215
1081453668
