663581107
-1878513853
871910200
-45819713
662900546
177038196
-873494641
1115142429
-492022522
-567938103
257729595
-1028916013
1746782959
-143466085
1806417255
1241123232
-1987392397
-969306626
1177353605
1408815436
-1218176098
1814071588
1591193388
-585169114
-2017179502
1480380737
1551603328
-1044261053
-1500127146
1696819503
-1470348547
-203249100
207201599
345907613
519288184
363094616
-1877586707
1777977388
1523579844
110500436
1062993476
1305241415
1113280952
-682473029
-826288346
-807101619
-575007804
1460731546
-667128325
-1607103074
428803263
-740527053
1614327728
-1559259149
-1016408201
1108982790
-1250836602
-1177612010
-1984155162
-74897600
1850931615
1319531004
1399068471
386859339
2129843255
-2056319465
-187662588
-435708375
-535691022
-1271994020
-455784434
-2039108780
1338187635
-285729688
1425727258
402724988
413597307
1094070865
-1506187138
-1985476619
513464716
-1028775314
-2004239044
-758678304
909430801
-945368197
252698673
-1298794961
743898487
1958005600
1917967393
1181673938
15371999
1836227318
-2100205258
1326957189
560242141
1382468726
-1854644527
-1037041378
452839746
1234034876
-1259053131
-1474769057
1543195363
100987749
429410324
-584637946
821377944
1048331967
503858527
-1190596811
-1168626551
-1183120581
-1087502050
340750175
-401102812
1287814645
-44983296
-985587283
-760437387
-1005836440
-768057247
-947302958
-1844819345
-717938150
-1739355373
-1668599175
320658487
1161403608
-1610620377
1198937447
1217894144
-1847464717
1175262797
-1637724937
1980803690
-1456593942
711768584
-2082098263
-773522044
549410130
-123432797
1119209423
1828657263
690885767
-313514831
-1669416822
-1811619721
587940865
147970660
774815163
1715880982
-99827838
-360462019
-20642788
142033043
-117147674
685250147
448355616
-330268155
-821534134
-1386441436
976822749
931388706
812617341
1879178860
-25054099
1708844951
-1413853687
2047267765
-429252421
-720499285
-2120284771
-193737034
1303678403
1391124714
-788190320
4127655
-893374739
-53080272
940671125
526139177
967557732
1594851232
-1481508383
-1714560292
-1572518369
856367990
644497624
95862794
-374396785
-177129194
850002500
-1630735780
1059974124
-1719542626
-1346893475
1306920534
-835558654
188703449
-487068803
1436973495
439087755
-797019959
1161697094
1554215307
-1758072254
1423098114
-1493326050
1795816430
1526325829
-275747067
-1833760169
-103589365
989099061
-396948117
444865858
356256313
1697131206
1446992999
1893385953
1628534
483311563
-733757546
1444690573
-1636411522
1526946110
930949815
-921465604
-559883794
457276057
1301825760
-942917437
629056550
-595891964
889110752
-796196705
-766481052
-651246147
802678119
521779373
-458796098
1440681846
-103783385
112272178
47912747
-1652624814
16137306
-87457111
-1879711213
-551918569
-1763768491
-561904133
609588462
1995238965
988534453
-819089226
200502649
979937104
1612163972
649984943
1827092052
-757231217
-434331298
-1630985721
1762289353
588858685
-1756014571
852411060
122206861
-694548661
1710033149
-760594864
997982892
426595227
101841188
-1196934129
542516815
910584603
-311628809
1524477338
-62325502
-499099550
-266722445
1102865485
1121355811
1950061032
-487461569
-464455274
1949416318
1250069288
-1585126411
1248130171
-1912603572
-752834930
-311905000
329506067
754298646
902168628
2010014586
-259221732
-356173384
1942391982
-406739009
-226413152
-1368644154
540043903
728633107
-1398503211
701607564
-314274658
1935828313
773101245
-1965393955
-1260150190
1331084245
-1053976975
302632057
-1886534858
-291599490
-1666667342
576244353
1439993340
1213353520
-1249964697
-1443550841
-753519385
709851832
-1113862364
1820467592
-81422320
-1481594482
-1801255783
15993663
-290454657
-1757986834
100969701
701083058
1359385106
-199307522
281402828
1565460095
-2109143688
-44795374
1448125203
-932238221
-925622664
-53142463
-803558467
986818218
211321450
-431636022
1172185480
-270173865
1326632011
1020044775
260337232
932499472
-758394605
-922095436
-1868288925
-1610441506
666377699
1939826617
1787561203
-172099962
1215108803
483878081
480486292
-1429016746
1763166420
-2081578857
-1720564647
892550868
984919243
-1315965966
1695079184
-976939953
-1171830370
1984222934
43065959
1711061455
-1900564936
223457248
-605228648
1248533081
1191041617
1879727596
426829395
1343949367
-351259051
1972918172
2091183068
74374006
113683071
496350740
-1556013462
745952163
-196962953
-1452336495
-91283688
-239845826
-771528397
-686455046
-430713621
-731625894
-2014894377
-1245455792
839547592
-22821691
1263785712
1801001948
-1675970945
132466954
-865013841
-2079639051
1703278398
-1751537967
-439541994
-148182666
63915412
1875644246
1516781277
-1898369531
1848038134
-632997052
-1241533529
287938721
1988916803
-909934044
-404792924
-202767544
-1380364042
775818974
1520802424
-1192103407
-370286021
-557895739
-851505085
135462272
-382395994
-1630751448
-1719338251
-1595474355
-582439157
-1025245991
174178204
1097683951
-487405756
-1766053254
2137555285
-1948609919
-1254704173
1740727540
311124867
632578760
-2102311059
-1806694200
-1741563530
923266213
-628285683
-2125373003
412969601
-1062466699
-1530801426
557439600
1648493932
1326586289
-340265266
-329695747
1590087060
-1147224583
-1195614495
1706218507
316824354
-588752416
1679685489
-444041301
-652276389
-1037631577
364293960
475692426
-2006026942
-1825234159
-1187219158
-1748298986
716305877
-1122143534
90766347
1351410867
-1796144415
1145038690
747640165
1771477954
2125271666
1120673181
-1377597974
-759478155
2064226602
-1039920157
-1170079023
1350208400
-312554875
1980887040
-921649869
-714033137
-13903195
-941818855
-1586653647
-404109918
-1744438967
557172452
89658273
-1993788765
-2022877252
-1090825912
-1434759469
235188113
-1022479496
629864292
-929196354
836378356
-1458953091
85351050
-1788974011
1231711372
68743577
1626633760
-1686915259
-1382956656
783553604
-2036240611
-81798322
-485235823
556192420
-385848218
-31893569
-1012390788
-1222196369
159080801
1639358474
-912943995
450817503
396654094
1821429802
1563769930
1416200920
-140341371
-931821585
-405662016
-284313871
1548697137
-314160550
1502314248
1962964018
971356966
-1670257874
-1370405920
1380602637
1865097719
-1432116589
-1597390846
971629212
360137992
731287132
885352836
-936988123
1350845235
569046952
-1625459177
1203253934
2106077628
2116769043
1977411881
-848037076
1719136619
-875140381
975436279
1690939515
-645089234
995440721
-1602234256
-1497924630
1244882918
-94597455
-902566223
336763704
-1551239282
1985200242
1694399927
1578507588
-1605861783
176936257
-247168673
1891311095
-402284003
-124425743
-549214802
-22806792
-1914749726
-716241500
-701293207
1032973931
1711423976
-1023167279
1502313895
425727000
395803938
-1194920716
919676002
-1138590326
1323722738
-349226319
-806439060
-1875673773
2097335127
-1880616266
222757904
45151659
-1223820329
1312907865
131469733
1517355528
1595118020
-1212843544
-1540852514
-1327279634
-1612019708
-1039714141
-1164342200
-632037101
1524072921
-1333022433
-1255979098
-981346361
1770955004
-94159152
-1693014802
1389065954
-1774679695
-1380624400
1972738483
-1077063352
-1214291727
652865875
293705522
1748455426
810520496
1548890768
676329112
1133414273
715883118
1845307479
-1521970271
-1968197462
1915387539
-1291706513
1869978496
843245980
685858839
-1647145075
1293618888
1264375326
237225324
-248800404
-136380002
1217699620
-145665850
1946844098
1667985153
-1413650398
-1553078750
-37609967
-2095038167
-1695323721
1640634062
1638364350
755405965
752768794
672279620
651837879
1243799553
-82672877
1987166091
779813682
1338950699
-1023572744
880970867
-604405739
808400615
-50314627
1102546297
-1916319549
1613854109
-1797002793
351147338
1113486825
-213517947
-1697770523
-1319457078
77211939
1605467994
-204976948
1129743041
-1400187993
39252795
971264476
-1369729784
272494103
1635892929
1777661249
1837844519
-1483978314
1854490533
-190300115
1874428485
-1754109393
-880309425
-136509968
-568016951
-2043050217
-668130586
1499586014
-1138941183
651305790
1595523822
2089686842
2089712733
1778332258
-2021476113
-620839652
1800416137
-1738879090
-1654733104
-816421999
-1543173192
1453600788
293712355
-1551364990
-2069149049
-700479173
-2096385662
8003386
-336839750
-471130712
-1002737785
-866141528
1826579103
1852960833
-481327563
-272539080
286349070
1617012995
-288096477
-1097164942
781962111
527148896
1297276509
-1043258746
-2098209220
1894846982
-413283702
-1317081636
-1509756849
1903509529
197947402
-1354221772
-738438267
1135246935
-66535510
-1745794365
-713533214
2117420451
44570609
-393920183
-131590292
-385155041
-1533163070
-1968628291
501957854
503168724
1618295957
-845842458
-1537803000
-1362955084
709207570
1476794875
2123961350
1472830985
771501724
-1195340747
1985122297
-2069939485
-1238127555
413102367
1575064032
-1830831853
338582365
-698375438
-1479442950
622396008
-890730793
-1246494127
-1355825171
-465782595
186741625
-1239555578
-1152838774
-465378091
2035631545
-531232083
-2050013491
-1293396110
-954312515
-2100204765
886469861
-653651512
-1866813006
-460584742
1909748699
-1846567130
1830631165
590148427
-1267514465
1891976155
625815745
-2108475693
1081076663
563712833
-619113531
-939766716
-454804693
-792703332
1739563781
1027133394
833733784
216420763
-2009200175
-904222501
-313735112
1676203103
-424079222
909663069
821316151
-849203127
-1859911798
-1258822658
-1262569677
-115958492
-1862124876
1448626243
760962248
-1325972301
-1352534039
-558619854
1676383782
-1346195974
1217600256
1850935804
-282048638
-827589225
-1294895528
1886302229
853477528
-1516116806
-1682324536
930127137
1309922871
-1257266269
-413310651
1323564094
2114974131
-1064708267
-1349566073
-1641652462
-1439057412
-1645183341
-1264885725
-131785007
1869211257
-402360169
-1105435899
1533831073
-1019221443
1488732269
-1590478372
-1859972826
-1139519963
1854475955
796694136
-2005977910
-1770482487
-318339431
1891719280
-1169976139
917166697
-358672684
1792789954
2028081018
340982280
-528538285
946891911
501749158
-1143105325
2133136712
-801155979
-418862259
-253727655
817219156
849821978
1652252249
886690576
1577778476
-226138917
-694100381
363826221
-1549501567
1943426081
527541924
-2131857100
1502955324
-2009742773
-45641403
1801913943
-2032111388
1754787787
1868672459
-1278144055
-1956658753
-879042888
829412940
-2019395175
700828298
-1985183491
-2029759676
-351835566
3054363
2025791925
-1716043199
535140325
1304458704
-237569795
159566054
-710794928
1326584519
1098035016
-1851455317
-1138764510
-1501488664
2146408828
314455192
1401090526
-1688191751
-308744786
-2065216762
429499998
1344387997
1862724835
-1883164095
1156845563
821088770
-99582722
-426154809
-1769170974
1562701202
1683503883
682532490
1075633170
-200811985
-763451656
-340385612
2055537549
2063598027
-461954939
1933987175
463943128
-507619576
-1600191419
-314363304
1278779470
2000032940
1339591605
1583092749
-639671752
-1193143464
1314661247
1104036319
-497862120
-1336825043
-1431438965
568783977
122624334
1241754298
-733582889
-711131618
1900708352
-1228893485
-322684258
193540300
