-1748821250
1649878816
1028635654
1381780945
-1502548269
-366378793
-285697755
1670589710
-489600441
487672908
-1953173916
-1311192780
-50507386
-872602217
1870632737
-1119883678
-1108071921
-150882482
-1579007279
207448453
1670927330
760365570
1335235654
473548158
-1534834415
-1605547170
-27161844
1213238235
-1798703114
2033942062
162963319
41118118
-47665566
-892218054
-749338129
577582452
1908252400
207388523
1465613327
470914058
-517301023
1640373925
-1947364280
1739508186
580782610
-2036409974
-242197728
-942385366
-1833905851
-1943702201
517624818
313493335
-945426075
-1504091351
1899724801
180648110
-1465853588
1560796591
1039367588
1275576586
1376425277
-42802001
1700685258
675873380
1937106346
257106111
1131695714
-1566851311
1362044237
1368243182
1442626343
-477159245
760786155
-94993783
-549049033
1523569906
1577628863
1320391931
-799212732
40617638
-1933394135
-1080144690
239814751
1855663688
-985825305
-726518403
1864227176
-1628967770
1169746906
1329341981
681025452
-1666896700
395716557
200834075
2122519424
-213331971
-1740911281
18445657
1726078717
280269507
1591863291
1366391732
-1899089248
1346368724
159466793
-399343650
1017928235
-597473705
-1724421223
1698436921
237921959
836561323
-1768398806
1616681652
1530557890
-380572091
1729015586
-1056019797
1497650823
1211701326
-556302270
-882494642
1857093236
1279878521
-185780902
-1967799965
1845694742
-1341641289
-791264024
-1866734370
1603371267
-2120546844
-1519177207
-599833700
-891569908
-292861054
-1127977469
-1277957409
421243362
-190255885
191288211
425939254
186913322
1396289135
1235851567
-2062207255
-896774123
-1048840226
-483626728
736379299
1784113162
-1003427580
-678493993
109612453
1765906014
-1768861709
-1260055126
740163678
-1249279593
1321269772
571532518
403785991
332032687
-1206376366
929840894
499711256
1681379709
1151290917
786752932
-653885106
1191030276
2120889798
-1098819082
-202809677
1490099425
-181990368
-583370849
-62216264
380943220
1617934332
1684302769
1910981473
651946171
1559467181
14361975
-1019877155
-403161619
-1326867784
-219739375
660466089
858282367
1826749632
-1759301442
1061442870
-1823734818
1758382540
1014026726
2054916902
1832957421
-1239448960
-2096953217
-1887870839
-1313444002
-315057732
2092823679
1852567857
-821360650
-1984858442
544119209
-1525169543
-1107164193
-1003943334
819334372
-90071612
1072106971
-1827951627
-115486778
-2103053943
56893524
1675568482
1835765989
1776293992
855060733
1426522037
-2064575549
-681249842
-280047782
568738732
-1422269628
-193425902
1733089185
-1124398269
1064953602
-1784981999
1953755223
-227132347
-2031227250
-371348412
756362412
-1046345881
434939041
-1120670946
177064337
1597433125
1056359407
-126385092
-1992231986
-2065108727
1575024785
8022581
281853268
13088957
513078286
-921369961
-1909296054
-2058424073
-1528744357
1040049605
-1667378500
772075231
203466553
885847110
518194960
-897373511
-283992342
1423731225
1285597948
667026161
-1356887493
1782918650
380566884
-1525975850
-1125921636
-1607846989
-351457004
1887389797
-1298305094
-115019707
1705950722
-1061530721
2018416628
-110001016
-1560174113
1567187928
1769270811
-1003939295
34117101
-1779360563
-510713771
2026502526
2133412820
91141363
-1628534393
1864696183
666811538
238617514
2054532975
-892889643
1742464129
1669312657
-1998973400
-157876828
-1666705852
-1101405369
-1651336487
-2133076391
1997070637
-1058097683
713398178
-302730269
1598745051
1931914103
1842264986
-1148923588
14160107
1250238174
-874437914
-961206810
-254692477
-44418771
206503420
-1939918084
-1603925297
1980523447
545355727
159189679
-1573829572
1397313090
1556369177
77535039
1425327950
1863463344
5740000
624652134
-285506659
291440467
2061042474
-197048270
1905202920
-48211623
900102970
55484512
980542666
760365004
291002799
278498029
1815922575
-227785715
1350559754
1972801176
-1575063538
1574281216
-1194967423
-903829251
413159715
2092109788
-167932639
1722234289
-990249446
-1173255430
-283757790
-966066004
-1218530117
-672384886
149284593
1040965291
-2034500474
556071178
-1973723419
-941278342
-2082612710
-1362566080
752076460
1738134127
-982572181
1941381307
2130298419
-793917572
-2098827885
-552423756
84678049
-169925434
1985206389
973366804
295628022
1690250355
-827647059
-1706373743
-1226590987
754465432
-196723931
906380447
1272773717
1079141931
1603562907
1762692886
-767109158
2134043287
945113197
-1962902268
267602840
894833200
-209761758
236526675
-663401028
275942378
573256843
409118474
-419669855
-1715969480
-2075647295
258060859
1228163138
1252672158
301713436
-761384606
1499985349
288720029
-1572530394
1655465512
-1659537682
-1606325043
645133165
-812443672
869748619
1172228081
-286103640
-638602802
834250906
1282974075
-2060799278
-1150424070
158110914
140255212
2129892971
-1729568098
630093764
-1790536119
-1837545941
-1858572791
-1773376359
-1261757301
1375965822
-2112780103
-1102587515
-1550824844
129662252
-392577740
2039813279
1658048909
821600836
-1317547192
-2109765642
385525345
-1390190661
1990956820
325391227
-1904488539
148221851
643794566
-1360108644
-1991772094
1378074686
-488897305
1839701142
1803875858
-897315596
1166815127
-1049186954
1764968916
837237221
-1205061015
-1953549405
-1972222800
540151048
548919057
-266348397
173067814
1055576078
1602916886
1788251463
1576135209
336987697
221563244
-1376896651
-1860895403
-2021621768
-1570559214
335995799
-1192660095
1821452643
1381143726
1572485583
1100932204
877787458
2147380216
-421951112
113492935
-1025864769
1379914877
-610242082
-1170564629
737726286
883768972
512236613
190311208
377229084
-601989182
-2007018541
547682541
-687792657
842153291
1506628859
649407992
-2060221585
677159071
201632427
-1660220861
1239788220
-1811160374
2047767204
112874379
-1685055935
-2016157595
1960871992
-1003647200
1324986985
36815603
1149734738
-458465539
580708001
150764595
1660141270
1017313729
1052637319
-2094495142
1553918173
-875613698
-216238251
-772259770
-1666733394
-1584765232
1595296237
-1883631495
-1092069939
1738226675
951479002
871924293
1357259285
1392337832
576441582
-208033394
-1972287594
-1970389596
1005232727
1268264929
-1452997948
-809057864
-684891135
-1803273630
-899836509
262724551
1154989727
718688231
1188629279
-181535160
-490442652
363104530
690762667
712625665
585011034
1778839579
2092004084
-1579625402
489788792
-1755680861
1049666770
-870181610
-1387499031
-694944093
-1669908992
-1859582089
621279736
1289730669
-81125299
-1433693009
-630951162
709655111
330754454
1412176095
-389566983
-1077785562
-1409012104
437505831
-2138200262
591149992
-172589994
-1918919654
-641501447
-650068883
-1202437511
134170419
-844044410
-2018378572
-1259380334
-456994150
1738702766
1401497609
-15673338
-649747200
1243889004
-2136492469
591594237
-1869743615
-1299340773
146403412
-970232474
953753503
536220300
-425953929
-172066300
1667320751
326609983
-1499008491
1366147420
-1815534671
450373334
-532605632
-379236138
-1172589422
-1895935464
1072209001
-153189097
-632621563
545701304
-537284814
799341939
457312714
-372167737
-331277912
-1313440660
1437979151
876556906
-72012365
-525607098
208152936
-2013736078
-188295338
895586895
96858569
-975765658
-854772021
-1764707115
-1004549567
-779431151
1119860848
372240052
-833207015
1956187148
1828507623
1529769696
-1820163702
168450568
291412132
1328749796
1786686879
1751215298
-1194978445
-1554138153
-50284533
1161874623
-617676827
-510937760
547073084
-1933530534
547692804
1733414958
544066118
242483749
1107799756
1893643984
764950148
790611014
1494265282
-113979586
-240667671
710065975
1545499957
2140461747
2044209433
1095129962
1093886162
1286245188
23541256
-889515199
-1715025521
-137031034
-1601554791
-825893308
-1200418113
-1189470830
388460920
1111771693
-1328771360
1116489203
374366444
-254668572
1059276883
1126863227
-501073989
873219676
-1895484561
654910906
-1855925054
226381305
-1738150839
-1089613212
1566694649
162994193
1867381207
1699638409
-1392812314
202131982
1989043187
-1517215624
1696776251
-1537692355
2088812110
698161737
1123152136
-764432347
1189403444
-527314849
974466860
-1165510824
-84877705
-2065579967
-1856200199
715795725
-105700555
-1270439054
-987161193
-689992835
-1018247311
854234451
663714102
579013712
2124943914
-72052021
410071712
-508840768
658275254
182190529
-1931131593
561656590
772024767
-247227826
1087751291
1242038563
-855990211
1230442578
-2041696329
1778442333
-1204932053
2066212050
-1211344829
77335835
-418596676
-227378863
921979978
-1379502339
2133702151
62418666
-2075212910
-1289102306
-902723449
-2115550756
-837022916
2113154474
-1988995478
-1500438073
-924594207
326057861
-1934688449
363695914
-52500261
870855342
-2124060815
-183838713
1148129145
-76990109
-268189675
-571446801
-960748574
-1759037251
-1411015417
494191729
828473589
-290705936
1789013711
991536719
254438108
-1063119035
-2134607029
-1398323597
306397544
1156141337
1851579231
-1095877358
-968834510
-1273784097
-450418611
-55019803
-504494692
1867662346
1055621897
-1967803019
-2099968942
-475512305
53119692
-1193523783
-673011708
724957626
-290552010
-499101934
588818181
902878134
1800553329
407240314
-1432096733
1491333403
843247308
1818536346
42850606
904164120
1421919015
936564784
-1879488791
-1635384182
-643513106
-779767150
773916245
1844929123
-1020436748
909613915
-53646698
2136716568
-13791485
-421439536
38852859
-1184622526
-796948278
-1475363677
-288134230
-2134206459
-651535472
907768766
153406044
2000832446
263265074
199134602
2077264432
-1802162038
-904677645
111081189
-488016844
2030773405
-895671405
-156281553
324227153
-984030099
1986012960
1144817285
462796533
-1057581664
1074605450
-1993418356
436091870
-1876632419
-1722051227
2091056724
1494828158
-378201961
-161499206
-1442655735
945764823
-308485030
-720568124
-557312373
1863956189
-1783005240
-1096244078
-1196361233
-860409677
1195238293
-1686121728
68139247
-1378893468
-1056154336
812380662
786407372
-1824999672
-1038971132
-1768201349
-1165899700
-1177476352
1456723134
-191253652
-1833698007
-568658550
389977216
-88835009
1292441025
-1360079540
1801708170
-229427907
-2046006311
-2145196237
-639025737
-1482570716
725653959
934345394
844972404
1767343066
237010474
-1382203240
-1206033121
1909755115
-707893469
-1843839361
1087836020
-782653985
543326759
1559255844
286079415
-2039565980
-1964043446
1451166563
-618721560
366722420
1161108413
-1742431354
-384059069
-1002870252
982978529
434994058
-70770332
-2003324557
-1262405591
2109543787
898870572
1620148785
949727828
1349091790
-144038625
17103747
806695186
-2037960896
-82385610
1368532009
-1341919018
-634476874
-764481597
1419792500
-1760200806
-1399759342
1253912545
1708968921
1757113251
-3797818
-340294899
256349689
-1874978017
-2100516665
1688862228
-1574081390
-119408277
208393263
391961829
-363153591
89994880
-175567766
-128718563
1217364747
591814570
-1867981959
770454011
467599820
-1435522062
-1218298366
-1609947035
-917218015
-105531173
-19405537
-127702088
1686938232
1878530851
633300007
-890241418
192604286
