787742125
844877800
1694125647
42419534
1148871199
-1765098090
264154346
1170047752
1473922226
251499681
-913804284
-549630669
-1784837945
1490053756
854064417
207235686
1589311591
-1373506160
1110084501
-156411502
499769159
-1888299831
1431743041
-382611646
-1247329211
-1382904069
-715519574
1108143411
846865494
-138124390
2099655476
-1253574596
-937334031
-1453600255
-769755195
-24215825
-382933261
-1614664467
1496014885
503406245
-1425116968
-1127565030
-1733671845
2047175956
666969921
-948544077
-1308435631
-2045995586
-274440660
-172163166
959817729
1388274909
-76261483
2089063828
-931192026
652185815
-1798850600
-1143794561
1094701612
1348549678
1987383904
-88418095
-704807732
1525504736
-2135967049
1110603370
1376289412
523718564
80512029
-230762980
2004580619
-874786107
1539823301
146127162
260022293
-2080698893
-1945625102
1748844140
422563753
-963243290
1770100587
-1882169016
-1481254801
1809635072
490799121
-880056608
-1200712307
-648668685
1584018582
-543327025
1443496318
1245964278
802613486
-674736148
1644075130
-468234470
-1213975587
228075872
-456216205
-1388955078
673224804
1493875910
-2039310803
5826390
-976206003
-1168475896
2103736433
-2078305418
82354527
-1606573433
-1215014818
-1794637351
-1797198602
-76686152
-834520417
1418089349
-1510197623
-808816835
-1383954971
1466270394
-803303089
-1686809421
1896197332
-1657630463
1481705365
1187937670
-1506842781
1099329315
1687576349
1556913018
-1894921691
111925262
1047378527
498670492
-1491718098
-9582939
1688094543
-484366902
-220032438
758255651
1410838229
1939404155
-1386215713
1093677342
-456358327
1888718605
-927687436
-475518062
-283525063
-276181841
1918156259
129917036
-2007020831
-357401770
-2027386908
-125260875
-954867639
-47613410
-1634586535
1891596746
1197071788
-1985605190
-99990601
-1302909013
-1526935312
726875883
1152764779
693799505
-2028649670
-1119743237
512542015
-803140177
-580282570
-752708495
-1162912850
-1724633922
-808805377
388230126
833861492
-1432011807
-1841864581
-1370600179
-316962858
-1840168895
-435866898
1484032650
-723986879
1423145632
468534219
904091706
790787431
-1807395712
427124537
-1707092353
916560058
-2041661029
496427064
-397741192
1525365844
-567708547
-1842330099
-543342327
-632483122
222000368
1094481994
896544069
2131408503
-1507190093
-335610986
-249554658
-79998971
1933770442
1260280646
604536347
-1473416682
-1407697951
-1114684154
-1622940338
252768095
-453903517
-1063464590
1823604273
1176488946
-1978356261
-1415113782
282541888
1489634446
-938834392
960523280
-859430691
-1902384079
-449705748
-1298325489
1910666693
1056172187
1759347574
419587892
243607527
-72467434
1806874116
1214032743
-1668398349
1562325911
-885921298
954140073
1162594340
493136096
737508595
-1917618801
1182119459
-1640619941
761188825
1450691567
-1178922096
1711978129
275785394
-1951761658
-1805179469
-1292956341
1159913091
449763426
-1252455283
-524176517
-156594494
-1153421732
1286058938
-1826459101
-369474020
-1968775620
-1625867801
-1679084656
-1242545630
980956244
-169021838
345696392
1345759384
1698080483
1450656555
881507260
-1302294475
1374669514
-1065141871
1743261393
-1264543753
-1950293509
1601452805
-1571828017
-1549467275
796008005
-1106591892
-353227619
220938541
2043266190
-686594191
1915992484
-1938566968
-910478827
-2099719886
721462074
-133968817
-1559546315
-379279492
5263095
-1669689468
-1128831238
1890489001
-2027130684
1139321193
1957566414
-44729346
2112107722
-161872452
-1453344672
1136047278
-1110728414
-1667320834
-2137498285
686280911
1198815478
1368340437
1798589207
-995017190
506205385
283700808
-35979840
-2103767342
379960376
-17795908
-210729706
-1872825015
-1276572326
-2103637401
1785569685
107401731
558396369
-1088553522
590047715
2111524865
-1403601834
-412353996
-890307131
-841680895
378440183
347018451
110888791
-923512586
-1996084316
1605445819
-771263048
468233947
1424741541
11162123
677934585
910301300
-1803487708
-225295061
-984178841
-670838084
1506115425
-659011085
-1135739246
-328935522
-224551032
1324094939
-973562469
1034844115
1694647742
-430221647
548605773
651591828
-788275850
837789583
-660273394
-428062881
2122239992
-1290627675
2021936490
554751844
496737508
-1902540832
-1312092062
1834202099
908521639
268014626
-1575179847
318421892
554991809
-1377857263
1040967718
-1730888852
-572720523
2102389412
1143354803
-670133032
1272453379
-1699809245
1066731102
2061404878
2083181296
-430296207
1350418219
1581014169
1525877485
-2067795308
-548486802
1609517033
-293161314
38487858
-889361889
1024851313
531416942
523222938
1430167526
236610533
1328246828
-978664097
-1273533655
210156853
-1095941050
1457014997
171899664
-2136926967
642732431
2010973124
-1505776584
-603915492
-1800594794
136992253
585447554
1490161398
-622689368
474215420
-256208042
1470950469
1330581212
1378226872
-447682470
892456805
-1341125669
523559827
1716292729
1666766417
-137987685
1240725785
1132267485
956001160
-1500305670
-1559924298
-2078999330
1517368627
2083572907
-139808439
-1830188058
-319331258
-420262405
77574996
740889848
677014205
740173382
-2054626363
1518383417
2078776772
991747059
1590189096
-1389498861
-116356853
-324617165
-831993047
-978318724
1011362306
2075797226
980453525
2077317299
-1591367439
-1756010730
-871950949
1383594478
945130780
881325879
-1258679332
-557348265
808907844
-1631198258
-1529443562
1767617348
1794379528
-570177404
966333937
1493082532
522953867
1513944976
159675216
1677406365
-1518166979
789063559
-74233962
139671051
1314643460
-1087544201
869154794
-1580177953
-371429622
1007567675
1618759728
-1820395149
-1725114710
-1498557628
-1371296003
-1151336075
1050070295
-1461789970
1253990175
-361778223
1408899046
-1269496888
-328003508
1299889702
-340698081
-1342379759
63407756
1298654842
472978299
-1813969790
-934537447
1907675056
1763205307
-174021196
571446458
1480843688
914087188
837755653
2101198497
-1053393568
1762904810
-1013217481
508592689
-385661080
-668316730
-192162995
-247353065
1642802736
-1008708139
-1121011309
-2017043683
372473000
-1070778508
-719483577
-355886375
2117418261
-857964570
1768927810
-2048650469
1245469136
-485882078
1257060894
-656201341
-1012965852
-740408355
-92669252
-157767523
1034970117
56312539
119596437
-2114289643
-453699436
19049250
755033456
-1399232562
-519956479
-397068202
-1715192343
-1668205958
86931989
-896348626
760602937
1468732141
460799273
684134679
-1923726865
2112406608
320988942
124934462
-34620592
-952917324
1694709847
-942944934
-1853043463
-105848439
-1293999507
-1072862861
-375390706
-2028460240
-1065432580
1277872198
-588502016
-1972257482
2117759831
52089526
1313260980
-35669245
1279601488
733406677
-1974151292
611907009
1800358442
-1322351794
1454683765
-1018290659
-1908651428
912623205
1527409624
-1436276397
86348403
-111371414
440683960
-1698604855
-1321469012
-211126029
-1059852043
-1069177410
-1235383220
-1640859821
1637992905
948072260
1269070817
-400373342
-1939095481
1249727045
2087820735
817844489
916248815
-1857020228
1320692004
-543459100
2093535102
-2104871437
1899919794
1393097841
1345164931
1315251755
1596445744
2120838882
739992633
1192575166
-404739401
-1430126638
-851691125
1083487716
13569151
-691635416
-764852760
192993507
-1479412221
-1711148713
-1859655851
-1600030818
2065158419
1656267468
805673009
1023342715
1200807737
1211601242
-335348301
-1027929761
2059739880
-1989570370
-383858330
-878158248
-2100676361
832384885
-2018582789
-1419888029
-245042660
593696942
-31102227
474758509
-1221324480
-364506964
-701325490
-1540715987
-709223250
741687187
-1541509227
-824308176
-1893381480
-1517459919
-1270018900
-2061928966
-2051799771
972905188
106414980
-2097653800
-1396155322
592298604
-1931709150
-1074798989
1376731423
1412722081
1769797853
-318429260
186659937
1268268704
1862144000
-1976550798
-441655789
-465720178
242558452
1092349441
1583796647
351205710
-2125941053
1176364640
-1446968898
743262834
538266504
220852470
-1115877418
1766731851
1717829541
2039917834
-2089131198
-1272326587
-1835432251
1773649232
-355746152
-1152777077
1673415644
255542825
-793092159
348388022
1758206516
-2116748840
1158072221
-1566401441
-80729163
-2146522329
1077976149
-538958418
-375387923
-1332465716
506728536
2119087185
-1172006019
-29910033
-1186351600
-419429265
-1013469497
-124219278
1737625435
1059645938
-1179438169
588155762
-1343739440
-807351409
218404684
2118796174
1558542336
829213686
-1924526920
1170494369
1815399446
-1667412192
-1338377083
343195979
587823216
-483545357
1841760679
1008736396
1192537740
1093423709
-256100898
-1065755257
1535097013
-965194987
597224410
540375732
-488772036
-1586603962
484998479
-1854730487
967594376
166286616
-1589528232
-811706068
263445181
190636145
-1871964162
1076743189
403390709
-132567061
-108836021
-1923555167
-1134217411
1481970820
2063902349
1447132993
436872281
1105546987
-1732414057
1413380512
-1817923346
-1015155108
-1700914242
470139651
-2132473126
1112721401
1627032806
693356860
-1085472511
-1812773941
649083854
1166323131
-654505790
327691977
153807950
713834392
1584081098
370483160
-928283779
1656986021
1133688401
-2140023190
580799057
-828325442
1505362163
-1536247246
-1843143046
194426683
727121668
-673153077
-926245932
2006674125
1079825280
-1349452475
599098068
660970770
1773182029
-1563821029
1677191747
7782872
-1222877229
1115497239
1383085195
1660652388
-1962307589
-809975150
1256450486
-1099434567
-431819651
995613206
-2031190831
-1875017542
549266964
-477951459
-1832778012
-1508304685
940437423
-518103372
-2107526312
-1799663706
-1320992476
-1425921184
-2080904978
-1817155533
-369778821
983112195
-2089931768
-1411464266
-2094972834
1812323892
1508801515
16032194
1258155144
-1526602058
-872303877
-2044635965
-526939131
-701500487
1242737828
2089420514
-1371734525
2142908133
-1290221143
606289962
1615381902
-675150095
1524598598
1121031226
41696057
-647409428
210822544
-1356836427
-1699268848
-316637505
-341330660
-990908519
-242663063
-114791999
-1654059952
691137528
-1048732487
1888133590
924278498
433030138
-935975779
2113299613
98155927
850965318
-1736608496
-268866076
-1858566773
-1680570501
1566530358
1622933774
2035908410
-148045607
-1480399193
832526428
-412973572
-169736856
1163923104
1561291114
-1422088841
1814559767
894240418
1353751071
-666910732
1844366119
1034155665
-1961701892
1296094035
316305487
-696265183
-894877677
82760675
1791868423
1336216463
514322779
-36535997
-1805299112
-2070953804
336319493
-415952173
-1522591624
1971660056
726482759
594133980
-57807935
2117360063
1327942897
-1848989925
914638547
-490770793
-733660154
135299851
696159288
943367576
-1355843758
-181837703
500335837
2081811164
-1202562274
-447818130
-1791510710
-539362849
1873664535
-32952210
350598352
-1014948246
1462187382
-1455019850
-664973322
1373403215
-1464696516
798453049
-420533544
1868521317
-942430229
403501005
-150545282
-1018819166
-1001350167
305839121
-1302177259
-395152651
1357383415
862531807
-665281678
-26734650
-1937340297
-662075543
1493464205
917733818
1657093833
84104585
-1848990134
-1084122964
1827439690
-648517749
-2071904703
