-525320738
-1862327090
1961848655
-436553909
-1395318496
1997877800
1379600772
-1883758658
630691787
546834571
795783917
1768095659
-630579374
-1619838687
-814194366
256258423
-1420770409
615297080
-1180463929
-322224731
979348523
398347598
876871238
181215718
898505404
1758637019
1930175704
994766006
-1880238397
-591888447
1267274585
1622133212
1233926288
-451631265
-85596692
1063119329
215240366
231605927
-241664417
1980447011
1723682585
-5413119
1988612393
1760790643
-1434655609
-1943323328
827592406
-1447395397
-1012970813
1173386894
2017163352
-1252795724
-162118982
1345504942
391291894
-19782291
1117266962
-790204974
-1784712246
-450079805
2008205671
-714414803
1441452113
508653074
-1909123388
852269810
654397283
1447726762
-842212146
-375570841
460180974
-327963907
512404608
1675286165
1861171928
1048287126
-357051868
826186021
537626477
-1063451437
1432794136
508773547
-1984837116
-98047552
775512620
934646890
786974423
-1349678637
-90184004
-84936851
-381854794
1144223400
-2015918143
-963935793
-1396359420
-2076390645
451791635
-282369439
1200427294
970549711
39778703
-1715925600
1526918194
-331479658
639805340
-697737168
443029603
147512722
1267179350
1471179403
1820615349
-1694390286
1752240378
449527229
-1090829453
1019850424
1839536579
1283017372
-78391643
579409036
1469403477
805761091
1314688124
-320193078
-2058958024
221714031
1530734967
1556657604
-670779434
-476919440
-1698818612
351234219
-1490620768
-670461688
-326001167
-689505990
-807782628
-796192285
-620147101
810045847
1893375552
-562751232
163488080
605396510
-1300126130
-1695119044
-1999146187
1305495633
1578741823
-105134365
50208076
-1658963064
-584980823
2052051805
1841732114
2064028124
-114722732
-1279686670
582753353
1026730783
-291378826
1625290231
-1602916512
837437680
-348124517
1619584133
1076032757
717811092
-248459784
-2142544089
-926584680
-1445010037
85372357
-125929432
-397241337
856202149
-1846799043
139115823
-1305837941
2003521573
1495719716
1791801489
312538338
1951183653
1696856942
-1112368851
-699625024
1394415565
288475698
1784853917
1546071529
-1153227628
1270200316
-1237793340
1398807308
2094069760
-468454148
944770167
1451595994
1706270545
-672648943
-802618056
1517988770
2090576456
-837100011
-873717103
-1550085575
1819400249
-1936926672
706455392
-427130099
-1112438476
166038194
1116655099
742484513
-1233081128
737903027
-52317411
664148457
-461703945
248521492
-237625069
-1967230060
-700400315
-982200289
-1835899341
1919150630
-842134759
-529719829
662216058
87811980
33112270
102005728
-162170974
-1363197203
1633228619
1533006592
-1643757599
-895003668
1432166256
1519600328
1481396595
1199287694
561585563
1138454240
953809343
-1583509764
1122166671
-1682842283
-1619456884
-709188790
321270740
-1712348084
-1227380080
834688122
1779138153
1060170737
1460480627
992280467
-1231245654
1076634243
-1763078872
554121765
-1155255737
-2104641203
198932622
224560713
-630536715
-1620326406
-1072605778
-796982243
-1848554180
1915116743
-338348612
-883559426
129382526
1508903355
-2112442925
469777242
1193825572
-948395394
160767239
-887646655
-1063969707
1845129447
2075824584
-1443373743
-995651821
-680926984
1882369766
1529423577
484462989
-1592776650
-1991206816
-1141149512
-319998572
-1293125266
558210054
1321560460
-1630590082
1670020932
679275816
-1323300588
1098056000
2026304899
-1981570570
-1175101181
461428890
121134568
-983184096
-911285253
-2023105077
1174731769
-1945477382
-1133555789
-1326455343
758710448
-904089206
-719989576
-457678029
-40320962
669475369
1475204707
256398498
-1218218975
282969428
1031733237
-36643339
632092636
1460443062
-1646091931
1253507512
-1273712167
-1827722457
-1126585521
801356171
-1578270407
-1157600221
-1872799868
-1813864749
473844728
1349035241
-1854069758
-708422707
-661525954
1187911361
-1383523228
-753470218
-2023307606
-921794979
-1073187925
-601787313
1352035872
-1134761115
308870610
1292928101
44672686
96922747
-633246506
-452989747
1757606490
-1773128666
-354043232
-51039960
-1521974118
1009246819
-665953336
934143588
-1378824254
977643957
2116929106
1932076380
-2129454821
-1332493451
73699311
620963663
-108179182
-140868867
771962060
77140642
1612689237
-1589932864
-1569144548
2080008449
479262835
-767449269
2059432684
197383991
-1408433486
-1556314675
-93420223
-540366454
555817436
1447510309
-1872821897
-1185583499
-114114722
-571525369
-611010055
-205201955
-1721932776
876850654
-254950114
140946434
1855127148
373846371
1242782801
-644245714
-1843166558
1259623640
-2092614854
-1206530836
-1385986810
386559276
647776190
-303048158
-1981220259
-1152272817
-787945193
851143366
-273954274
-1339250295
-1374356517
608056028
-826873897
-1369238483
-1741680753
1767887517
-1587821933
2003175591
411530864
-1241172399
1788804854
-1131850525
-159714154
-369696728
-1580069040
-1203525871
1104094153
-527673994
712888197
1559930903
-2139141273
-1044871439
-51425225
-2086780281
2123116285
470968423
218835204
1928504527
-931352730
1617989013
-1660811208
1464630586
-829186771
837293688
940123273
897951524
-1848072197
-1864141680
-1351937074
1863601176
1041328531
740434238
1532082671
1582204789
-101742286
-2139510850
166991485
1088826848
1811738925
62465362
-365438672
299516759
1460877448
2112840560
1656095556
1109283604
-2010450609
651491904
-75079089
1417405906
1121933970
167230246
388208221
-266469698
1326858399
1897817430
806675661
-148556563
-1781095648
-1008980629
1408502629
-495837082
-1952347017
-686238040
409490071
-336585150
-129718579
972774752
-1936358242
-1543992877
1028835188
790301
-2132330168
840966088
902360161
-1269294893
1153646637
1962581532
1390046044
1196089363
383574316
-1593745650
726506118
-483972994
-76396285
1399079652
1364680639
-656775574
-1133607485
-871624574
272703155
-512860031
-315622144
-541096797
-491918888
-409113100
2081424686
-1343601753
1707952917
-1236845767
-5555560
1917163755
507241740
188180913
1551362791
-1961417179
-919151969
-391574045
-1970839388
-1417627306
-928695823
-269943985
-249927657
-1365021923
788373657
-69844952
2060318500
1803593689
-1261272303
1153510974
-1752743208
1770398950
-1576427808
586373121
2054992607
1220032125
2032094817
1973998720
-1776524314
-1925379749
1267135854
-1568105804
-1459445546
1207179304
1195789097
-1200906417
-1861379455
-158092321
-1416190660
-765436389
-400313887
1365248666
-772700080
1850709091
-489606606
368777133
-192084149
-172983318
-502482745
-2061505398
-1113161458
2077030437
-2078766743
896032189
1515217656
-1576728178
1373796822
1882709631
-514921454
687116652
-1459471407
-690448962
-1375329336
1900514028
1853164416
-120034940
-840771228
-909972835
-2074557695
1191838174
-580521115
244564378
-650744356
200055476
2023526978
759709623
595498076
-450703739
1378531607
264279579
1525412316
-1140612459
1701971604
1854970501
1642410752
-1006786043
-1209004322
-792047919
-1837394610
-1100854232
1998855673
-861488168
1249004751
1262215639
437437771
651227473
-1691420469
438363619
-1260116260
-1646216010
-1380598585
1520003892
-145979666
1087160949
1330567491
-243854938
1173171860
1370951304
272825778
-1338924969
-1188177490
-1186488397
-175631518
84797907
-1737510683
1152339048
2043808656
-2108156843
-761863551
674017419
-1217761607
-1496323708
160271905
-247615126
-82875669
-1899459731
135301049
332651408
-993612192
-676872633
624240225
-1633420604
-212148526
1730641648
1103644228
-1131839528
2075809516
-676688831
494252634
-1753115596
1770649941
-1030416454
1011294347
668332557
-1530192950
1151735877
998817486
-1836622708
836095273
593716107
1004204060
1245753792
216211866
1983453691
-431842031
103674903
516277752
549483818
-605890303
-1988586188
-1420423403
1001549894
1406898197
508742775
-1816067274
1477916117
-255077008
1797337159
438419768
-1410348794
-961072831
253291291
66645236
831745799
-439927689
510684140
-124165037
488522508
-36151423
-1283942946
-649493788
1163891677
-472638160
-2134786095
523241428
-1129842072
-1094021776
350005409
-273983497
1239633843
-712328628
79346226
-1863592816
1322026597
-1171297225
-486558129
-309923035
1672683926
1817713059
-1485650948
-766648697
890801293
-1929487317
-465122147
832220053
-1665881143
2132855138
1985209560
612800681
968267672
818781835
-611015037
782479706
903057566
280985602
-1186036659
98663576
-2073715885
453901710
1118962284
1487921406
-482978493
1558564518
1299750290
-433117539
655080459
-98040496
-614142355
-332406784
-2108257814
-1421719543
-1759276170
-627305042
1440540352
-1530895585
1033857036
931138516
1742433487
1606742984
-498102563
-1579181657
1256511305
447677771
-1923030801
1824760986
498729118
-1639496519
-1049654137
2077250184
-1149487838
1934244425
1495290154
572691407
-1777086036
-1861669181
1185878054
969138302
-342085292
1403322638
-1917213791
-394226284
1956935122
1182889759
183803307
1422723586
-1195271181
1392367073
682792930
1716229661
632907684
342343500
-1059191595
-491899143
1575538595
-1752737495
1327598401
1195610008
1682150680
767122494
791632554
305413775
2009629751
-1790635316
1896241248
-381103995
1505330867
746521121
-1488420648
-1255818094
1075383452
-1361463052
-282020768
1182137290
-1048654424
1695837359
-451655802
-788496980
-2028620289
-1769876126
-2058650569
-791548309
237313033
-1801190849
1973161842
1658508463
380621347
1398560019
-344434941
1302180528
1352225733
-1893702917
1272216489
1249140317
-265725940
-1845355523
149123309
-1772536036
-541791738
-815319571
-1469627815
1440304394
-273142326
2061317203
-126286315
401602705
913513424
341280250
-2065837862
1844205903
1605760198
-694867153
-1557061485
-883289943
1330347563
-1842831844
1189820054
-98758025
-1727859202
1939052790
-2093973975
1951426070
-1479343940
-462462102
-651592681
1537103642
-624108292
-289525898
-518757806
651554673
213159652
889443449
-656940680
-399557818
-1017318482
1054309500
260518333
-1932945697
-972753221
1221218654
-1809282636
-1231014037
1838443359
2034396982
1892563573
1402314942
55181965
591307166
-1748650482
193931130
585935945
1336227140
1975030492
-1111697716
-592280480
2146063234
1301043077
-237439557
-1189134397
-1185002264
-114904805
1043115332
-299557258
293586175
-370542558
118195999
-1339910020
85220364
-266387455
1942726535
-1190059870
899315801
-2052520971
-484836458
1240824359
1072504708
-272174492
-691787509
2025044993
-1501160731
-1215841629
-598886838
1421556400
15879243
790546587
-1451881037
478197626
-894651326
1088824943
-1720833617
1235649564
-1762504172
-516808056
704118718
-101810692
1498385140
-1416478875
774893031
-346698774
-1527110905
1495601846
-2099552801
-888540168
1286846009
67372498
556562450
-1899805685
-1009876189
-1871870265
2040741568
-1107094026
768408243
1498199263
384286905
410208680
301861466
1206449842
-2082437296
-89685233
1194212965
2074675438
-845009311
327517634
915887152
405718861
2008399629
1034382044
1518314665
-1233272413
1377518673
318226846
1528426944
1255482732
-1735760053
1435828717
-1702236346
-1947259725
1740065976
-1389430193
1264930637
-343970257
-1483987341
-1744222714
-1948110218
1542756766
2081327329
1147170669
863440436
1609111650
