1445532747
-884022662
777791630
-540387010
-224430913
-337571102
-1054119632
1872215952
1207871565
-852688015
415983573
2127570309
-1978595355
638644368
-476625129
880535556
-578458145
-1020753266
-84685715
819907050
1342954010
-640853331
-1053859568
906523430
-1018551366
-1151075290
2139456787
351446316
1497560599
-1909499851
-1288400292
2066424394
-1864601352
791799988
-448844475
2040073634
-2142160393
55551197
1940122197
-1437303480
-726162205
-152133834
555866943
1297411045
-310468970
1866760784
1390389484
1525487149
-2103757906
1051388878
1586547625
1637532932
1705684987
690643506
793434480
1542599085
382989020
-2049652016
758134757
-227638480
-104742181
1227581769
-1981990492
-722851056
1104349203
-1983614410
1147956667
-462550793
-1143462104
1632840891
113875871
589433871
1155616390
-882846606
1943641515
1731998171
117246643
-1858062961
926790751
-2037127451
-1320005407
-62326810
236080480
312825883
1428707891
1290850426
790400268
-918019978
204687146
69161789
-1229828444
1796607144
1953437593
-106829928
-1321164100
696904089
648192083
1943664045
-1156067598
1552665356
1578288623
1460359124
-975665268
-1303313247
-279226611
382846131
-31772853
99252008
1656308261
-1989953901
337604393
-1306592030
1117052098
-1692674735
125897389
791307733
1260772983
69569408
2142302827
-1115406495
-772726040
-1531254534
-1896839874
-1338606606
294256663
1523845593
-1194124562
1667638868
1671670242
-30173820
1808987882
-391325097
216283730
-1009991179
-557069126
-1124835573
-1927733642
-1337787221
1153241991
323378370
2050547062
-766479328
917902037
-329405355
181376695
871993113
906899894
1966912263
-324321956
403643499
541819732
1420730402
-1700656079
1642772321
-1979023286
946666988
-1636386687
-1932662998
-1906723307
-1785925061
1244635988
1694330521
-35867720
-1101530401
-260452237
-1044804197
-356520195
322642527
-297086005
256191274
1007076336
1944872641
-634508969
-492891678
1042367226
1838371726
210873448
-1680261114
-1611962819
-401818349
-1040785514
1508335304
-1384796222
1286998862
1537927854
-514984867
-711350134
584178060
-1768877968
1211962312
-1360848815
-1808358471
516845150
116780525
2056071735
1003511561
-1669326214
-774310378
-1264661960
386649520
2045287095
1402578855
1632818480
-2095891058
-1669487838
1171905222
1890153342
-1008206323
-237492069
876511042
1313479029
788084862
-1328672858
401649138
221624417
-1476449806
1572860056
-834985029
-731593332
-1258639149
-563485257
1982780990
-948564385
-455270288
386399615
887864618
-947594510
-332884262
-1176290570
1862652160
1871827618
1759489334
330404413
1492203282
-196980982
-268652652
-420695220
671512623
1180753839
436638379
1311199185
1114909583
313783720
-1376354551
-260847392
2134534123
262343715
-1086821370
-1420757174
418959461
1098880978
1140253964
702154672
2103342754
-812963925
30302340
-1233441384
-621384514
-949982270
1005382942
-1379130028
206726217
580772007
642150793
-1459193147
-1297638720
1460948592
679216320
1121538239
721350734
-1590038173
2011061987
908144514
-629370342
-1396464081
1357975194
-988452244
1469426994
1044265636
-1485982134
1572313161
342204011
-813797994
-1874997658
1965696957
1270252295
-282624817
-2142613356
-1998015747
-892237499
1221939287
922545961
-1788695577
-1441772272
-1735734831
335180629
2086298359
620351393
-153329022
-1798877706
1918243152
-1437322010
2005838208
709470960
-1620548829
584298443
620216137
1158159879
1810369878
-1570876590
473974792
-1452707008
-1075188610
-429326417
1336781038
714776001
-10189028
999686430
1351566788
-419736328
960183579
-597373651
2047689808
1999383387
-1324996674
-1807018437
1113742238
2000775282
-827367552
836608261
1509418914
216704105
1619540300
719160256
-872124440
-395302893
1452245663
-1064975610
1447454224
-811837760
1111998139
13707003
739841911
377079917
1993607345
678789617
-22686834
2129106078
780939903
804554891
95673582
1282033906
1504345322
1301189680
214853240
-1556459307
160801970
1382051127
1471440168
-1472786941
470771804
-96670785
2082535957
-1701504421
-849450931
-687014021
426307732
1316301563
499826815
354887054
287502012
1445362602
2137813590
8464402
-1483217276
1025537477
1595053352
1870325204
1789557194
-255854518
-1240039080
619106991
1746889267
729818783
-1163429128
-230566130
-908716910
399170613
-307959155
1074273670
-774099896
-2136944967
-1882190123
2012407903
-1635115657
-150521153
-699273198
-2146714707
-164337605
-694746138
105917982
-1011150628
-1117922323
452385583
511646315
-1794208426
623168202
895682558
-1093460558
-649574324
1430324981
-1373039083
-1829950500
-53830236
-316975160
-2097360528
486786620
-55423590
23576929
495455372
-1081723585
-2016571589
1123201917
1582439242
-417962385
-1889218559
569000443
-979568565
-1855636111
-954405125
-1768793988
-335322631
800835185
225493325
706053653
752530801
1040971782
-744256326
1743995884
2132804687
1226737361
9751325
-139093041
1140820683
1341765645
681186925
2086827704
99077264
-1105469069
115383577
1260517997
1083070379
1369392918
-1963699876
481442320
1335099826
-842807375
1508173581
770905408
1203746904
18102228
776777874
98784415
-521741300
2052256862
-796460456
-1762031926
1675038878
1695584389
-1013120446
-851677117
732275877
19221631
692393337
-1827142790
-1396726057
-644892334
1496473228
-637938326
-1507003933
-1047340811
1546283424
1852034334
475933193
727994227
-2105597969
832299898
1429876142
127625865
1768514691
-1819738799
738151189
-1255641485
388182802
-2144422347
-493004157
-2036616051
-485370065
721145799
-405234683
1661216953
85039065
-44104479
1492165698
-1281283426
1182763657
-967254300
-155619756
1785954811
-382115480
2129377519
-2087361299
1134989215
734879223
-1610770612
-1002645426
-1916774520
-2094767631
-623413196
1781384816
-1751841255
1434547667
1509948423
-2024267197
1698698980
1844312955
-5520281
-1666420432
1840210123
1415266193
-1809741121
1849710687
34089989
-1591283515
-12763676
-1378847800
-460069229
371353351
-916809225
-255765536
849126965
-416720442
430690773
-722215086
1635414486
-223838345
-1514602647
1664233259
-136996328
-714394256
-1064091161
-1739603882
572745220
-644086461
1845209062
-1202185521
-1772257004
-1505818616
-1947100553
-2133302116
1069398173
-1657191815
343831373
-661448985
-669338378
-837080066
-2090164356
-1695874011
1564586471
-820605172
603700911
263371318
-1222210176
-1555710081
718180973
-512419996
1530952097
1702464684
897904564
-1347891533
597715771
-783645540
-1979587296
481905064
1571570512
1045209729
-1633182656
-321287560
-735040034
-1139930602
1874863282
331364228
480173008
-1101391499
-774300344
1048055746
-1539132911
-318335069
-82644537
1717816832
-43361328
632758240
-1850724229
-1006671185
-40556549
1172080999
-1824912802
1238176202
785507833
880255150
1010986455
1662316277
1569468740
1845721719
-624417987
1382553847
-894815844
-1895832791
1158032775
-119433423
776089106
-1868446607
1254715433
-424277516
1087012160
-348406693
-60066253
409754652
196290472
1559025919
-1583960789
-897601931
1482263756
-1718887784
986318854
648940579
-1592938854
647661415
-1710426755
-152130487
439855179
-1374534919
466172278
-147632872
-265184234
-30497927
-1112583181
192460327
436481223
1321724701
-1219569664
-1845215280
-592775367
-17976247
183395797
-1297416860
1024674895
-576394448
237763989
1574497336
-554845707
2095889481
373337124
-1723172521
348073436
453764373
-204604863
1283890765
-408881709
2146210693
570733651
2102978109
-349713640
-1479258
-1225390358
1178457664
1873476620
1088974076
845440518
-1661933556
-1610074305
1322798183
-416913467
-640692664
-1268806309
-318674342
-1694669730
-1063174143
273568198
1449078167
-129266641
-1987364707
-512795322
1495741319
876252484
1616283174
1277294532
-569348621
105632260
-718058129
-1648395655
251141556
2080469579
407963142
-1790098854
1187157745
1494874332
-1606815684
-1448685995
-1982933370
-2082099389
-140639686
-1205270988
-1485024049
407603106
-1054294848
-1998269035
1259352556
-1957068634
196347034
-475153842
-1746782575
1924733642
-167832581
413751925
1723518244
1915721072
1206900383
-993751280
97642495
2016247255
896237648
1031408839
923867546
-233531341
1853880957
1940153131
-1985764317
-1038664567
1602216367
-1327980840
-330009689
-1396638865
1786352195
-92556535
-1504779077
-1082430024
1655050714
2065962861
-1936867265
273293225
-636307931
-753156068
-819537950
511526525
804153085
1817062615
-2074661005
-1814884131
-1992638111
-2056109771
-2135611854
75204369
1553102338
-997671869
-1999529152
-1904178927
-1211766643
-530235373
-1507512520
1921139302
1771073353
-976100833
1011327271
-1526148334
594492850
-470678935
1694237986
1661443373
-2010715473
-250558961
1923649286
-1017186790
-824348314
-495077058
-1865637897
555609697
-1158695166
-421825952
-1960528808
-1568708159
-795593322
870742864
-1829923265
-81945021
371521561
-1393449782
306686361
613455701
-2084787469
213362228
1606960903
-4879973
-1477993403
-1554540594
-1814540563
1776717840
-962446513
-1958340605
360449028
242290229
-1845481047
574335491
1340351349
-2126268543
-1250323022
-2026468204
-1232887755
1009480282
675757569
-1890454377
1637147866
-2102329217
-1200757532
-827542527
800580462
1769960762
767551285
1530129540
-521857906
-1216903170
1372973510
1130514017
1187195328
1395629600
326159400
223997968
-665099332
-1239705713
1563544288
872634615
165098583
-569430522
-636214614
-1931480288
246723472
-1727221763
-2120726526
775027913
-1130579035
715722481
70150178
822674509
-797703831
-924875296
1781989246
480202928
-937756542
-117925321
1096991960
-1613431940
1473913310
564371906
346164609
1651868132
-1909148496
-1946650580
1675667008
-600634818
94043312
263462868
37753286
-1267656443
1198832239
-498096188
-1918464469
1391800972
-883523832
24194097
-877954673
189863989
1328828262
388898421
-2092998016
983023679
-1597506616
496489725
-204557470
1118648493
-848995738
-68796789
1908636790
-1507124896
-1860776834
-288101404
-1793558103
-1265703543
-426472924
-1249949870
-548315864
21590574
429177591
-76883659
225877160
1460080672
-470084362
1309600718
-365708863
-857938953
-12885859
177800959
1024586984
1498937730
-534354421
-481301465
-963464772
-2001175240
-184309149
1396470320
209417339
60541309
939232152
-301330343
-858749212
2066468413
1410787328
1458043060
-1422382821
-1894169623
-1075832404
235780798
-918497992
-1066350363
-51674361
2111606478
1530210745
-260282538
-131388962
2094236705
1542933283
1754550864
1004664407
392380223
2034201824
-627057905
944597916
-400558886
-175010992
-506976601
-915613513
-1248113174
1319142324
-911966638
866211680
-1713063683
3292308
-594166929
-21591915
364162560
1289899253
1209026317
-2076519033
-1735744090
2002399851
-1914591398
457980876
317888047
729869482
1118461786
98254000
239618350
432079395
332408308
-767862526
-1980801303
-1747925406
529515348
1611812647
-91288345
1571799317
-72965069
16637739
349773765
1609973376
-755809158
1379159692
1642990442
-730539700
-820927712
-407684763
91027849
983194643
-1590308888
280039172
103358910
-516485002
292990547
1601414972
-311628611
-2029029032
