1571794684
1469850397
-1710935138
-1899359611
-642368401
1420871310
718766325
-153427297
-1436946398
-1406497014
1427443346
1507761173
-788289386
1347597854
-1762311886
-1240452006
2121194719
-1211194381
1907045974
2127363050
-1504459513
-1273281082
-2128878409
-890856478
1863590431
-831296643
-129954099
-570263875
2120895155
604033829
1917266198
1404496773
-169378447
1592584182
-1832878089
-1480423555
1389342614
-1736451960
1840961852
-167424813
672164274
528149099
1032378141
1754710031
-85731096
-859811084
43421317
1938148812
285910118
2062498830
-875554498
-944647500
2062767291
-1753826948
-491474489
1068473403
795773880
1491177833
-668854931
1287406024
-121128076
1124424063
-101227998
-1499341600
-1877956831
1910606201
1167739810
-922970522
-277211192
-146486928
-980958530
-227082139
2090280369
-883993109
-1177694532
40259934
306263521
1364602418
-803992133
381015805
759743645
708050369
1963575937
1531859262
1787342344
-721349118
-305013907
1125885642
732318649
-213442422
-1847224823
-1982162579
-1649812801
-891060734
741752113
-1548891906
86401110
1389160260
-672129430
70163965
-2098548812
825719300
1608502911
1389894728
-1746831134
1349052815
737079375
978402141
2090352417
1146848330
2020275443
176865709
-937119875
1934734277
-1258782538
-1204225360
-1916795335
4725201
244756940
-569193562
513122245
1862908309
-1913569681
1406928377
-468826192
1544285358
60804081
133176972
-956869504
990937702
-1006769966
-1971991069
-2115247861
-286257932
-1049990723
-2026385101
-151007716
-88398613
558876318
1139580541
-327721727
2046483056
-2120706345
-446058592
70705920
401303993
-2066554136
180128959
1128344437
883878154
-266423047
1930451988
-122346652
-423665566
-1272472343
331303429
177339695
361190758
654971669
1636761170
1501515406
-1312866157
-941458417
-1002521771
-1124867587
765955113
1683738726
-2123233654
1300470920
-961990478
-1244847062
334660676
-266657268
-219151568
1833225102
-1153280678
1807518640
1389501410
-694362958
-883558379
1370733942
196275270
2061470082
1533498459
-998639663
-619973950
1005001460
263836543
-1598571077
1319276015
-247550695
-367159009
331278168
-305730768
-1013863778
-1082987775
-55713998
-458488420
616696467
-1117885840
172295970
-70420112
1880501598
-1939573976
-816533031
-1764059758
1107727710
115596951
1317231521
1377433204
2116473578
1980638190
169605651
833980527
-1711463525
-542445569
-59177453
667882793
-917373239
-652832650
737435665
-2100967568
-946237090
-1438664811
-1101136585
216253645
-149111432
2108273186
-1045294868
-2090739768
-1264434574
1143271953
-1386932376
562529577
1300734897
1093579877
-1086601870
-177202040
-1374794368
-1093549372
-1204354224
-1560469798
686759054
-328967052
-643247442
832854656
-1763896778
1807662610
-228843865
-79765140
838917592
-1469405634
1798628005
-1132874501
1607918967
432363082
-299304949
-2028187616
-1378443317
-608468653
836060801
-1331093810
647009965
1515676178
-1792746956
-1418955406
-566366461
-345687457
-1715639837
-1225488182
-1567224037
1393265007
-1247919339
-43369257
1245904280
-823556864
-214817028
1052839282
572482520
-1059905091
1016074439
-892766531
-1742653461
1818233079
-1834361600
-773427271
-2047681314
-512183959
-562956182
1367998663
-598891677
-117075082
-1588213826
24340818
846833530
1912476343
-1928569621
2126373653
379735480
-1320647259
-443714628
-1218195949
403500082
-1687704480
-177538271
989521963
-1358161140
691579380
-635285974
1058826426
662110703
1733346985
1164659814
-788645298
-2135845967
36681281
426128481
-2134250579
1827642590
2133091620
-1667536716
1950551383
-1259918313
-1789315193
450018839
-458477094
-1489327325
-70950572
-1622835134
5425659
-820221073
432511283
-1030409119
1764060035
1572896860
-934419432
-600201860
-138582656
-363700831
45920237
-1751790557
-2019272969
-844704494
1886311388
1574973709
122796780
218561426
1817223073
1819523361
-1233153323
669789716
771088423
733403104
377296959
-1951634307
-1687591644
-609854713
-510166788
-943820757
73579508
609140507
-2014527869
260097286
1930843928
1745940907
1762083358
884261711
1496209697
-1436880910
1955336991
328847535
-70511363
215977871
-979584486
-281674612
1839196846
1496262065
-580851800
-1020417651
1764558366
-1004884348
-688493672
-388156404
1056145548
2011300510
-581024353
1489954742
1364385739
1755759620
1719654336
-1458400714
1015460691
-1420653429
366432183
-1140184233
-1259530382
-1572624829
-874377999
501262870
1870066800
-157491963
1170805095
-1643797378
-190981307
573023706
-1677611894
-957703404
1061190153
-910344411
282396767
1952049372
-1322583367
229336646
-289042108
1401901314
-129053737
-656896697
1367652644
-2010917584
-1958889878
89104912
1791165042
234048448
1650163487
1808884858
-859979056
-361940760
-813140502
1579865587
-754778099
-1879660633
-1812161668
337685633
-320013286
1255125044
1520328519
-371006166
-341880294
1041098320
-312839707
-2089296570
-1806428208
1085016279
479568533
1237771306
1676752814
-1207215621
376282906
-1413574918
637602485
-1978514174
301688064
1573289584
293178802
-1017765959
980119316
76011342
-1654938809
-1586034146
-1394714393
-561559917
861054037
1236726372
-1528545698
1836600138
1763840293
-643633453
-1299442408
-869232370
-1384727251
-1285901288
-263199930
1618160837
1922325
1250258122
313348518
-159399394
1580858304
-732605369
675798483
-693829221
141755735
1004888625
1713624691
-947145387
196039810
744004545
-1720916085
-1089399803
-1037144626
-482968867
-1263443411
2079984222
119620251
-2092743705
-215206228
-373303355
-550871484
291296499
-1279307771
-335835499
528149824
-1555595593
2135814279
-868740386
-1621626005
2023343575
51561142
-602719284
1413969107
-217870326
317896663
-2119050649
793574399
-1929877183
194827966
966020916
-1774087883
1724830765
-794320870
1105051182
1269084340
556868457
-685757044
391599147
-69584403
1105849019
-1623570363
-1835546220
2140771002
167508726
1269376963
1950852522
907324167
679979781
-205705861
-346135379
517634409
337068954
1047766198
-655400517
-522576992
1337673814
-973855164
371523991
2113356332
-864538700
-1374977268
-1645670288
949300918
-80390003
862537386
2109396415
-712555835
1566471387
-592247358
-1283925770
1821937150
1730066830
1009200114
-557195541
375092450
-1379854486
-777857343
-518107166
-179979239
2087289489
227206097
-338978912
2097094318
1498557538
-1087125451
55462976
2037695995
-1207225260
-1321628315
1503870600
1955180307
228631359
-1780795435
-1544825796
-1192293800
1560575805
1285419964
-971837305
752472408
1608715028
1987609700
271242537
2045197029
1598581156
-1989668586
1721553099
67654724
-2027502812
-253836751
-1201649483
1505971780
-1333507579
-2122764643
1441538677
849517882
-151883554
-1181547366
-1012641930
-878697481
-2026137098
1382248433
452415178
-15391999
911300302
2067871848
2074630632
1053949103
-1950455256
2093132235
-819344313
-34207718
-303091097
-1860218770
1729650980
-1355913219
-145014679
-778812185
1912929191
1820169304
-495392603
-1187741860
-1598519819
-1415740300
724084989
-845160443
340997964
-1881435471
1417111789
-1193914358
-229086890
828181203
-673051495
-702615492
-1011238886
-2000584724
-1196194835
-159373366
-2131464825
-886876251
801527239
-392441016
-556594639
1284178913
1717358843
-1719357156
452558801
-183235985
486579350
-1835756562
1428781479
-1437441313
760884496
2126305491
1922611013
1302618587
-145823089
1743525305
-1262944122
159787290
-136430824
1177569902
-151627455
349956904
-1232891166
2052600619
1240439639
-1099298612
-613633738
385131215
1903325810
-578509311
-893317897
-864147028
-1101268374
-520866739
-1033732784
-1107728126
-756790414
456143295
-1142235818
-70294977
9705572
-1056599137
-993296101
508758790
-579139239
666175536
-1377304799
570997562
-1483265716
-297394134
-1295464062
1096805853
-1123524378
1589207100
-1274424536
37949716
1413478594
-793628538
1381485684
-2130342680
1348572336
-186771069
-527070241
-1593220980
649831385
985046990
-897982082
-1512327261
-801196642
2088829602
333858395
-1561147117
774688237
-902686520
-303168714
-861583870
619190419
-253715532
1799396790
1688796183
1541777726
-1118762403
-1040751579
-1770756808
-99787078
317651618
664470749
299274556
243875687
169920598
1209233146
43096105
2079234968
-978445817
-1798831327
1278756560
1877822350
-1432140584
-185204316
-1597545955
1497174061
239890048
-1558466265
-1049350668
-2077134068
50070858
1013974950
-2119171226
-1754572666
824474275
-649311821
700747846
1515716733
-1012390231
1103766333
-569787700
852092273
-132059518
-1583719556
526160616
1911483851
1728954631
1347002875
88847996
669618275
1518212608
-1376142221
-768272912
2136711705
-683025007
192268890
1015530216
122345037
804806533
-846687422
-1946653896
-1865328158
1178544018
-1512736326
373344984
-898136061
1554183887
-92397650
822560386
-2110791318
-1985603185
-386258064
825312829
1862633227
1956400937
1551105056
2007555898
876358277
-629696892
-386247204
1910367937
-731720399
971708093
-987283218
1285550575
-1465229556
-1322372884
-882717252
-1161690183
82112892
-212427246
1784330316
-351015523
-303755864
-1595803661
-1040149812
1594723304
-1363461716
1989992073
626260361
1883091721
-1001081013
83546646
2135792297
253837589
1120778569
1814060354
-446954898
1052346371
1668921560
-865291397
2111047536
153001301
1734114650
283157641
-1468746263
1225613702
1871132083
-958234428
1567181414
-1672712280
327838487
1216822720
348370912
-175975486
308623029
-991713978
537566239
-1184545122
-720115002
-929142131
-726974314
-1886112872
-226640502
-1605660178
1097813036
-1066679750
1938377478
-2089571433
727707842
1694847101
852916023
-158855237
769179330
878748193
1149654138
-1245522356
1118070445
1877518271
926430332
327970736
-1962917870
1046553367
747500974
1988445551
580928503
-1214561487
-312587661
299284938
-2119224907
239971836
1347013625
684146573
654618487
659177550
-1288274753
-816379438
1120072762
889746643
-796610759
1998074056
-376241901
-1919826604
1522288228
-1703791546
-767785300
2092071655
1430645027
1498833822
2035977498
328720115
1470362818
-489769861
-1958091223
-1084723273
1998563286
-1663460231
402322439
-1144054453
1269711182
-1442834640
1981586527
2094363949
-333762520
968786669
-1487217981
1923446364
-414359914
-1344765033
765612828
1409810144
-1462646393
653928161
1580830553
-136019826
2088240400
389890970
2034653589
1949198693
181845106
942951318
-1834570237
-1974634373
1436415744
-711124614
-190746413
1305724512
-779236222
-1849391977
-2128073181
1652379546
2074624961
-213416149
308305494
-894147940
-465709237
1115983809
591663208
248578150
238363042
1441236357
1454450990
-680487543
427876218
-1055884633
-2054112538
1480183390
-1116833389
1487742715
1436028745
523709683
-230300171
-410299581
429083096
574486072
-614098783
-684007233
2145116607
-1027740718
1228969330
-499597171
1195952748
-1885390053
-1757660012
-1870033562
-806558102
-522599917
-195902447
1573948365
-812163791
1062124128
-152503692
172939733
1847702257
-531589158
1230974272
-1288156908
1741064693
1125673054
923183677
-2078742155
19252285
1446037938
-1419287019
1431685923
-357363644
254232712
