2032450866
-1999533647
-557930561
-716005217
-1259448803
471453600
-1910073852
1441447341
371723665
-1926751540
1590729883
-570156658
1753640448
1178265420
-1831714770
-376874932
1798516483
1552725938
153722035
2119184745
1778523133
1103870618
-909969294
-1168725198
1195303301
-1659566172
-1767489697
-89056579
-1372734436
912761857
775467036
2019544818
-1586378005
-1760684110
430009898
-1012547771
1473884238
-1030882662
1629253469
-1284556805
1329313709
255840964
-1976967385
2090572843
815079911
-1150760865
-1969284785
742402006
-192250727
-403493710
-361056386
163369845
242904766
1668746759
-71282616
-1558102556
-160119445
-422075201
-1816019521
-1618011189
-485895133
-2851531
1788140229
472874213
1080898653
71279413
1092104595
-1609447913
-356859638
-178078829
-325113825
2069389081
1125753939
436165914
166722672
-979968282
44391738
-1276704504
1891799865
597320245
-1630780401
1297910846
-552959301
-961096360
357362477
1373208649
1207576906
134542295
-980911674
-1853394086
-238879998
1188171899
1314377669
-2092733558
-1498102238
857871618
526585148
-364165742
-1528395092
349043081
1256941033
-59938032
1155949942
362176718
410045329
-1664394985
-2032702036
1624792763
-748362604
765210853
1388055514
-2047942004
-676693993
-303066126
-980599719
-1899945957
-926886428
-1066005416
-1471916249
-143832903
2030637105
-2018818643
-46817422
1265743714
1875593201
-1498981154
-801346239
-85398147
-2031086832
-557761992
-1743856171
-28811138
-316569362
-1999595634
-1360776632
1024699212
630430352
1788963104
-1192104047
1951898721
1270443528
845354641
814932799
24972212
-844554126
-1586639259
914509509
426935778
360341522
198308454
393140341
441326395
-1647156996
1738696597
-2024433806
-421049940
946384593
-1764509666
745498773
-1946362488
1399647237
639590212
-119738083
-19174707
-996993030
-2098728740
-184360868
-1925131940
-262507072
1900871252
697555846
1398871065
-969807954
665078172
-209021028
1972670762
1090457456
598306146
152232917
1031053675
343025187
1734592752
-1069825731
951454864
1807270472
-862263977
-578907263
959915827
-1228725844
1882307631
-1767675220
1345663978
93574096
-1758922462
705748246
-123548834
-1731770045
-1080672271
-1692654668
1058959455
1343968232
-792447992
1692283624
1963461188
139653097
-1961786455
1627751131
1980836339
681399020
1555227889
-1377498509
1111028146
-1635344017
1006416539
-808828435
1970526990
-298655681
1739166176
-418669743
-1996824905
1896578456
-1292164000
-1713326219
-463385550
1995128419
-1794249847
1534135270
-1898942193
-623862589
1788215653
2072239789
-184008704
-1161739002
-1795225920
443127089
95176036
975480776
859735936
1093975599
2082491440
-678325921
-1992941367
1784730206
1447432661
-721777180
-541589608
-566113962
369631784
531348027
-1256217328
-272649433
-390747298
-466010019
-1786898913
-1220342483
-1530307898
2131154521
-1206436010
-1755872808
1982569968
-55390554
-1489306779
-1323585161
-115834977
1114083823
-816102348
-1286434948
-972909688
-863957655
487451720
-1933657799
-695236760
-837545896
-2141550143
170005793
-1682975523
1056786219
1806802415
-490718997
-1596534340
-764637644
-1001797852
-827845083
259538088
832765740
-368028362
121350855
1415041759
-1631674685
-1960858190
-601172085
867322062
-1606384211
-246429347
-934298686
-1817745900
-1001058427
92284010
1888058489
-1138399665
1017267451
917784791
-1574087322
255184687
1288684976
68986386
1717676312
-854558684
-566964938
1311259371
1938611826
-50211877
1978582077
-1134642887
-2074218848
-781469192
-78416102
-1506471901
-971656856
-1109985331
1803699942
-1978912687
-87613188
257246548
1687538815
1709013718
1246910423
-532630348
1760158401
889629517
-1635683130
-1690517042
1437738387
393623557
1452824366
2126694028
-1878563950
-620451607
-1901656125
1191028166
1404657577
-816515294
-179508300
-1952355291
1514365384
133225895
-290763734
-1665798356
-1005105146
657995538
1454414470
-2145398769
-1526461567
-1445353027
109142460
-63422491
1827865208
-712970067
-8353967
451605624
2083867486
-1340516632
-1873991953
1530985926
463251210
-1371366109
511460765
866458989
845744429
-892496652
865219854
-1462628358
1228840986
1805783345
-532211924
1674496772
-1021640988
1986125035
-846176104
542619381
-1135239446
676448110
550221631
382426363
-1380928039
-45248917
-150505006
618771419
-1457566766
-1600468809
186052733
-890557395
-428116941
-1858032534
-752976662
-22579428
-1742074450
934380290
-113782951
2097591799
-1216525391
405427560
-981366804
229611236
1540169784
1706956790
-880469472
2016017881
-1315049413
-793709049
-788849103
45471000
1220587064
1302217177
585452206
1862814108
723240492
1990781650
913858963
-153734073
1228988657
653101445
-584142763
-993638400
-192727601
756658589
967978100
-2109187708
237649450
-1166465819
-300792802
-54543766
-453043381
-1271105846
497828283
-1843657556
552047580
-570589226
-1218781092
-187962752
650493725
962277249
1543012723
206058928
718575670
2048579914
-557578786
-1439397475
1359079709
-210879014
2077505481
-1750883496
1993714411
684961856
218692334
-1898611705
-1763945660
-1179922219
-1018017996
-1248966093
-286001393
-50745694
1830639330
187672540
-2070065965
206388759
73017908
-1778545534
-494429175
-2064296861
1763220326
-513391610
-959160251
-796668340
529853274
264693914
-1331071909
-1593937908
872685631
-897305274
-1751562390
1652132266
-1927322607
-1549095132
-1853845069
329982744
-373955369
1925473708
-2106273457
-556923538
820920607
-1137631574
-705604185
1418446214
1346989880
1606973331
-2054148196
-1832014685
368273870
-2071316703
1743534387
1319635140
820570240
2034988443
1999210748
519342546
-1656151075
1300326945
1234751176
-1731351714
-1984416615
-1408292295
1285186683
-1448885766
1257938345
1509357698
1264126834
-486690552
-1731864536
347514919
1239638304
-1413027684
404527238
-719261106
1051431894
1968306815
641976585
1518104221
1551536986
860029326
-1200226571
-1495501062
-1737546502
1776405799
276111925
1474389222
1929119957
-68021080
-173458022
-2068499737
-1932257488
-1112835135
505507119
-433712264
558916875
-498443581
-399849709
-2018808265
-1265470149
-882566222
1871198824
1198535410
276306246
1886824469
-1179856962
1262753636
-226207861
729698576
1765821199
-1336917582
768800801
-584219382
-1082697962
1222057787
-781185401
-183004541
919940303
282450389
668446402
-848689491
920343200
235664641
1375121085
-1691670777
-2099161298
1238501520
-107190872
-660501101
-2065979577
-1170348240
-1513831173
-457988723
824828238
-355669163
142875535
-2124608807
-92034035
2104055602
1602460517
-932378948
-328928766
172210949
-1416028354
1115733256
1157273332
1215340735
-1708808785
1544761398
1658856759
1662807300
-670387312
-672066860
-986805810
-119180565
-40466289
2026894991
6429444
1448040493
-568292841
-1814229533
2118846330
-711794358
-1639979270
967013614
1016713792
-1373164344
1960436067
1718270165
-1172409081
165281889
-515311249
84978804
1734700553
-1973384507
1737071816
-795906285
1260524820
1017823284
-124627826
1134867508
-132207051
-1171370963
-2034475838
-429106769
1682233134
-1668879879
-113699436
-1384705980
664587165
-55280484
825846125
-1493051368
-1454564496
1996388777
335098052
1013113688
-1438549208
1915338179
-1466715230
-228726514
-1320849077
-1202694195
536197598
2043165737
319305932
-1534790927
-704958180
-889278917
1748370059
978887050
1526731287
865076999
972350051
-1994444055
-135365802
-1309517491
1328755236
757832965
1716245817
-1393451453
-583381067
-591260679
-715660186
1160976821
-615294994
167171189
-1902756298
1087495736
2114206447
-868775793
-497554000
2091640272
-869644780
55559891
571498541
-439494172
-404335650
-623614299
-192801861
359615659
-1303301378
-646108886
-402357203
-1687772105
-2040131960
1874675791
-1096639653
456559115
1421062906
1464814690
-419899239
1766355451
-235380994
185988306
2116619100
1283145666
-625461824
573218786
-1694995436
1694653539
-148223223
-1026285588
-193458896
716294859
1925075720
1958213212
2136741198
-1816064105
-594229586
-772367070
-1589429948
2077892742
-1957943883
-99918437
2002650362
1893839146
-1680234041
270312329
-1391287012
1256994790
-620681281
-2084576737
982105940
-2104186024
-10251695
-1496066563
37428230
2109311263
1571166443
691302192
-303004155
1765055161
-476312526
-250395788
376819689
2040532217
-479677847
1923950494
1581437487
1779833817
868226497
1710185432
1563536420
-2115706579
1138884469
1351091656
423037143
2082176415
746527793
905130427
699452680
-188394862
-456011471
1735486860
-1375109093
666727853
-1789189104
-351722404
535968624
-332662697
-1961422927
-190727264
1308740162
-862725275
-1208943897
549036645
635721398
176643972
186320693
-1997697745
1332159536
-120308449
-609574430
574262857
906708174
-843514282
1132376435
1089885619
675574950
-188642908
1147524918
1042719694
538176335
1876619719
-923308093
-246595294
-436879508
-1281401423
-1077517981
-997069923
999809835
-77721345
-1535559551
-1237283055
1766150303
-179659115
-1323994769
-956804138
-1617546130
-1767211476
1666272588
1401968859
-446106596
1025992304
-967177452
-42523322
1505603685
-272399523
2126685215
1096983903
-1386027851
-241097788
1359785970
1303379835
-1687101705
-250193019
-1379803404
-1945654258
1012396503
-1400030825
-965568709
722415302
-2087690795
-1080714380
1964784743
1537641275
1603856151
-1293177172
-1715842664
-823026893
728856427
-356059197
859008511
502813956
891055647
-1152604046
409457114
-913291956
128939365
-1503960213
737466560
-459329020
-479305155
-1101465867
1579007382
-397887672
-842060762
-1925497740
229015950
-1474397913
761523960
-1095000988
475439643
-935679180
-1361459766
2002204034
-51091325
1052744211
86102807
1871341746
-1075540149
923561633
-1107905725
-1402142020
987071598
317399438
-2084822287
155185994
-847395948
142871320
421842860
-1957313772
-2089904378
-643014913
665471989
-884301516
-209635105
1088971980
108660673
733960960
-1002089501
-2070406162
-976622480
1687406700
423311497
1366944067
255138813
-1396631917
-1826113714
1097594207
-2145889323
1220089153
-218648216
-1667277069
-812168043
-1547127672
-1418078153
-50181720
1998300654
712344287
-1332247683
1282744389
-1418874176
1518140535
401464099
-476333909
862347185
464916819
1048573173
2002936666
-1526046186
1064931897
-1058557248
-772206377
-1353914460
-9577397
-999514609
-864328981
1214403255
653947524
-1366078032
-1134780491
-968672424
371140492
1915499977
-908629435
1061043662
-1874882283
-471642065
255591271
191766201
1943694047
1419797228
-1878702298
-1750168519
-1344129406
-2047017169
-387680382
-613393104
-656090462
1932177025
-236843700
1090773842
-2115188587
1292125524
2028600869
1740024729
712409781
1892835475
-1371526968
711778139
-1390939969
1266138462
1158855104
-434093605
-245419605
-229525974
-1271283662
1886360284
339469200
106891850
-832367608
-161677069
-1609622911
-739490941
27500383
2104510457
-237485156
-247410550
938455187
-2126949781
-178582858
-533651083
-2056564262
-124318892
2065854260
-1705617040
-1120695595
49869980
1971479466
1957611045
854237956
807731431
-1844113100
1706107623
309867465
-1903081835
281935919
1272301118
-117980077
