-1412689363
-1522519213
-1970823772
1062144765
-2099747498
-717572212
1347548684
-1197000663
1946883100
-1589366014
-242179814
-168100934
780130016
-374612718
-1661927790
-2102499779
515824444
-1765558444
159844788
-1822576685
-552074157
-1727193276
1785567810
532436043
-2005225488
1779748600
419734621
280988189
106400364
907759384
-1692277126
-1787537354
-249483451
-1391271067
-1737987654
-429556453
-199891490
1168979251
195104012
-247387792
-1031689979
1410519738
-1275995374
-616963774
1594101190
810980516
-875627142
-1562865829
-718130533
14523032
1405005205
-675403983
-1334095023
1245949564
1798823482
251262568
-1997161598
129168581
1631721872
1982205273
-1520054143
-917295589
-242187630
1075122408
1502370495
244556424
-328406427
146122102
1945310780
412188370
350875272
1740531573
1842302104
-1787739527
153181926
-51502719
1874193472
442969468
-542672893
-2027229592
-1324092595
611774695
1165655467
-506098201
-1699330961
334778499
177615716
620609368
-2090294321
-1938026865
-1915826263
-1613290151
-1899091081
1168572746
733312892
931097263
-899979290
1789904308
322902711
674468001
-1539943998
-2001032366
617423528
589563053
1985210521
-748725467
-2067839840
-638541853
1155150845
1456268905
-68312654
2007377170
748215511
-2023143268
-68972315
-1597450598
695943713
-621701737
-1898960088
896508009
-2144702062
-235691244
-1722788989
-50084731
1610390318
-176161241
-501580517
-2001798982
2070097271
384148690
113757737
893723438
183170762
1070279917
1183514872
-1774828020
1102660545
101651634
-1115085180
-243949238
923987107
-533632782
1147794314
-1769230164
-814744359
-1373654753
-245109835
1398815653
1400028617
57713965
470708461
-2025574719
-1126384487
1928120084
1672650449
-991093448
-1268091720
1158581005
-2008149154
442316329
2102424467
574333299
258969318
327424070
-608835390
-1767373060
1908417714
980474396
-958912336
1583837078
-2132440666
-2066690379
-436327193
-1989488943
-2027305815
-424866368
1585748163
-688701579
855802515
-861050117
1023755513
579095710
260193224
-989593175
1049296912
1012410793
-632137190
354784375
-1810292656
-1964085732
-195362733
613598741
-60922799
633897504
311928783
-178620991
2032149108
239571
-791021858
-409956657
-552783590
-906564230
-117632038
-1621656821
1884294495
1461834736
-1919707561
1185152567
-2124371027
-1698493655
446856625
-894893712
2028930486
-2138583250
-621908818
389409064
1245845769
-996713460
-421530687
2141692873
-1122469888
249655936
49369855
337907019
-917104354
-1828708685
311683887
1902436432
-273604054
254125651
-606036216
-2125407630
1706383768
732898697
1257915316
-1166386297
-405208097
668149344
-715526842
1712324744
379357286
193423346
1936612691
-1847836423
1100459238
1324511936
-797760297
431088694
-996962842
-1740176191
1176151375
2138366321
1892774119
2004151918
1047482644
-558303759
-1429923302
-1205527690
-954547984
-200309762
-1601780556
1687781186
123814845
-1888755020
532262735
1645756731
-1079169629
-242069660
-1608875757
155568371
577462609
-1336641057
1850188437
-132635977
630987072
-736445278
133590164
-895007956
-1933505757
1357784553
-1268385568
1417335318
1297763007
849579120
2146606351
-1748272141
-1274809862
-1195084684
-106465753
-735788927
-1934516024
101248634
1202470078
498675259
281823355
20614481
953139465
-1659792471
995025248
998666404
626387876
-905386466
-543992114
-1662941959
-20805699
2116928090
-1274173649
-358749332
-557745064
1859474407
-929883867
1896804433
-239503237
-600865804
-1364551099
-1315166608
534503253
-694702593
-1483430087
-2131696582
1796238871
-293053217
-638424337
391483583
1790267201
289799634
-498719336
1247492863
-1039601652
1583078305
-2030913827
-1208403199
-333446804
1830308416
-237039979
-87643982
-1704307605
43804654
-1390551583
65874153
-526059067
782165754
439378227
-792608833
-635218475
-768715853
590558391
-1906223456
1354177172
60628343
-1970435172
-1098512472
-551705626
-87565032
-191408422
-1242753808
-1059443219
593646697
1581910592
-1043702069
1285299602
-1212762954
1523059522
1002662932
1366717116
701904690
-402259045
-1018850946
-1053616108
-1274659492
2105459213
1412288716
-1317764459
471924531
-1310930447
-1308301872
103839094
-1380193108
-812243064
-801345650
1799780670
-1032350064
-808926369
-2093630184
2123540996
-1744781950
1406547254
-1741341296
284846922
2019322461
-1710725305
-351315251
1870799938
-182863962
-43341573
-1945750539
-1931829184
23809022
-157723182
997546168
2111987963
503721250
-1827433487
1793229000
-980929544
-577719965
-325504705
-1482054480
-1832169547
-934004170
796418972
440842685
-1395282047
528558097
-922670656
-1638330225
-1230855348
-1588329821
1924835739
-1216378740
1300389583
-1086679017
95908252
-2093606082
-76177763
1479116335
1717275844
1786750437
-508083313
-744249470
-328136055
-56804157
1089719405
266107713
-1711889761
-1701335332
-551431369
-1181974663
-1094474070
-1863028905
1602871347
-1982373974
-1930021984
379868290
225456012
-1422941326
-458698098
217080573
-1994260046
-869370451
-1905789711
-955303592
2094105906
703453207
1798443435
2031299373
1930409001
1320574263
856069687
1874942076
-1440865351
706119633
1836514314
-1097334229
-1140701241
-161636779
-727339220
-517964046
-1731585079
2015608664
-1013381247
-197779585
-410159574
-2123535202
-1396225208
-788043993
-1631150040
-774648632
124166347
-1103030352
719302564
-482634922
-543075766
-1670494357
-455111771
2078773103
-1667385835
765793569
874218115
-2120749395
782019666
776173654
-308726609
-1163751300
7867011
475629144
-45903580
-1511158306
1899173550
778026959
1065686538
-626059308
764394164
-112450064
860106398
-1258827996
238042918
-38186558
1964297012
-1338701212
-658989646
895315610
1281867143
1193065883
368341669
-210123419
-1141402597
-958904904
-1048826265
-1488521559
883354499
1467316592
1963216087
2036615717
-1022794553
1522956240
-619511045
1315826564
1412201883
-49683853
89148508
-1660862087
1166835435
-126363356
-1362602039
-86037312
165717732
611818119
-284512303
563642682
93125231
2091920196
55255955
1954537149
-732284034
-925620956
1936992549
-611946477
821402915
-326449593
1594836222
1242355168
-2066331997
-805078950
-3607218
-1034142067
-897681397
-89282701
1274061362
523440535
1945374958
-340481397
-2010546160
1482540910
1754564630
360782412
1240872271
-547894423
-20866075
-80531302
859678516
-973161044
-1726875048
1636223105
46065215
-1227315909
-690586339
946306744
-2077972789
-1705699650
-934076983
622181621
1715502981
124919337
1738103902
-1762203433
941188807
-1668428353
1107652880
-2011130655
1643953529
-1985058298
-29593044
1758060349
-1060859122
740971703
1317523182
1571190086
-1290013962
-791599503
-1497724158
-766606972
1259389332
-755026048
768762631
-306633846
377481686
905915722
555005536
26452147
674011280
741168224
1012735179
-1977523344
-1371806958
1859981915
-834029731
1870568959
867613339
-144454064
1714153294
-189994501
144633708
-387460923
1048495830
1038130290
1020995937
-1865575866
-549098297
1464281809
1767768774
-614007140
-282127820
1550959001
1739630896
624787745
-1912239280
1777604005
-1625029723
824716989
1958441610
-1070694818
1465481279
973624422
-2060646721
1136538286
151372331
900926849
1397671226
-1480112603
1462832111
-1538009164
626926114
1972002481
1166162125
-893758634
-1831185001
784895485
1825989998
-679689397
-1974244930
-2098964883
172603744
-481049648
-1224901038
-1131979970
-467470032
221552417
-662694288
1750742307
-1178938044
-2069672133
473982032
-1410878437
-1617929064
-1754580379
387589709
-1334248620
-997506969
1000822352
-339815981
-665688963
-1873774308
-1359778154
519300267
394781479
-117781061
1260544261
1401977447
-803639781
-2095279330
-1178302478
122402753
-375955029
1202662293
1869073717
-142195825
-1039419425
1752867884
-107748797
-699427700
-1874374591
1945949023
1094708124
1473090916
210521691
-466633425
-623418785
-953272467
-489208624
1492928749
-310005764
203040333
-593368071
988558760
-387688889
1827285540
-1727177819
-1265901456
1899124219
954979274
-1157778475
1109746285
-2051555850
-1185824201
2028599280
1046692507
517957496
1960333597
64785954
1466108172
76446114
448943129
1028907130
-1663316575
-1250832180
1677790526
898607332
-1994129744
54833179
-1409596412
621620236
-801345803
1112226875
642107769
1690741091
-1950749932
352125964
-771754539
-1225111886
-1649094562
-1302296174
961478782
-348915358
1106085692
638089594
-1798582681
895434355
871164841
-845796123
940187977
-1608905697
1853953912
-212013090
-914814207
-1639116299
-1923833060
1000856524
-1527743586
541284137
277659608
-1951116175
974492592
-692216700
1021510114
-1606231916
-62446139
664316541
-1875608369
-546195774
1964989150
275665719
-198314463
137395852
-382985786
-89417398
-1229657296
-2124671882
1113604483
639509207
-1719786592
1094467261
488834618
1731979346
769095979
1404490273
1941406627
-1962008479
-1515383124
1258570863
-1387419832
622605224
-340573413
-321568550
-1942078903
748950471
1303507619
121992895
-1341229634
-1329932697
-1492807265
-1936250279
-1917132375
507918000
-1696644355
691046073
-519573575
-134041674
665003697
913130501
-657621530
1645751164
50076054
-1052894044
1059415715
459796915
-514156323
-1355841189
1118605506
1323095883
1088934988
1134901828
-490479414
-1751198567
1522390021
-1761747170
-226055269
-664295275
-1184455007
-1477297618
1414996659
-1238027074
98616285
1219584174
1712112004
-1133051060
-1765612810
-1614712367
558054645
475358303
149662393
1990882893
743648718
-632196987
-510795884
-306496286
-1637397713
1369293008
-2114817225
-952048716
-1189002000
736663880
-1216216416
597707586
1020803260
918773102
-505128704
994770456
-1319796050
1707339951
1560221870
1311774252
-329238681
-663910716
1917218837
-1352612182
1418288301
16527422
2062455919
-799394088
1892750072
1866807640
1811476766
86492776
-1041019090
-886391535
1554553074
-1811642895
1971196367
-828277342
766497725
2009804822
-1783741674
1373825171
-2069238753
-25041646
-468989811
562469938
336791988
647833905
1214132691
-1954283724
1073012452
-816234033
1962151359
306205355
-1585003834
-1915366970
-124395811
913896327
-1314341186
573982142
-1622786262
60598726
1189412345
-1154587051
444340794
1184123348
1424784558
-1279891611
206925755
-1014095588
1692827979
2041113961
-222803557
240330689
-303084116
-1761232400
597010865
-1377037982
-904806666
-2004272939
-1799186706
-1424727341
-1138385848
1617360014
1119499996
410129149
-237519515
-238859695
1026554607
572909193
109972467
-995014779
-2086966628
-971439483
-2118530770
1922721678
-1303321969
327017646
-1607928957
-319923738
2040681036
766015128
1332402792
1680245200
1136979601
-1188602827
-2010760580
-2036041822
-316969894
-1637909846
1534283659
1550807898
-1784176394
1365298954
1825471273
722861780
-1941906116
1198031470
-1196024061
-1999730684
-349403661
-1554984260
-284013731
-2019470679
-1008288134
1252341130
-670087391
-1087463646
779843087
1727325079
876222166
-917275974
2099135590
-583078114
1034427443
255276212
-878157228
372526731
-1629584567
1556423080
-1023139212
800504849
1541182989
1158027914
-60839760
-2144650846
953794269
1995169952
