165569552
-1104374118
-1472600384
-1317259861
251351754
-899159103
-435725688
-1956517632
1333907078
2052326136
1162945724
1117450946
-232637152
-1524630581
-243890225
-1553075588
-1416441872
295504391
1275980749
787964674
-1955384965
270869462
1966067777
723450322
1551746212
144419427
-212581823
1585585226
-658652329
333567179
2077915487
493318714
-732598471
1670242120
1402473432
-1412268535
1420219609
-636504880
1096187273
-68087655
-711088048
-1508215488
853573372
1803131965
-2066648247
1945196961
-1779495272
1049384854
-1878139568
-1442960341
-1725087247
-696042520
-1929430669
-1509356663
-1369947890
1878927801
-900989264
-1593874365
-1925786248
509700067
-2010956073
1039164191
1077129826
1870489951
889762105
341967498
-441811902
-1857771861
-112319696
983175860
-2063627312
-1916357213
-941347744
493611808
-1166702086
-1703811486
-256253902
1484065125
999485179
-1587102579
-1567706944
779959662
1683134671
-1863974983
1894820780
-568698875
-322940682
-2122076009
-2065990770
169741023
1090953951
1498745222
-1174189395
1639689601
439107127
519277677
-1027223854
-1758114068
359798419
-868307301
67395084
-1350743670
-156745063
-692121701
1265876807
-1569559325
1379691232
172290789
224134244
1432267113
-1969461068
1916224257
-868501242
-1123171244
-469354399
946697011
-1912412754
-2094885067
1391798658
2028839106
-2111633097
-643017402
93077220
-1831537126
1789598198
-2108972149
-123858571
2117859579
-102129270
415018838
193697260
442664418
-692119537
-555301446
317156529
1239378056
867155362
1376510304
1919008134
-339835941
-1122569208
-502601904
-936290134
-2088947126
1719452367
-275152227
1347534385
564910700
-1545724813
-230096649
-994032974
-634434839
1930913898
1195787846
1479297030
1367417583
1732829292
382556029
-1297919543
654613758
-1136616353
2006293907
753502719
-1122037268
-1085056455
1145924825
-383519448
-2011791785
-862467486
1770231692
1576188778
750081613
2143614537
-1575666930
1257839263
296162303
-1238371693
-2043042005
956357920
1541063831
794390948
567127289
-537676369
-418522888
-56833788
-265605448
313964397
932142695
-1894679256
1812990546
-247974012
-647453762
-899425615
682119547
-212178921
-894403359
-1122967246
475370969
2119411308
827612284
-1636079171
369708949
1689025504
883552977
997472662
-1479439587
2140939858
-130226685
650845659
-1866552108
-352922306
-1710963905
641343543
-217195068
1659545166
1236280714
658968189
1189970674
-398354305
836614223
1258018026
-538510771
1124913894
-1248869382
2107985515
-713677181
1935328116
1660989346
-464918538
-1910746109
1931277868
-1283848834
-1091542119
1308325453
-397550287
7856079
2089212921
-1140407548
-1127057966
71420262
1313525875
1121350968
1556096406
-871385897
-1655060231
918122845
-1898772934
1379351660
551596282
109881599
941762842
-1247405035
-604162933
1702305353
1601998220
-976372019
-1459255062
1066395212
-1349551391
1432241011
-1836460045
1786141859
-538588216
-816615171
-702351687
1687620747
-130064349
-1868738895
-840040616
-1479807847
1764971272
-52178882
-1313813080
1885190469
1134350740
1159643125
106443009
-825857908
1163990953
788202458
-381324217
1408048781
-1007778455
692195926
-1859105418
-957592856
2059251669
392408096
953494079
-1589698002
-485372895
1161754020
-1173983505
1831150385
992796738
-474152572
-887953329
273326084
-914561919
1284522866
1668812166
188101778
-1471917334
1612060256
1185177500
925926522
1552937739
-1112744589
43941487
-446964445
934953875
-675358153
-178005523
-287536244
410927869
523455380
-829330258
-550796637
-477838978
-1650178214
1471863328
1291189594
-1459799806
-139682716
71676098
2046291291
1953656037
-416784490
2060835767
1784982998
-899540433
-1445542186
1687733132
-254547551
-548157447
1422971300
-1217112499
-1280923727
-1435447449
-915357366
-1443769846
1219267776
37259462
-946479448
-707832566
-326928408
-512890630
-795840126
-333991931
1213989936
1069560290
1664408955
-1906002923
-47848538
2130659222
-941445186
369302325
339066184
-192008706
359675430
-1618556812
1554051318
946383421
233548206
361010832
1817673875
930900657
-1787695910
1212959975
1424825130
-1701332838
1300723692
400657350
1189444362
117084719
-983852807
-1146225161
-1333401866
-1150973033
843285479
-268534483
1239857545
-1762294252
1741467573
-1626491228
-723591938
-441140168
-719091101
616029228
124419204
1156881308
-1579553799
1881770649
2060733534
-2070619879
2104766530
-681903695
14782653
1751198680
-1990195486
-439243098
-995341109
-1963127182
1102471990
1697800910
933279938
390240080
2107646231
2041720200
-393133688
-1009205907
-1786478319
770280114
-1091561560
-1548371589
-694022940
1383731665
-655543373
-1712699830
-51698642
-112050246
-710594624
985070197
1405409613
-1113231053
-1445846742
1010432980
-252360965
-1390526500
2035304176
339746167
-389584517
1535948406
159658488
-162929364
274410535
-1917068320
-1649404748
329772217
-1301062386
-2089964493
557637997
-647849671
956341749
65578466
-1283280159
-1890244152
-1870507398
-1074622260
-1334099748
-587953921
162138318
-319303661
2086469581
1592397497
-616881255
-204721079
439332333
281083600
854135233
249053405
84671614
-1590473441
619627746
1009891274
16987122
-375031172
-895278593
1666523982
2041373260
2008479608
1249909713
-1453701416
813336948
-1625558899
1360467260
166867529
1595107168
-862343265
-452865696
-1470513543
1388464135
1568632124
-1328597773
708893263
-878806031
1411654617
791912408
1682891841
-2078477967
-60112704
-564077395
-230478395
691096569
-348906431
-1396925713
-1046380852
-1170531304
1131756956
-982892769
-348669206
-1286773111
-150520996
-331561554
932639056
-1687713344
-1300187064
-1895636320
-1083241562
-555643521
272397812
-1904445638
-748011588
-1348386545
-237047250
-578369804
1873727853
233837873
-1439546011
1543143956
2038564895
-947791335
801627073
239083439
-499832214
-187921397
-1691879326
1782443709
-1185914265
-1778471931
-30797888
-179056950
1425438240
-1075365770
-1823004089
-998327974
1450751742
518322504
-1136355769
858279105
794912881
1637613648
1957805272
-712931589
1968264591
1767584081
1980967371
1200416102
-529718390
753208572
-456633997
-38707916
1419667804
1082931822
1281803594
-585908808
-798332979
-822910624
972206081
1209842193
282958513
-1755739486
1518606782
25211182
1661752759
800356527
-274318255
1981326820
-1133912051
-810414652
1910725446
-1655093852
1323300606
2038498687
1723036765
1165221983
394392888
2142551008
297252567
-731548632
1699916876
-1976714470
332004852
761486812
-332990239
1624791967
-728191749
-1581011147
-1497666730
-393395740
470162015
1045047864
-1360906613
-1582661705
329717591
-801768758
159238428
660832930
1866484261
1188312722
-316404339
-941972563
683088701
1966628593
-1775294672
1451515608
-1156149645
901699597
-1395669192
-1908851501
-1712456193
-129474535
155511185
205908216
1573493105
257519564
996205587
429011348
1803758258
-1151629316
-137727486
1660407013
-516078772
-1220058776
-329453096
-1334452705
1953388732
-1787916492
1943599905
-1116279849
851914038
-1905254
-553472526
2117153349
-547311531
-1527287808
1150042611
1438003313
-1793168453
526511740
-2122330950
1857007651
812912763
-1031389547
-1308371563
-439515164
-1095686403
1708093560
1486959849
-1141565710
-1088274147
180301956
-66510764
-1531143664
-2055352716
-1391917971
-1351045093
638246449
-920070191
1596085423
-748114578
2015921553
1332405756
-1934725612
-2066678520
-1429213420
1230219594
1359044460
2032152264
-1265239792
355592484
440795298
-1923500613
856911054
1471651066
611881976
-2114258194
-253963369
-560918606
446221789
-1034934061
-509806172
-31607806
-1283713137
1756683297
-172825543
998996413
-127071105
-149957860
-288426419
-1182923185
-1899119739
-1498153391
-1000961026
2020507557
1908408429
917003214
-736222463
-993373635
-1172491765
1565992794
403768828
-701840179
1610923123
1660029247
-509827187
1234467171
1344162057
-1825348869
-435273339
829906001
-1522028694
-1330382566
-432841033
199089504
2084727656
-842944828
1175426970
1963991728
-162099332
463461405
223316580
1925283128
-934054989
-429982691
-2096925962
-1180159329
-109496110
1276769569
-1940838034
1972685150
1119200774
223079166
364461077
1851964187
837177838
-31252233
-171615171
-286659644
-393096136
1433850865
1584253026
317727829
1727202748
-168525927
-1934754528
392529732
-371153927
-1336577063
-1547918936
-782901686
255376136
2033884647
-734219351
284805392
779867743
-655077750
-23137111
-1069068527
-150078644
-484440147
922609057
771831737
-1981802884
1307636812
-488261062
1600268523
-2005086600
1790561257
-1710522009
441506577
-1893330143
379622922
-257833164
1676095808
-1314042987
78508094
811951883
-2089094919
-730549048
637044127
-2024565446
663875598
-565816358
-1169553252
1663143143
12128181
-2090125354
1206284616
628274069
1007624167
182347532
2116550399
1938811558
-427708585
-211931282
1288039539
1002187604
1548389251
-423274872
-729767577
1734350237
-764112585
1632402448
640083193
-432730709
968580966
568503408
-1912237278
1358529448
590662542
-1599864212
955998547
395514243
1725797521
-1799409514
1224435040
-188831927
2081091665
-842248853
-1720278251
-1605464
-140306437
407855371
-1206466592
-362181997
989470968
2123829113
-1516307524
1891484076
623914890
869088445
-1641918446
-1256280446
1522176778
-1000544211
-1780397252
-1842486546
-1560572331
-679814088
1113106063
619725364
-1575568688
701115124
-1536504568
1191304195
100458506
1419186889
-332567126
-497741867
-1131547146
83230820
-939731753
-1561937458
-2059141282
-1128476137
-2144951676
-702314438
1986100254
1629169066
1184708532
1511085930
-1672716183
392823184
-147757619
-1008973067
-1649853684
-762254776
-972187696
-1418896268
-1924617217
-1205359841
-1934462180
-937922778
591422838
-458706439
154487303
-1743427541
690213953
-1756428622
959286901
298421029
-1788024057
2087047561
-582097602
724431381
1916730046
-1631944936
2075465553
174664529
2106001841
22897203
457376447
-1137830373
-454540154
-1170516515
-1271844031
-1829504368
-1871745402
622318555
-1936704294
-1990068455
-708180458
1132344166
970359048
-1568369380
1194337641
-1655616814
-1762378955
-2142345380
484216748
-665485744
2071257861
573245510
304023731
-1627419443
-1535578335
-1756449868
-795986656
-995215072
-1922233297
1255404530
1530909527
1827958944
-1304244627
789840392
1899952751
46555351
1717026331
1290585049
-815123725
-1604540864
-706632928
-2069189665
803964708
326985480
-407665511
2120408601
-1037593122
797226720
-287280739
-1817693267
85456639
-1752641889
601576110
-406859215
-916475709
-1182704350
-813806852
2008874591
613612982
818154003
1150095996
1112152052
-834286236
-1848862714
-2049968622
828020582
518286573
-1318690135
-1619171174
-1611529360
1844452951
-734884055
-149990170
-463070213
-235454432
-2009313655
-248919461
2111957938
-876269679
-1822401378
-2099833545
-506617712
-972449035
865926349
-326813468
448826772
-478815292
-22142522
-2048766345
862075070
-644078274
2043059253
854170693
880068543
1338816231
-751828963
715466249
-1459474115
-875053557
1214410448
-2100318904
787451345
-827269600
1925204780
-219992643
-684617283
-1392675649
-1377296041
