1404164821
1245398361
862428749
1423042210
-813810495
1186792241
-1047895443
728126872
-245456414
-1918018938
-1958439931
-337702004
-162577237
273764202
1093234674
562869763
-561174461
2093604665
1144804608
1799599317
-1949037793
-923491267
-474226125
1233104266
-705809524
574087007
1306936748
1144373429
704919466
1311767164
284892823
1653287849
588266888
-961593009
-2069732393
-816956651
1881048100
761982823
-555609751
-411661773
1219502623
-2091569626
-2020152162
80485446
1457498005
-1993558026
-1930258065
-1448560790
-2013721320
-1341332177
1242300291
-129270184
830041955
129207424
599169850
610210146
-720163932
2116992525
-456829699
1272173275
1710798210
2146244838
-2121938409
535378343
1200358395
1973751211
822738713
1106061373
-1339727738
-1049961575
-776044514
-1706417287
-1972781400
-867549658
-949885584
-420077109
1298703027
-1002889755
-459025080
946087532
1468035341
-1833613326
114997435
2072578637
-255541563
-1012930035
-480253189
-1718115933
2099504931
2030018985
-1466004274
-1015064876
-1247043014
1423763062
-1465130447
-1812706182
1793492304
-156883874
1131709666
834929934
-57215571
-1490827854
-1040474215
-726463909
1440156547
703108412
669576974
-1400350651
-838496046
-2047643725
1876511215
1312892728
-1559932866
-1722104953
1244835932
1046948999
-1019936668
746635244
799034815
-360913544
-685360183
-939425497
-954468650
575052000
-1812136564
-800420315
-1974210552
42081733
-150241369
950710726
-471715769
332547427
1625089435
-108299137
-37001727
88832330
-1207567285
1571222102
1761406936
-1724757620
-1067925353
-1923119249
638911081
-2065632679
-2139774250
-1713101719
-1823661910
-2110758015
-1285029868
1188087046
1508345075
205861905
1227489312
966817735
1437991020
-1939848405
875597940
2032285791
1832563406
-1447501711
-179435492
-8724370
-1793406940
-519891603
-690855704
-807609896
1562554846
1106788622
-421381299
1976962594
1989388442
-7999541
-969309202
6690374
-1083373737
-209974974
1572216164
-286207112
129988528
1222397499
910001783
1890183623
24185486
-70037135
1272324200
-1194064681
-1263760866
-1798746109
1409258640
-1997483150
-1424296887
2009986674
60138642
-1861282238
-2098882613
2019945139
1767291104
1491842633
1074165790
-1658703794
-2039992166
-363369722
1894197408
824255207
1682169316
1283608981
-1428203336
-1215749260
-194805160
-1927811836
635569142
-1324970430
-220343310
-892098729
-1059074605
-1036749741
359100581
117820623
-1941493404
-1330573887
-2089547737
1124421372
-239937348
-2063862026
2087596104
1822106030
-1433465144
-763232165
1410860653
1050345150
-198799855
-367734153
1034157274
2005698269
372378584
326669904
1490158526
-1088937566
-1891432319
1227850091
319559062
1090238144
-1814135197
386292153
8813737
1791478440
1872431043
1976251882
548335403
-9506169
1672710289
1581282562
1550737516
-1941487366
-654887659
-805770701
-457209358
1831680447
-1772920873
505043614
-2115841722
-648812632
-2124162002
-1185863574
-1166470968
-47279691
-639502569
-1563321224
1519149745
1498235329
1071423920
2130535758
-2007788452
1401721166
2059999508
-217754039
1641626251
1376775293
1694313483
1504355324
1300808419
1044370987
1918793661
-938131345
-9883333
969215373
-1809848479
322675482
495518563
1105996617
-1422
1021849074
-1637834593
-1896443296
1068714237
452773867
-749431772
1869113737
553308551
997063588
1611190197
-1644393349
-1408141427
-1366806738
-1517126000
1166546375
1799101142
1792812857
-1454561542
-1003868650
-1019383602
-1379263882
-1375850742
-46551007
-554055463
-1748344077
-823223259
-2084438596
1941912059
-258675925
1170399410
239098102
613653424
1002677300
-1078439281
2145866285
979214450
-57715853
1053759438
-1938868260
-469050785
-637140499
2038901044
1740441227
1321095454
1217870081
-113304226
-646282054
1246885196
540221531
844793848
-789222511
-1211825890
-1844949393
-1673810671
-908657946
-1974460598
780215076
-1208594598
294631798
-955412067
-18872665
1825161023
1283652726
245330124
-1738016703
-1101852977
1447685568
-605792541
-408393833
-755299856
1742532675
-208465477
-1918095223
-359867094
-98392344
-311075896
1956244374
1759421205
1332942564
-1833493151
-514111397
-411027081
-626258583
1131669510
470611083
-1641158976
319136047
-1607376807
-1059978676
-1469335047
1816196971
1147071753
1862024680
1829612366
108208127
-1683747623
214544367
-2045335629
591937591
-980480858
-1491623737
1417041893
814128801
-1879802030
319733451
1977781816
1091526319
-448423079
1743688626
-1014272168
1765066485
224846927
1543432988
-911860918
-1176864032
2097387076
-1114728160
323752524
2119905475
-1604489993
-138606256
1037962974
-278854734
-1406138731
-1814420102
818270530
-1680543011
1930716915
457595759
733741884
-882744663
-1710665508
-910711084
-1705448330
-325394630
-1085500391
47664711
-997088114
1174749873
920571374
-692759964
-211717030
1691711343
489844904
2090456513
1878389993
-1131209190
1646376621
-762250237
-1526286985
81879405
525131873
1957590281
439070832
2060186350
1867658340
-554393683
774765684
1912665952
251640883
-1972215837
1833058676
-1567453285
-1662341025
1463125689
1101374448
-569324110
1691875936
-2037620882
-819752987
-1885650560
-1821796639
-1662506618
-796266743
384477423
977115670
-97049431
1920482383
-1416417351
-669766603
150771350
1568609249
-133901036
113788672
129694458
1198280656
795710610
1243460242
-285826508
2102313538
213812402
2072089963
-1957156077
-965575084
805123307
1936560277
1697464327
1010077167
786590334
21721876
-102789336
-1024997428
1783870169
1150102044
-928031311
774053105
-461175990
-1113817858
-1386667757
714297895
-1998497682
-1268455596
1242991612
-2135749167
291265638
-81388746
169066415
1623974723
181835084
-1164259025
151935205
1644367482
-635187856
-2035119248
-1862619327
1196216279
1700982855
511769866
1512587158
1106012776
2124248104
-101441654
-443361311
-967337544
129602534
-2028054061
394779564
-483967569
-1657048194
1096913491
664898369
-1823980174
-2015139622
290212592
1172249927
-1789266791
1581744661
546622626
817054932
-985701664
1214846167
929237200
-785961991
1645855044
-1387925100
282526768
-846350125
2122648436
-1156204630
-1078213731
2036939411
-1176182488
1083168001
1368712981
1365956791
-698326498
-924188253
-2125475884
1485311951
1380324558
1577521363
-892275457
1727327041
-501236092
-1133207244
1224439700
-1596453207
706066865
960018177
-1641349917
-953987798
-712202960
935031332
693018305
2121530923
593313166
-659698943
345868270
-243861963
467993909
-45499849
-382943139
641267355
-1140800176
783598591
-316931611
-1737319718
-495387517
-367308721
-1301181489
-971971699
-943378997
-1508642358
-1101974403
1196823183
258282004
-1010789008
1784168229
-1846626552
1138479591
-1213552569
-445306923
1808234078
170221689
-1986545691
-82476528
-1731907753
66640722
-406902578
1368211311
-1243494914
-2010883081
-1192307281
501043777
691992490
455957455
947139862
-2082347380
-1678353639
1883726925
-1441456646
1671980200
1796818371
-447931713
585539972
-1396862325
-560028737
495691377
2021774246
-949831489
-365638506
390964427
-1051349149
-1277787480
-429552844
-751698818
-1843634182
-1897822744
852665283
1772079100
-610475569
-1736247549
1164713014
-170517178
757160918
495134085
-20383148
-1926304110
-1547669381
836173084
123584025
57050650
1217745054
-1878888359
500641795
-1600055273
1301402537
114508472
2073259678
1007608408
459485264
1205140537
486844604
-284216858
862676974
2002520862
1822350445
39248177
715793297
1641137235
-2029246359
1026652654
607400565
446693513
-683891709
1506028612
1254203419
-485671872
-887570749
1165673946
-282440307
406586317
1898307648
-292494621
988030290
308469104
847710245
1655685752
-188700622
1119784280
-1603129690
427559280
1856243904
1443081508
1581225030
-2072323510
-2023873170
2123908906
878344947
-1716797366
1486056841
1952507261
-1985946195
-1491011280
1518182725
-245036959
-835298488
-424041256
-46507833
1711259402
-611405793
1059022961
-76295336
492918926
1498546407
-1875568941
542828716
1236859770
1582462771
989731516
1109721018
-1246769365
-1458594152
1465915239
-998113474
-645480450
1499957393
-1865403938
-60453264
692980506
-1719952756
-1678753405
1953868573
-398486564
1776028510
-1333258629
970633215
1122365464
1595100206
-257709632
1124904227
-658069489
1942386724
312566047
-618387263
-1184020074
1542355767
-182843034
-413950915
324782081
-1069671285
1339800532
1854186252
50071856
-1393996376
306257319
1691108194
538253859
-99565445
-353105293
-1130125086
498181438
1372412064
796928471
-1927946518
-328607366
-1146813204
-1164059068
439156764
626534403
1156335376
-1003067792
1521420356
-1735480214
1889990766
-1604197345
2084397474
1692792834
-1889030318
1949076869
2146502618
1906748757
1468725171
133144398
-23560843
607500757
226206517
197571021
-748445080
-396520704
-95153407
696196108
74233275
-988253338
-1624142705
961011685
-1096386049
2048482578
-1148848580
527008945
1243301752
-1085226616
-1024477267
250579831
1760888379
-1174089330
-131197799
-1873496445
1440818598
86159587
-892529315
13710122
435617040
-465149578
-28213818
-1277714339
607823606
-2099833727
422332691
-305957570
-1497899312
424784539
1830484154
1521145710
1318193779
407629047
-83000101
478825143
-1309542659
-654429746
-97768849
478891032
-54957183
1779448382
-335300478
1097825568
2046444165
1131050041
-2072980688
-1554049435
1819337261
1184801509
-538580911
237156332
-974645702
-1751156672
1586035842
-232932189
-428336661
994688281
527268327
-117571079
1622579555
95662364
-1255412956
155225770
-1516656370
1256997922
612194543
-1257876867
219358112
-400425924
-1562475893
1797687452
-391886652
-1362688891
424342086
-1706693431
-99577849
-919184081
1674553517
1050983838
-1098265517
855205789
-1288130026
-199924221
593266718
-771522458
1508914830
981148781
-1282469378
-22116367
1183766601
-1974261675
-292475817
-536967848
419489632
1108748803
-1188796096
-1589933258
-738919348
898573841
-605887548
1331822652
1640992704
-1668906336
-521234571
1370690450
-36978970
-352723410
35407949
385975491
177922315
-433347379
2076149734
-361869348
1394466005
-399498432
-202286438
261195992
550886645
-1056877635
-1308393964
659205082
-771008517
1944428518
-1654591947
814054499
-862784889
391401946
7062848
-1426774858
-1467035454
-157784498
1445221541
1434339513
989722211
671044609
1343256706
-1442270640
1969051185
526168366
1736999495
-749607680
-1316302328
-189388809
-1647300740
1714305639
-1659950334
1031078118
1933958585
629506077
1746495966
414241730
-1462007294
-769396943
1569975416
1197748056
-993717545
2083644723
-883870142
-1935928954
473991631
2049128039
-1021877276
1769870861
-147511885
1088240072
-1752729044
1108204697
-228245237
314014559
-709151098
-977895256
-1889878057
845785586
309272725
333095754
1703729457
-1970316055
-315636040
-1540962611
-283842078
-1374797394
-1555667720
-1182204720
102261437
-880930991
720868881
55799680
-1993150399
-645040647
1798010704
457708473
-200221175
999781823
-12335013
-370250659
55566703
562934725
-1550911834
-1857061980
-1713234933
-680713726
-1695890357
-609561126
1966389052
-1973060918
-1358525608
