944562776
1577565377
-1768514681
726354156
1194671545
1165700999
-1612533276
905408048
-807585968
-2128563433
-441227084
-1694656828
-471944648
-1988305528
542078666
-692176198
-153789564
2096099028
-852075643
-1384407680
538947690
336056920
1906157667
1592882723
533593287
168957186
-893403517
1677315388
-48772549
-946398396
-2127909777
1235552614
344592940
1851358877
1356283255
1424869681
1740970308
-1217094291
1236679590
1416937950
1370596168
-2120730284
1513949446
1581677007
-2047102005
1258181129
2047084315
-436121038
-1480389604
1066576637
1412649700
-1013307497
1470824504
1143712915
-1572269391
604616812
1663946814
-1818610480
-834265295
-1493841924
1161003150
-1413457676
1195923383
375805513
1516454383
654825407
-51761946
-2129317511
1597515312
-1498942498
1151330810
-1322537386
1262031468
1368816465
-231106677
-762599850
1753088494
-355536645
-2069724149
1842734243
-203629862
1327046782
-1038348241
1062783762
1102205434
-1035943976
530693704
-1617882935
-73338942
1717076915
-1045800990
663831663
2065643416
274129410
-331038327
370565138
-342904920
242784470
1040596515
851277853
1879417206
622102168
8157602
-159451880
-384738379
-184425402
890089853
1589005238
-76485073
-169142502
-2139604241
-389480898
992472067
1302354384
-2015740625
-1470493833
-500806157
116471997
675018967
-184542889
1092802258
660840238
-1170532255
625080703
1467540015
-1088450242
1815510206
-469198406
770771272
546268432
-1970792531
1149869126
966667016
1871487645
1699064044
396680223
1291993523
1451512955
806851796
-1851161593
-1515972683
1359618010
-1375711559
-1890262462
1662973877
1448006620
-1959970191
389652046
-763655836
-474118957
1964536845
-357196795
-1389932544
252223432
-1432051827
889778442
-1625008178
-1171017808
-307110051
1436991330
-823331952
-1082919604
1339942390
486410852
-1312226386
708165979
1796684404
1896192163
-107083954
-2122591211
-2054809421
-2040382545
-1039261727
2071680816
-1586227240
-1858761406
1417329005
578030525
-338661700
91167231
412088421
216974589
1307867250
1503476245
-274803802
1019996164
895869777
-852578669
-1074039072
-1168036504
-1167342911
1555043112
638490780
-975925772
-1384003868
-740100212
-1488520456
-702792392
-1346121722
1739005390
-1885249371
1750868252
195809787
-2112469451
243379850
82433979
1320887810
2037633404
-69422344
-1288267336
641830640
-1705648770
87280429
1561352399
-1528332622
464950006
451662441
-2042650761
-567466852
474402898
-1507289021
816834307
-1239033294
-1734373485
1667260947
4771464
-1975054897
-2020289668
-19124170
-1462023110
-1713747744
-664493719
-211570901
225481600
1541893502
1128791665
-1094541929
1238324977
-845711965
-93150212
-1164852974
267074009
1754669810
1149371694
1028018296
260078091
-1258682664
-1841417033
1211381777
1806457068
1400124742
381273049
1323105776
1935436654
1907130272
865824430
-541329751
-543221916
340649752
-1846416834
467689339
2097030993
-497002975
1408271173
1867100616
28721890
39436604
-704530069
94213428
-1179885620
570199087
-506012713
-661060749
-79339625
849883971
67475846
-109230560
-1053818657
1119535213
123627856
-604265767
-1846010682
-809776982
-325914257
1097699253
925486186
1532564543
175868124
-1252807343
-1971835839
1342414126
-1620306673
492473365
-159658615
431273462
952376960
-1196270686
2140159722
-1862588907
-1126079375
375941295
-241868260
-1185048022
137137979
673575464
-819301643
-450575294
-1916547578
-351410629
-2059418118
873883745
1314213964
101201159
-1048289889
1915699018
1048484329
-952797005
191517764
-754459085
-236899589
-579495430
-884470170
1699644307
1101185880
1842559599
673668071
-1923641203
-486018549
-2068110547
-1327295055
-25810156
-896222055
-576693021
-997226698
1231218874
157920204
134591516
-851216057
-613299895
881005656
-1640544891
-1582704583
1298283610
854644874
-1821553264
-943464099
-937026134
-929796971
1809565403
1866618622
-931331912
2018144414
-90376986
-1069742923
453428085
776196968
1531729712
-357432851
1734389930
648269976
-689165511
-1340012778
-151672352
2029936377
-804383129
-1068999568
-857965785
-1913983346
2039414394
1638948625
-1247031261
916076337
-1878600608
-895983337
-1502102066
283215310
-1746653173
-639727129
1780561621
-1724857012
-886585757
-1895429590
687537675
202258913
-478802105
-426587223
-1747221187
2087523306
-922808133
-467130820
1742330247
-1392687582
513945322
427011329
-891307193
557799268
-1802843409
-1252092873
1103281706
1153138364
-412206564
-1830830479
-658776183
2034342514
-1572601212
-1129668753
-1934473304
-1858533774
-2001119523
-1062395451
1300401687
627090652
1583685819
-320226243
-227675744
1815965226
-479062835
610125622
1642074786
490566226
88986979
-1348654380
-55049831
1105735963
66548691
933019115
89215195
-1122579893
2065889335
-342683507
-1504454675
-1788525405
-13215684
-690655175
1633984813
-2102285915
1528413823
977018630
-520536410
-1626027434
-1740228598
1237290477
-1910859563
1940445864
-1318231240
-535177904
-1274072466
-1970942051
-1623886449
798777933
-874378757
1609269903
1702858033
-354866442
18917229
2091937818
-1342752081
-1113603395
-2124618970
152328273
191002029
332251771
-221609802
929622843
-1188066463
-1459104958
-624473102
-1002233609
1738504378
-310637515
517639407
340598462
-1471712188
-1757385652
-1860654530
-1894479407
-331871272
357728119
663223359
285455895
1596986479
-1661376502
-2021650823
483199549
1999392104
836024760
1364065295
111357304
405458457
-1475842231
2147303378
-494946040
1524173352
-2010582982
842093058
499843768
1451364419
1394588128
1216065516
506105862
64431113
-693498541
1844215281
274000542
1106224867
-1297006776
-865010800
-42592973
723144194
-996675751
-1270767274
1549392202
-802105872
-404752803
-284630606
395179464
-331171763
-1182073584
-426919460
-1338869700
1057170821
-124304646
835609260
1889404764
1226081435
655756495
-1838278965
1408035925
-1327263310
-331773168
-1267007605
-640557264
-1978141618
1297872190
-446576170
1950373941
-735291320
-393511724
-350501340
438516191
1697878116
-1541245540
1675898639
95552454
-1052118039
-210476905
-948297050
1837309169
1416910541
-1509413198
-859997484
1355839465
24956097
-962220840
-1256183474
-635070742
475115183
248832600
-837651519
-1606315016
-2050727789
-1477763971
2013732367
-1986188685
1669838442
-1164475457
-295050216
1243617316
846945915
-371886611
1877951740
-116918280
-294557801
119410724
-1077808068
-443238490
-1036071594
1595321591
-358068783
818415207
-499703695
-674939996
1276124864
-1316235846
843354602
-1664304262
1468854521
606366080
452020561
1938872158
1880074768
249179957
-32886015
1710068964
-793868066
1872787970
232754111
-1677016897
1997724391
-1542460542
-566342724
-511453476
1714060141
-1772304172
1511719146
1475328968
-690896821
-1741642284
855383933
-940731026
749421140
-851572453
-2043408414
1588039701
52924039
-141800619
1388659600
-1143154493
-142173388
1529482785
-1556377130
-1660837611
-2120949649
-1997090784
-1317998214
976714510
1468470909
-1718980959
-2041016720
-1698763104
-2106272911
310988709
1295456405
198140206
348959790
-341975642
663557553
-1727118649
1548501105
640961907
39156349
-1495509192
654612402
1486399616
2024230656
-167026180
135037309
-1171582104
-678655331
1764194598
933826423
54411365
-1502726970
1494737607
1770183202
-222957497
-2058288925
1598861932
2092668492
-1580834701
-20041373
2092074900
-1177763721
-995837201
-875507044
2063010407
363469872
923169304
1494927735
1598013086
535622433
-406707548
546827819
-1303125106
-956912214
1882407753
398168586
-1414214930
873595448
289521351
-1683483033
-329283070
1793783302
1331231969
-1829637929
-1656030546
1172325844
-841972142
1712111091
-350979267
-363114079
1231827560
-544066402
1458877319
1403004955
-1109414107
37191548
1987664853
1968231627
-1589155630
-1821230966
-293601560
192513822
-650064051
573160244
2034942067
-1705142244
1624919066
1323371510
2115220732
1674943927
1509627373
180827348
1238551958
-1470582298
1053471737
-307585857
666418116
-571515813
-1432268921
-951370317
1433097419
-1602561217
-1735617013
369582703
-263829983
1458573881
-1714660802
1438923160
-1452435182
1109551109
-1765678343
1057733769
-680482417
-341441599
-494885727
1605383973
599993054
-1065905147
-1409220255
-363892389
1323871904
-695483515
-391579642
-451702139
-671869334
65144223
-309422534
-854268215
823583773
-1355819352
-614210198
1820117492
-1134696211
-487660245
-1281082526
-1712121282
-12546940
-2142817177
-1529268515
1948178531
1276391225
919716280
1750304117
-57035112
-927978245
-1784240728
-1658988487
-1229110384
-2125043367
-1049374896
-157573852
1883244073
679051831
330237052
275164441
-670353254
-1729531116
-934848327
1681969630
-64655741
-2100737017
2107570892
-257787629
-2123021451
-294858411
983947736
-173744610
-2075071106
422474224
5904859
-634375151
853911213
790153786
1560860887
77751938
-1184834437
432663109
1935431694
-594750432
-272296275
331699886
1348278751
1760309789
281331743
-1490642002
861080601
761606309
52488646
-2110760953
-791058318
920968267
1850835203
-1200077016
1097741129
-1643981290
-484446886
-1027288883
653324562
-556436466
1156274678
246868257
-318072321
-1411242427
-1944161547
923732137
1546283018
-967973370
1539358759
1926533989
-207732883
-187163309
1452423496
-1628915926
866085627
1223399851
-1667200596
1941230774
1963496121
-1539416603
1894449443
-1479025341
1777749977
-1911566007
1295030948
212046544
-1222707570
432582497
-1801281649
-1213265072
-644642357
590194236
916620815
-1885825977
-247173341
1221520976
2111040956
1194458603
-1016515315
619604031
-1838747537
1507129353
1557610543
2029598451
728653319
167889910
1952795195
1463256185
-1669788198
-1610393246
-1547968402
-887976889
2090372280
1691554315
1405350845
430159660
1381671114
263671994
-927177066
1935993420
232264484
1265497476
-1537477109
-499577215
1738735490
-279823846
409306209
1337617653
-582221915
1438833210
-26744739
1427356933
1257032691
-692388171
-363374002
-762893307
253374348
-1150312010
-332829884
-1189856751
714375515
419834622
-38749884
1171764614
-614223972
76795114
812586483
-1997924197
-1149685459
-1990521781
1855992683
1963810476
-1595226304
1157556425
73637798
1503417470
2079758441
-1063673415
1496369913
2070084687
-752374676
1621564811
-1178610880
-821466609
1170158888
-1519539164
1123201028
-1687283384
1145296619
1582280455
1339341651
-151180143
-1165500567
1919074543
1083357785
-1740985656
-2001914828
-1910569476
1326932507
-1332822081
2073662274
-452273250
-528870899
269983352
1415833658
1449704871
638814809
1338897997
7086374
-665336903
943685674
1817788188
-501598275
-957512387
689127369
1174767389
-216093671
-484610865
1752188665
-1489892340
1205775604
-1157640106
2111204730
637881620
-1647661071
-42301763
1822689833
779277309
-191586919
-1338890163
1344291024
1702078783
1983528769
-1951918345
-731882169
-1578693763
-645885969
1162832036
-1896042586
-110174717
-1907650042
-538850672
-798745977
2080876275
-642201005
936432026
-1146801940
1016855915
-162334455
16596704
882046285
-1782279177
-1444934548
-1003099518
1685914182
1848920696
-1619155723
257050778
2113821554
-294843319
