-64647382
979767966
-421278049
-485359299
211648842
-536347784
-632663100
-1493633339
-1207472345
-1818233946
1708972524
634886560
-63062073
-364405881
377201833
2122758936
564332185
2015203511
-589537273
-1354009150
561254311
-1198817023
780234025
-206049556
1020349453
-613990917
-544025077
-491802612
807093006
-1388863776
-887902044
340285572
1273182463
-437226113
2074427171
1356683273
921843054
-571078424
-1743583009
-1472303407
-1503515239
-1575171419
693569455
-1147063206
1207838474
-2131251060
396525331
1650175616
-263028628
1709315910
610364933
863863183
-1243289359
1878411491
730475321
-1131877651
-1726876752
-611276175
-925631370
2108436112
1798499829
905921282
1035089319
1534819405
-42266116
-1761058889
-1792511875
-989238404
-989493568
-2117670308
-1577499956
1296986300
1670789160
1838206589
7991441
-1110537842
725354598
1026229950
1704555238
-1398866392
1553572070
-570739738
-944910127
1371503120
-2101586089
-427561171
1045603920
1211557578
1468788380
828365391
329723171
-1081893979
-1143523957
1111184445
-868677948
79029345
782962215
-1478301947
711888764
829105586
1793923228
1734903604
-671343907
-1845044331
-248391412
-298038089
488079676
-1751577208
-1869549354
-1627404983
-211854363
49970701
1285048637
-449408049
869745136
1286884764
-1119857754
94629388
-825300762
-364451834
-786447577
-2068356440
-845390209
448903760
-530298844
79071405
759237351
1491411932
-1550573374
1711690825
390948359
1670580748
58002528
398681500
131986029
1405431828
1982524366
1804193894
-798302512
-1347139486
-18586477
-784799540
1989380825
-680958194
-1201478972
2116015191
-330963602
1145505267
-2114342347
-1549677748
646400444
313952049
-831912239
-104154986
1439669606
-1672129219
1296695606
2106090914
1759287925
-1244568996
1420013
-1269169849
2029199293
-1774570967
926410070
-225536944
1969802949
-565001264
-1068901804
-419426650
2072373466
1742497512
67971820
165502587
-1196840417
-314815037
-1321943055
-1193038359
-2041540889
191856064
1808165655
1111693791
-698366543
909968653
822275082
-809810440
721421060
1829129470
688744352
2003440385
744421257
-2083229014
1525295497
-936137850
1196331333
1628658653
-1603659059
-748435572
-352295067
-70389835
194954738
-1986302634
-5452859
-1192095684
1150914442
-1179305902
1195321787
-1807795215
-1392112055
-680125959
2125363027
1210162780
-2075715434
-2138320758
1940105564
-790712080
1646500522
-590469679
381172753
984651661
-70517667
-698582942
-1974187036
1212684889
598943833
-480591275
-1497271985
1371915056
181505544
-1679202842
762098628
-1537681744
1120828913
-1152546
276687507
-1305753293
-644872855
224048598
-2001171926
-298440850
1684542085
165639289
1338562865
-1839533728
1855983670
1842680275
-1946380165
-518608458
-722548655
-214668289
1062760330
-836409343
448904895
938897339
1353967197
-1462902689
1076119266
216557955
1494986429
574475079
-1028472643
-973963708
2078592601
-1182059295
579520868
-598712287
-676163882
1065613621
883264766
-1618833253
602343466
-2043190971
-949888461
-797005180
-1711841700
-1709969336
-2022720964
-1603540235
-615631629
-762208573
886296129
-1186570821
1091128499
971126227
1039238796
312439532
336950619
1636857437
2091213398
-652230823
114502869
1460094957
2051471056
-947140313
-2078540264
237628374
1552154539
-103700105
2063791038
1602199110
-670755978
-579047141
-1530928770
1644240688
-553977198
-1971214575
-2138287464
1259323538
-1170636616
846683162
1318437144
-1241104949
1675610560
1609693821
1785019834
553786343
1352647879
1507804036
42463730
241945222
374753258
-185451737
1273816982
2074370134
-234559670
-1458777700
-38317853
1479345687
-1740731681
1036199297
-1830018802
-1203340804
-1671976524
-2117445757
-902431903
-843481690
-1656378601
291747563
-1484383014
1408004725
-1024707295
651281777
1261902007
1174377037
-2125503960
1960657200
-1593175112
-302369007
-1093646859
-845425906
1334496271
269471264
-1342335912
-555887298
-1237617910
1595087230
-1181920873
-383290471
1800635081
-1399548903
521806427
-1350476890
-187213887
1067655460
-808310399
1738216670
325944843
295905221
2067948671
-1271405472
713935894
-822094741
-1174543718
975931838
-1496681548
544584598
1271075281
-1903477210
-1381035503
-117672735
-680385061
893249548
-596923081
15240805
-1438887548
-1647669252
2000534759
1553376818
-1354726585
1670597473
-1569184792
1887560757
-1724309626
-1634677143
1965175594
-2057696864
1581639347
192394387
522578688
-2093802356
477628527
-615182682
223868704
1738539114
1179651930
1580547255
-1887475611
-799443442
625699471
2044291307
-2121367166
-115214810
-199375090
-30845335
-275848309
452656819
-21683371
1207856757
-1320508236
-1985161615
767962752
555264461
-590064581
-558289388
1419286559
-97029831
1002375292
795557232
101124843
-188486875
-1727247071
-23161370
-272435248
1186522860
-386364222
-1479091737
806135034
-347988901
30772996
163817006
1009416987
682359515
-89790612
643546693
-915558462
-494518583
-854381360
-263640227
-798803998
-1653700377
6678091
-1121883644
-531767046
1032668600
-1844552714
-660702267
1906231836
-1852222461
1636805588
1716467843
984681571
-1845883969
-2056659831
1265612558
1714350624
730994413
-609917378
873631504
-1519973753
-258990394
-1816839694
-237222484
-184852697
-1726680290
63286245
1564031600
-1309076422
-919325787
157090454
1218914955
882031332
1728621711
730108723
-1170534564
-654050795
1963051624
1046641440
-1150746471
-1651940565
-1001527953
-1981350630
-2067886574
-597125563
183846755
1139758729
48250312
142741902
808100846
-560273191
221300712
1980535063
1129535603
-1444787060
395739285
946021208
-292112284
-1396441326
-293965562
-1044831805
-1732862344
-1994152736
-430065997
-1142613372
1566962112
-106009240
-2006329998
2072957341
435395775
-1625376158
-957329204
1914130038
-1249729485
-1849984477
710093747
1799464698
270069704
-294713028
-2006278839
536959511
109499792
-1283502046
2123586517
-1122049803
-2049597630
1997246354
-1512460571
-879812277
-932677476
1990966338
-2077502149
-1780370227
345426126
-1065566378
-968552569
1452868121
-585199150
426145916
-656162225
-574954304
-370106317
-1005050879
1680402044
-727304310
1063644680
436908222
-391931263
-916456527
-1939284627
1191320041
-1061417735
-1865036999
1398853677
1660788320
673327889
1290737586
-704088974
1859567146
-1944002985
-1349988562
-1376329985
-2093964712
-233159970
1544863246
-1459022127
-2135128262
1915654366
1355543048
-965397787
-293935231
-2059907748
-1341628682
12915405
-355844354
1849296136
-1937659622
-1362196213
-907045966
1992321364
1727278160
-13157964
-1428982350
-775318266
1963462692
846308144
1226686557
-1628214873
1744929748
1926828042
-176472857
-668311215
-2145135714
1972692183
-1550822774
698178334
1501412260
-965899404
1155553672
-382053084
-307315701
1916796090
-1245998721
2069260344
967281017
488782366
1015472149
-1518163069
-1078384770
-1877722619
981038330
1421741928
-482449978
-414917734
-953188414
-343218048
-924492843
-808065725
859410891
-803453551
1787493114
1064308151
-1958222243
-2036969279
-230349710
1847394658
-75213753
415399875
1993287805
-648785422
1516315734
1481313052
850834190
1845192549
-637479416
-454367345
1242070043
-431076142
1171824595
-1750286811
1619436073
-420836623
640897682
797337367
-358501132
1575355955
-992177842
-583128531
471379289
-1095190762
501122720
49663139
-1914318923
-1854009900
292922199
720246800
1316845456
2062319759
-1272286125
-466041357
562496581
-64809197
-1625358060
1254855922
-1855084574
-1689933227
1397940010
132927941
585984060
1402275545
-743057090
14171648
2110944850
1656303919
1116459166
931069833
1468908077
2074139283
1417165512
-1157603984
1413146527
-177934778
-440078911
1126640901
486136980
-664578621
-254381836
-577748345
1041622328
-144746720
1650206762
-1476023570
1189112658
707282010
-1085274919
-1564887487
1360682742
1392115255
2042464379
-1529166013
-777656963
2145628270
-1197279795
-2021374387
524856730
-1554279310
948026235
-2090546891
93002724
414675030
-1711992252
-955847025
660568443
-60545436
1717116617
798384437
-1893691657
-684824975
-1720005902
-328948555
1004516681
-1552903742
1392910179
808143047
-992700982
-482250100
165343483
-1217163515
1398306556
-1311390757
-2061677825
507099464
1693444921
-703328405
-1070966031
880987151
1086550495
-394891128
-1106450260
-847301172
-825146842
-485488369
-1331786478
-1793488645
-1623670125
779131678
-797561820
-1228481235
330596634
-563579562
-1149578693
1315306675
489349892
-204308953
274893802
104708865
792917996
670235668
-2015217172
1118832921
-954330614
-1749544074
-1534422785
49248618
118677375
1131895295
489788094
-1753674388
2001703095
-508274657
1595533842
-571802434
-934491331
1120484412
1208763260
-603821587
-362816494
-1716792065
2105745955
911105578
-678050664
-1593605103
-530125192
1869636638
1073124253
757251884
1352270877
29874006
1527141320
792387588
1440382286
698230488
1685726835
-1778713986
913737163
62699667
69262368
-784607249
419856762
425781694
1810183353
1109031426
-1037227747
-1104169797
137965273
-488540102
-1025000512
-1241040199
-243042311
1833313788
2055180468
-1605109642
1641793691
-142332189
1820935964
-1478662193
1189082129
-1378662453
994816168
2113779807
-989926695
-1564045787
-1892488131
196916732
1126398055
-1320142748
-1816664055
-735832057
-494080932
-1419918661
1782742692
414609013
-1837369843
-138752713
-1316187715
-1298047302
-1514346729
-1028257159
638791396
-1012886076
-1412953723
-1355400750
-1628016059
-439493086
-1257885204
714849436
2042868690
1877116725
-1810293904
412394121
-2078616055
1853199772
1348744433
1441052167
-1872113693
1565722334
-1904387224
494508682
-1939618243
1681611667
-1321597493
739136285
1146043555
1786312281
251927038
773156490
-2042950941
-73771828
911898247
-1104995566
1185972842
-2044306977
125366623
-1836628009
100349837
307187233
-1895646064
-1150678610
-1925433011
-1290902353
1669306436
-1635606334
-398991356
-519015039
-1040208770
-1753878320
891653672
1049240497
1519270959
1953617409
-751647577
-146340781
1124324477
-1927374180
9323121
1747400509
-701801301
309311757
-542382129
-1943705943
1035868317
1750731883
1591475655
1358470472
306110837
-2143549486
236294332
285551389
-1278480519
573367570
1379129749
2136640245
1547287192
-1280502044
-1719196340
-1984891627
-1348718109
908286549
-874747380
-1275490981
-114801905
-821345428
-1231859949
-1489909754
-1798028799
1650048955
-1051267266
1490599281
-606955429
1859384344
-636145935
-1704456639
-1232895120
-865336631
1080219752
-213805818
-1374627159
331513534
1782082715
-1921756722
-1098071692
-1601854859
1439871388
-1210896785
120855658
-557040376
2145973185
-274847019
-1174752774
1887702333
-623235717
-665898824
-81192468
-1183375732
1401124449
-1972256458
-1414576921
285673018
-359599573
12249510
614149315
2035445279
-1911733478
-1756693767
1876334491
-1477538158
-743745736
1627134970
-1854614749
-758143497
1320471805
-162068506
1517318742
1500470727
1491777148
2035012460
2028613345
-38872921
714859634
-1336601863
324277510
-1729755637
-991492998
321365112
423156822
962094302
-571793086
-885654896
207458640
1938064891
-1364267127
-506808101
