336678642
-710137759
-1412405195
1827980141
1696441369
-1807798126
57030230
1615442763
-1079067447
1476681301
1075296880
126135878
-1898617604
-1150096501
-839551865
218340459
-1087498041
1444199937
-898217635
-429682544
-745365164
-99546240
2072978152
-1764347097
1566747000
-1736241580
-1903596758
-1984678572
1506215869
-1589312632
181638207
-613828683
-1065600598
-1029881983
-2030326531
1531957047
764683579
-2052294694
-732271621
-1904077157
-1794238014
-968199748
1499897418
-1894715386
-429263232
1383479112
1375311521
1883545284
-653891142
1708445863
-1072339323
-1205462582
1245983382
-1196783825
-18634838
825642015
1998906228
780362335
33030773
1442887159
-705231437
-721180540
505949204
1009558867
-2029505461
984623643
1809625051
-1484832461
-649380351
-688876954
-2102571029
738884795
1165702953
-1114089702
1169234096
557251998
-2121548490
725415571
-1608493918
-62000604
-2138753132
-1319422975
-127448184
673169051
168397659
-1293189858
132314299
1429309831
740480913
-2029443281
-1274366506
-1652687271
-1326585814
-1648761693
-18827023
498267715
-2022880563
1595532809
-39224317
-1894321504
1784059344
-1833011257
-647004658
97739954
1476129609
-1485103661
-1654033046
1103078444
-926042629
786792215
1397558307
469204916
-100763876
1312767566
94569524
870130307
1206816357
-481203748
331164940
-1106799248
1056049399
1134722345
-635456345
-419083998
-1514863826
-438627792
1669319751
-1651071238
-442531531
-67437911
1028276637
-1139006249
494545084
640105398
191598632
-1720648655
814203082
18705456
642000954
1792020558
708908795
695903789
290508300
743367761
1293967366
853382291
-1563177635
-653066254
-934111038
1226422652
451647942
2078957357
-1180977200
117318587
1017403821
-1142673914
-1070763852
884437603
530626121
1457224802
532594275
909324207
1311899160
-806267263
887221577
-400988758
-50485608
136371321
602413445
1751758677
-681433528
1908602070
6169722
-1014938804
-1744288429
1041208583
1717630013
613847042
-794167229
1711810437
-2053527408
-33566629
-2117840781
993672956
-1185927659
98117059
446980972
1680511000
1146373994
-397519614
-1106088607
389682394
721032541
2057417116
1817011844
1581053176
933604814
-425357552
811719100
-2002271621
1651592877
-982988918
-675950943
-1957393913
-997921499
-1813571003
-953153033
1830320946
-2128750533
-800774156
1526953059
800262655
939476440
-1692370891
-189133184
1287205691
-1379871746
1720892257
112187702
1446879972
-174578397
-1783992449
-1235070730
-1230955149
-1320524477
1305363332
-1137839608
-1477391532
-1647102999
-162991588
446666479
-782401297
65484125
-262681566
-1144490677
-2109109985
-646209053
918012551
-1895368501
-1197240514
673372666
603545875
-1145864906
-229938317
-153245548
911249917
-956438934
-136187905
553607491
-571564250
534397664
-215433662
844188727
-192416389
705851092
875645169
-1371542673
-2074509284
667348878
-1396920669
-1266793902
-1128405349
1523578861
-1274984743
2102972173
1461498394
-442837475
-652699087
-797711920
1730153275
1368730998
-1323603615
-301796377
437301568
-1619516252
-936845215
-1002227153
-1233962039
855126644
-521813801
-1633182760
871482383
-1328873488
1510489687
-1652009602
-1480052566
266959442
-268113932
-1585065532
1941213504
-27838426
-1320817651
-1222158780
287151900
-891043867
-1962228552
-937259057
270787884
811651893
549159798
-1316404393
1821364578
814945722
1964497403
-134009938
-2002735300
250875853
2107959644
203086988
1498923547
1573627243
1460485591
1986179273
765981186
244379481
-1987418937
-1566303440
-2012920694
-741240741
-50487216
2084225009
-1805421070
-387198946
1317261729
1068750320
2000141413
-554741924
-893813122
-1934573438
-303016304
321453988
1951873507
-1029593216
575689697
-48562619
-768539023
-992325991
-599880596
-1591011864
2116276285
858173896
447284331
-117155052
368114319
485423412
1236403306
1351718620
1412093255
64676619
239115025
-2060919398
1318298661
-1790134414
-1279610918
803076635
-133427783
1769442922
-415703618
1624556142
107131247
1523199097
-1416128242
-621685625
-935923097
-821789033
1853952613
1851013056
1131219977
1920586184
-43151569
1627419259
17125556
-1887387134
1859243022
-1949689433
-1513977444
204039248
1823564453
707627244
2097469872
-533315149
-1498358225
1221735063
1999420259
1920989862
-1663361399
-2019267585
-982534053
-401698148
-1154363311
-269087129
-976979681
233340037
323953234
1828213407
-2064636544
1311328168
1544220623
1959270729
-1621640894
420174016
-1212045018
-1523241804
868510858
-359190085
1023298831
-618612419
1116517749
1459672430
628486525
-1288032263
598846770
507620323
1073767321
1208452506
-1484501940
-658318779
1113454815
727739476
-1901157315
1103198776
1207374160
-1765599777
-612425214
-2083113810
1073633978
1499064651
572516624
922026299
-398642583
149698603
113927587
25142431
1534695004
250711101
1359851977
-464111429
-1453013809
-426606064
748534289
611033226
74791412
-2008235530
825807752
1497612613
-1903261790
994399469
2096667554
-1935098730
1031297614
-1855613711
1278759245
-740342172
-477272893
-1140754549
1511652014
149792061
250836595
388678716
-1748466786
-1789166375
-110001682
612658448
811501284
-860727906
669705834
-10349978
2079291985
2140763027
283727602
-1637791013
-1538863128
276581694
661937371
-1978782736
752660876
1640482082
2100517715
-145094322
385909885
-1683492077
-744395703
1872316143
671890691
-1883046053
1665262145
800969335
887989203
-1307382311
222504939
1919679543
118421236
1480305383
-1171204048
212646999
-161694200
472017622
1435322285
-340811776
-873269340
1731254213
-161227785
1819912794
-1523526207
1725811711
1021347820
885122301
1030872272
-1080998222
1156957096
-1744554877
-892443442
1917035470
-16797532
-1212823637
113623210
511900314
42581229
-324788709
-134758886
1269542970
-1691190013
839767013
-314803401
-2038356454
-715384303
1356911525
305539910
-54056994
-1497577774
776398111
-1510560946
-1668406360
-478186564
1500600441
2130774474
-1300955023
-342951475
-99915550
1864840865
-997860375
-597115248
1662154312
548078909
-517288169
-1328132039
1254275991
-1890231690
594204009
576271131
-569472264
-1782838124
-2136558934
-693942427
-1067430710
-213120494
1990379256
402124438
726049063
1938712369
1504018553
-1681101428
1376478076
-33349631
-1094068181
-907878327
1637966228
-1079562801
-1845691579
1527233200
1692316466
1981099441
-150901672
287370425
-673901726
-303181720
-1688728451
-1865836226
-1446580734
852070735
-1477763444
2073453378
779108601
-1919232732
-680538103
-1147298202
1071973732
-333768238
-2132881153
-1273073005
-417217444
-933122096
-1897448334
16956994
537301563
133521849
-1979488030
-1451889881
1743363294
668695882
250658605
848892992
921330485
1894319220
-899956541
2006770942
-1438888183
-190942746
1289222887
-547727653
-2007221499
-38780390
1634677306
845820657
2003031397
-1124365678
-2128820947
-2082314951
-1026070359
-29764333
-1027604496
1707499663
1606132323
1468916344
159797935
1194512567
-573437512
310496020
-1526770129
2019932779
-783244131
-1255150458
-669881265
2098185294
550349879
-1316206860
-1499395602
567636834
-1530190523
-294672711
1499364246
-160978990
827296148
2119520085
-1940199315
1235115536
1640415750
-78388040
1106197212
-1343790668
-1523509360
911618144
1498192659
-1588440416
393207005
-793227456
-1601736811
1175008361
-1310474926
59642729
828379957
486704877
1376642720
-1662310351
-1726816905
-1967506752
-543216723
-807665177
2029360115
-413144315
-1685293435
-605267656
-2063021397
-84181493
-1036721923
312389387
-534281475
-1675100084
444921581
-1834040001
-1940542096
938443542
2087972530
1579440435
1857982196
355890902
-1347111150
889370636
1113374466
1588592384
1326707441
-810269775
-252865882
-1791265592
1607890037
-57100104
1740427573
-1425658307
-2036796457
270445291
-472604672
664324489
518238237
1943579471
-1516157256
-1442014060
-839145061
-1115765719
-1298247162
27249944
2126490693
-988061412
-1033329808
496132489
1435971718
143923682
2124554170
1788356607
864196011
1773076993
-90487405
1765913755
-1472007546
-1160990786
-377434940
-885625404
-1982472030
1424390737
490032106
-543267022
-1343000697
2037409513
903250015
1318981256
1017225498
-257961154
830556181
1348229043
1895191386
-1423915032
588454809
997200806
449329154
1252233224
801899986
-931851051
-1432064881
-1389466066
1503045520
-57579866
799914057
342238892
-2026112628
-1859651132
-1167105128
398412454
474509948
1575130019
-1863643118
-86745206
480683929
-1609389871
1707623923
2084199875
-1548822588
-1767000975
1866891334
920604639
1460722215
-1696420597
1388199812
-107947821
-442118689
-1167328085
1459171407
-1819030041
65443525
1667444097
-834761726
1070568936
-40909376
-807695634
-249115024
1087657177
565178177
-393086991
-1147275456
425014854
-1094190808
-1546264920
39003628
1050407887
1661206228
-1526085383
1011752911
-1333522394
1929646010
2131514529
-1070268096
-1650663684
-473097707
2064531961
-685767246
-2007235472
-1978578047
631338451
-769492373
-510500137
-189923098
1049709008
-1356810821
-445809018
144412659
52739443
585599937
-483183103
-1096853250
-1709664935
1575559287
1191869965
1288443857
-392441415
-402556634
-96424714
-45072801
-2146500624
-1310885923
960889171
153835562
-1536104009
213780786
-989274660
-1254804954
-977203651
-372306087
-258662610
-1849739324
-1608856638
268046898
936977009
243220972
-567057946
1608149554
2714528
665831972
668852109
851214129
-885899185
981165337
1025115356
866014951
1649619740
431319181
-1281651304
1645501743
-1601236640
862764719
1458070376
-1784765280
1619211198
-2143062130
-456262791
1579916584
-39877314
-1231157121
1064265252
1557525440
567151589
-2064930609
-201202231
322492452
1983985068
-393173046
73912634
-182147562
1870400526
-516006655
1067297326
-234462550
-197409435
148204701
-163296391
1371622147
-2055637918
1065914015
-1327312341
-1052798003
1938621132
-1530514432
2053219507
107697624
-476980516
275881831
1950504416
-660900325
1259510891
-1726311914
559049567
-1982066508
1819296920
-948161098
825955476
468054850
-502480247
238171684
1950214232
1725214913
689903392
403602943
1387208793
352427440
995793972
-222180720
1087560737
1139143350
-1715652501
-281515472
1816207570
-1399060574
-1036326061
-879152412
-1000906919
1231964674
1523501744
1967415639
-1233160105
1678252223
126774478
781914349
-1734395796
-1876390756
1524014822
-1032510107
-1763072660
489277804
928057624
-664251482
1516825279
-1893541391
1929767988
-826388717
767854266
4307559
-1329651598
-1469458340
637322258
-1871637329
1425633209
1310057907
350852190
-1741165309
1592440259
1741599789
-770168629
1199132895
179770851
1573146767
1567570112
-199468202
-2120527195
17243471
-485095755
-374437339
-125440366
1654472164
1485863517
1728099224
918179962
332043741
250443784
731143435
454783103
849474398
1732814847
1172248026
-698362618
2047094988
1692929292
2109629326
-1940034130
1238473855
-1622477661
39855925
-361849878
333767815
-1713271210
-428164138
-253790335
-1824372625
-1532303658
-141498310
-1881976359
-375488567
1394135057
1793618153
-597824451
666118947
678401414
-1297461477
-718549759
