1935915384
-731709069
1280350219
-1136012283
1349465954
-1111054616
-79959667
-490557536
1434422276
315488944
-1120794863
320072926
-2072018569
-1132618417
-1206356110
1718780762
-620042454
-671385599
1752486115
2034428953
1203480694
910355569
-740524145
758462406
-2028534131
-864942641
1256616763
1038047781
792520628
26747272
-1564832295
-339928824
2051711037
-498279976
-365313621
839557309
1485336180
903794072
-1406885646
-383370447
-265953482
-1242311472
-17549522
-1913365051
1222532110
932848168
-286259497
-1350170311
-1255878346
-1268757102
-1181503272
1218511385
998829462
-1544811995
1686443166
-78539294
-600493723
-1282379965
1590208081
81801064
531938640
-215832024
1904929688
933225780
-2130412976
1167244081
1541270402
76299532
-1303962154
-174075692
174266151
345711872
-970435601
-141666019
-1669721457
346899598
1427732293
-1159495758
-885153873
1199135335
329659897
-708257684
-793062769
1257307415
-1549761566
70360683
-1429586868
696721864
1776844198
992506406
421980989
-1014198393
1497233590
570941466
-1304405321
-2130393495
-378185921
508258157
-1077190784
-202276855
-1517553519
1167259020
2041485377
1307318693
-1644736672
1214459417
53319539
571201285
951414622
1292801567
-2104777399
-620594322
893565581
843119822
106833743
1394413009
-1923449567
2027682512
1879793769
-1254763364
-862767648
355219247
-1401394951
411008647
1945654216
1482276231
141788788
1756949933
907479338
-2076843217
-929421889
784511753
-566203615
-1747014413
-113495055
-1014656079
-125480862
2016891426
221641150
-1953253411
369771669
-1841476650
1714726000
-952472373
1001972304
-2100661862
-1558141038
-536655274
1031133639
1850493562
-1910437130
1613219752
-406419643
1038341548
-694373960
-2030451185
-1961825537
674106430
1836766203
-50016068
-2099708465
1882862585
-392425147
1833114654
-1690106652
-1761543483
-1113304531
-1045919315
1365274768
-809377105
1227212027
1491161066
-954841065
703145357
1027541502
-2087267795
-1656690440
571052824
-1836947345
-1925439856
-1416664322
-2105387101
2133380396
-416854553
103788926
272496668
201889808
1832537803
1404157861
153505397
-1610241166
-531083818
839622667
455185052
268855268
-1003562033
1132099835
-706019023
596676198
949699450
-821573753
399546938
1699124776
800376305
46154846
-1424369075
785809729
-49201742
1203117001
1102665532
-1029723259
-1661888783
-479636326
-1913988849
-1430181712
181971994
-2125413729
-574865918
-2119308342
1710384312
-922549419
296163477
-711294380
1748145594
944779718
-684000784
-321141240
-1666447666
-402675739
1696934751
814064989
1282226607
2116681784
1393650398
737565086
827751962
-587319051
-1054074106
199834489
-1378821916
-1096491960
-1627547190
1954552709
-1387843175
913921310
-1531337299
1157509517
2068016471
-69479265
-1323876302
-1096182648
-1294211967
-695111866
1775904621
1671076864
-1448775072
1801020978
742248766
1256942029
1170189909
2052670656
-1027106741
-1719660195
1473328978
522772723
1585326900
-325931993
1611251825
-793758438
-316671858
-1245926593
1069625635
906798203
2128250865
1794731910
1034619296
155898038
290379835
1855973804
-1920279735
84042798
523159903
1849345272
353712461
-1261770076
544828096
1292245464
1674395209
718070816
-507370068
1778077721
1416526224
-2142545212
566379205
1569642963
2118711160
-930882253
-1048116066
-982024503
701070127
1552566578
1603570792
-1412865209
-969556462
306892778
-173745755
-1820097027
-1751116510
-717775858
481813114
-569568291
-688066151
169068109
1823002051
-1373250887
474638760
1890686097
-464888236
-330338045
-1298811187
-1333063242
1073880672
-1536153828
-1568371379
-1135613577
1339134626
-1985801186
-1491454189
-1393644490
323576688
-2067038671
1688560130
-1314533359
859123096
-678169223
-1431394671
-1075319994
-2032754402
1941904025
1632763455
1484405150
146807790
1640014765
1756980657
769676250
-998054326
59198666
696061736
1958240938
307421778
201538476
-999163178
995554984
-744414185
-420758074
-1387260512
-386037857
-1952032324
-1695156774
-1125005665
1257493552
924264160
1752678661
-1410515399
-215916551
647255907
1278201809
1704908506
-776524156
1109588896
-1975578142
-1217874427
1502363394
161390926
163509839
-391078477
-117560638
355048022
1447050627
1102195344
-1104739267
-293285710
757844447
1482697786
-372405887
-116989951
349727200
30122775
-1341310575
1873937721
1479400759
1658624438
-201275276
-1637013311
1547599219
1010493132
664426324
417407018
-1226555854
-1671001510
-828978355
-741016887
-1613092170
-965562131
-796779520
858373848
1153251735
-1848469809
100554261
-355525040
-748048870
-1957604895
907394198
-37571682
1871850825
-762397332
1318001286
-684491628
-596144259
-1036707190
706367737
1915746467
-178348714
-424042748
509903200
1211829683
-311813959
-1154173862
-1217831738
-550320097
1056742160
-496323173
2046671680
1139854468
-629476929
-1309846509
430679900
215249503
1771187179
-2012835757
1046808104
-2133386736
-356297954
-92708294
-209279328
-700698956
2028649599
456181032
-117275343
1057158032
1105891014
114199574
-537383826
-132342841
-126170373
1978747827
2074288571
-993883317
282546927
-846617881
-1262925306
-1741385853
112178724
896256646
1823832818
475415311
1158503837
883892799
462323185
-938210872
1864786143
595277047
700163447
1893133114
-944384297
477122273
1836011402
-79041443
-10882545
43935785
1359252368
-1813280407
-718558714
-1835122068
-1296424230
1143016365
200317887
-1806188408
-1851685843
1475786523
809945677
-80516677
1090085698
-1334929811
-712584509
1918641880
1272374015
1246794251
-146708455
310663731
2045360955
-1298407605
812023956
266607908
-944639591
-1676716059
2120571271
-1298466075
1650962917
-124018360
458474784
-951211973
529834099
482163679
1838987034
-847999182
857447722
-1519686768
-875517127
1258764396
-697934226
-1735140062
945482448
-1618853761
-1892786275
663567026
1503138440
-1122054223
766547972
2000740339
-1195438808
250047548
-1487467329
-1384733368
927755969
766070049
-1733325828
763679433
1501347377
30850297
2023326551
-116413863
-159993866
10477993
2109484769
944735559
-1224575212
-256868004
1202762723
876946336
-1457023007
-1316798342
-89371966
-875724358
380260989
-1525108066
-953503451
-2136238647
-1539819861
2136794518
1895298542
1574833135
-628171837
-1640896309
722901225
-689931246
-1311550583
1587057471
-974054975
-921160557
-1308272624
1367578096
-2013422814
-589351676
-1931717286
-1450408827
1580033313
2084174319
-584801929
1850515624
-178512967
-1807867473
878104596
1712463734
1165527353
1569277808
-1038230190
-1806269648
25688360
1543909287
-1280342973
1725192466
-1529155825
-187148868
101858041
-1285774387
-1118010986
-1038965414
417888046
1189646355
1431260031
-970900247
1657379716
2041043151
-1402142177
116215131
-864474798
1653341971
2025194673
-246237960
261049991
-2133632996
-2053001274
-991039446
-106465991
382200387
-870035887
-813176632
686068876
1697064982
140724085
-1985066926
600736277
1744266673
1550895647
1104695210
685367289
-859391795
-1217630521
479197638
-1666143073
813842486
685743703
-2076607505
598731134
915443271
-1097156980
1951844513
1385901351
-1818117103
-1993914105
738381292
293567620
-1029521927
1570475634
-2130772422
-732522995
-1269126873
160379209
360121738
-691113390
101071669
431724048
1478382917
1113995073
-1388219062
486242771
701721473
-1027456873
-454841913
1701068576
643631694
-1086665912
-591600664
-355380215
-498609855
-890924178
1809208719
568156723
1093485089
486469872
1349246194
-2111549165
-2044420021
1279820544
-1117423150
294096833
584773413
2138594951
465198460
-86725194
1224545918
-1291811802
494183288
1096267011
-1498577046
1308486762
1726961052
1296380083
115868493
-756843876
-927206109
-1574908553
-958780246
-714336140
703846642
131319972
-764755396
-1156175510
1617391950
-1849562339
1952640191
-1742739530
273010435
-324169628
-1692288662
636662890
-1630609513
350176376
480242747
-1248022007
-1781259324
-1524014368
-1132183797
-870978314
1889115400
-1091278716
776873381
1661841142
1419261835
1229815727
-1354038473
-1671042254
1510879833
373062415
-593779524
-620969820
-1865646638
1071477846
1914512289
1463166296
743472233
414436557
169420052
1975556420
-1721130678
-1992943706
1270125526
1285977597
1945404563
-299878628
-785600960
1903273251
1756326407
288714378
-123871933
-343517996
1779738368
-823494045
-1306086236
-828366183
-1366522994
-1290705754
1033256879
-1664695192
-1737062072
-820969461
-1429940256
1233700592
-1745614876
946603269
-432078774
398210640
842798874
1130542495
63906071
-169813695
-567259564
382773265
-1495359247
-47020871
-436601148
1603327918
2017997059
-457583921
530831864
-2087799049
-282133786
1113024796
-1319810428
184759709
-646898475
-1161272513
202573271
-1897108455
1947090066
-365534828
-1296074070
-2103501186
1684891449
-1087892047
-2032191624
1709956337
-62299577
2051143169
-17875973
443299044
-1517528268
1757740760
39144540
-1024696171
-1730976784
1935850427
-826664878
2060682471
-1229537108
498058653
1753230644
-17713337
1952332489
735760526
-1485846539
985394206
-932698094
-514797153
-768931734
-1752005878
-975373988
-1201645485
2049763107
1590175153
985614294
478062669
-2004538875
989199630
1187128743
-632539692
-730567784
817580767
200041942
905742795
1675988410
-2038381233
1163273371
145340275
-2044439787
-2059189109
-1947128580
1468856919
-1584201765
1509006745
603953130
547771561
1857187903
696385533
1795959782
676000629
1978351216
-1804838998
-2125307142
-80053727
1617012811
950468782
1143744961
-1383288863
-1731479230
629701118
-1917083171
363428122
1871041047
1620589760
2043332554
2093048706
-56211590
1981349424
1975875653
-967382867
1052268969
-1856812717
1630382542
1475422684
-1902146954
1765456484
1877639703
199767603
-1244962264
-1321214422
-159005698
343496436
1410597941
-569887907
96664313
1019193463
1671095366
-1994366717
-1396378975
316808457
150551465
2074938122
-1168077617
-807952944
1213994487
-767295799
-305192141
1175056994
-1414640803
-501964411
-1168219647
-1567714302
-1182276412
809543496
661830791
2061632642
-1198297403
-192615578
676872190
2008323763
194573373
1170390283
286928265
-1675007729
-606167536
-623957368
-1924959609
-1414040142
-2009003504
733473376
-310952479
-1673158465
-272400686
283255653
-1824248213
1086177391
-525810798
1472255615
2054271387
-1852784694
408287342
-1955735473
-1869317551
-883461867
-815073386
-2091066976
1852275883
501178953
156364868
-1968000476
-565773730
-1911176744
-572994680
732821308
-1046943703
1411997451
994765904
310274642
1227923997
-1927088633
889933398
539367959
-1023581136
-1508743300
-1416885027
1594403522
-920899139
1096481730
-542148068
-1662743217
975246134
-599919549
-1249039868
439092299
1054735468
2054541594
1722621858
114448761
-1234300123
97912245
1313414255
-1195136916
69365847
1768094662
-2020757560
-175347963
-1157542261
334832379
-780319383
2010636306
1272933956
525239203
-656775662
304995162
1997256542
-4546807
1333600135
-1986758709
-1108558782
-2090789818
1783553256
-1651477054
-1760803691
-162330880
804868377
-1687165403
1230524113
-1004944710
262590780
1989359826
-1241472810
345767520
904757915
