1213671024
-72218171
2084587846
1652708684
-250627575
1732514925
459375100
1124384988
-978856175
489248083
1685272054
519588644
1187241964
-832491261
1442222578
-1887272796
-80257647
63137424
-43569228
184414024
112436946
-211523482
-1345554744
909911840
-1848790187
2129634328
1386605962
-1290751885
-1389833637
-318380978
-1127855352
1050739306
-1716100280
1361140603
1265972290
-1347505083
1012300328
-1544983908
2093994371
-905532770
-1012559864
609646689
-984925786
-325343450
-797740676
1265782631
-215290781
1606054033
-489067138
-1168006336
1727170282
432829268
-1499949509
-1989089511
1196575604
359472835
-1190106998
418523519
-386374623
473719290
1680390855
-1215365033
652156929
1133430976
-1109134050
1852722542
719132091
-743886829
1591887180
974582251
-1906498329
-1409174447
-1050142192
165301031
510512449
-1036362198
769854813
-561782905
-1239407798
-279210509
-1158169986
-1734341823
528025135
795630532
-1962103577
1809407367
1479598244
231405940
-898839175
642732751
597830773
-698569836
591144351
-1819530730
2050971960
-110887318
1549851891
1254976146
-1276730101
-1665433796
-1583359172
1005075792
-350903421
114590137
447645622
-656374633
-2127761494
-906092297
-180084454
686188699
-1037076531
-293460292
-649401492
1918126282
-1596639446
1636453447
268529803
1353694190
-905259583
863859726
-1695672356
556628016
1087362834
-884409530
-661735197
1210342345
-299960501
-1949539444
1969374346
1192920037
240993327
1099492559
372445492
-570515914
1408319696
1571423997
-1348186799
1027647425
1136105208
355088763
-95751367
-477853437
-1836449640
-600058858
-1429765467
1457078503
2113568855
943579276
-1557303397
-1506551721
1180741732
-897329848
-948156523
1449435324
-1189971551
-152253102
1078327157
1381642990
645291654
-1036419178
-948407568
-1504696836
1536299119
-864833645
362804528
1681087933
1496508613
-1770677909
-1053400565
-1169997558
-1589387540
-1350989004
-203523795
-1306705456
-1551162155
-850740529
-1081732532
886432119
-757206651
-1771373157
8587592
-746182790
2115232441
-1729703920
-568404821
-1718088074
-8806796
-1493589180
1289262677
-1230522204
1614884068
1681920676
1819043953
788441560
159104951
-144934517
765093156
-1462001273
1315941909
1618678470
-22260685
-1632041455
-696512881
-351558550
946938467
-61787900
-58311426
826441820
-1968480274
1391027457
-89091130
1401483453
-1604723352
-1733658417
2006344820
1097740738
-883055534
-1241755526
1696743510
438756416
1756868749
-895844843
403418164
-2140864401
1471362592
-403024778
1668684656
-1868276338
1283257334
757692110
-1786449817
4883487
1290515657
-216324330
1514688586
-955998657
-2107516085
840850313
-857697860
-1658116492
-508359487
-1496713220
-1739755789
1150531533
-648831572
1684860142
-705246042
-224364317
884012137
-1604351032
-1908025076
1084246471
-737732295
-1224176247
-174060377
2032605893
-1283440703
-336667006
-620358968
1690934546
1999819602
726311430
963407068
-711186512
-1655606667
1951560782
973778247
-1463938172
1045166411
-1174113728
1834113200
1453360059
914371615
1114835265
1289430894
-1702495715
421988712
-1304683861
-958988576
-656892304
6093834
-1968297750
959259667
-1213337048
1784337186
-1829447961
294092816
-195827760
-1659453973
-277890459
-819272176
932565567
-756597570
-1062765417
-1732833589
840329731
-711506234
1976050502
-971018633
-1952595942
1715837566
-403078970
2024298778
-839471344
-224355870
-1517308309
379233875
-142746700
-2083676907
1145217082
-147778649
1005869519
-141460156
-292883132
-675964694
1719297641
-2069715427
-1592620801
-2037872576
1786030734
1080667901
922829872
1840206262
1916984328
-882504641
-810354815
-1300683474
1071937561
1995446112
867454516
-877156184
753752063
806366891
332531688
591607078
1477062768
1154402845
506289355
757998670
26931609
-297418224
316399976
-464321779
456289714
971219451
-1528455288
-1538023876
-921331682
-1136965347
523196250
-1079931985
1636469766
-1524929274
-1438312058
363575771
1203736231
422503259
1344971759
410514843
1603449136
1012473795
-416343046
-1069482240
-405174557
-1588824863
1155664107
701530757
-2027413127
-553491637
214571113
-1363027009
-1163773534
1877231431
-673154307
89477578
-333315491
-693998784
-139973537
-363063941
-463150755
189175265
621905546
870546341
-1277309598
-1853624707
1397128122
1023542652
-343457839
-403214716
-171075430
-1253533210
475276940
375407985
1601437754
-335435024
-1607981988
1794683159
-85777776
-392166998
-2103678226
-1662459936
57554590
-1096542689
-949565706
-571116456
329515255
-1239656947
-184360045
-416551035
-1216985924
-127203142
2033012058
-1738342346
-429738016
2135273388
1986204627
1789863091
674720693
917538853
-1593079824
1549886082
-109703605
1043663329
791447947
1683730932
-1091207307
-1087253921
-1076138572
869732005
-2130178341
1229127847
2022288350
-1718146601
-985608244
-1049392922
756706646
-1482735169
1773629057
-531724247
-1954428881
1652176137
-1038864671
-1421575505
-2119229440
104588784
-1812139053
-1825442631
1698312328
1489546867
-2088394208
1581068069
-233547377
-1503021104
-1016889317
-1632289421
418361339
778520491
1587705701
-1591126511
1014601700
-479664176
-421316932
-804221824
-321686531
1229534186
1867637585
1213813875
-739225966
1470924399
-1988067331
-1180854174
-608098033
-1044158833
751148192
-1247865486
1619825235
1407355598
1830137617
-1841270465
63365583
285886377
462444135
-847604028
371324268
567533992
1346569512
1092380219
-927881129
-683597237
-342246948
2048839256
1531433684
-330016002
807079138
-1904237979
328458597
-1999847037
1142189484
-601790143
1362210487
-8719332
730403620
2062719768
962657120
719662011
-9088132
-513709645
-1260473019
-869659381
-930282868
1367352993
-866517600
1366930411
-1359851357
-1103979489
-1507737902
-1291495205
-60696648
802057598
991594466
-1846983276
-640637304
1960116734
1873722804
993242130
-1118629410
-129728378
-337779813
-493460080
-707510365
-2013767080
473829775
764495986
-1318625786
365326014
-100293717
1817963680
207302294
-2025603881
765348962
-1992005521
-1654092087
695955210
581023063
624274172
988691465
-1353592347
-1964018798
814509981
-2120579433
959493330
-647714373
-7849260
-1706855973
-1377390922
-116514691
-1372305706
2067662266
-1395668698
1209410554
235260124
-1157645500
953255247
1570864212
-838582652
-987818913
803730401
657926123
926062586
578291696
-45237956
609026574
-1753908606
1278506164
818299623
1568848319
1993929988
-1961945392
1538584521
48722292
-1360188747
-959374483
1425369200
1175754816
-685989006
-454860507
-1571827229
662564414
-1042662403
1720645791
-564666217
-752500811
225590919
-828826169
526138321
-351683591
-2100650564
112805012
-134761103
378434802
-248266973
1010419686
2022093612
340358312
1650222511
1939479835
-2040805091
325091935
323354764
-198254515
-536024918
2123014433
1093013727
1529573649
-1340038455
-1927952875
-756794795
-35617150
216310731
1215678346
-16740805
-1039960192
-123445562
1993119584
-1792903969
1477181720
1417046536
-2084438248
-1934772923
-1055973605
476818677
1305961320
-1144906543
-101644780
-1447731164
209091403
770039100
798721669
-1656709788
507711549
-1421608014
1799435840
-777068997
-473344818
120172035
-33543473
-943355039
66702687
-1311283031
1806066219
1888348826
-1711734538
1280772083
74877859
245014432
1778401882
1749590956
-599493623
-1206761701
510474317
-293223404
1749344549
-448356698
2121359191
-1588013542
-1026232520
384707393
2097964443
1142144672
-820487902
81713891
277226156
347638794
170694513
1411801641
762288748
-1375938779
2121830976
-594150792
2094979867
-727324305
2072540627
-861383165
-99835850
499184554
-1706039158
-1648820990
-630855108
1081727351
-1859129755
-1446394639
-1079944707
-1568601819
1316174947
1664049992
1900807435
-743840426
-1219577865
678907897
-721731652
706763803
789463274
111184624
1646617315
-287948350
-748588608
-1117658362
1371587020
-2132270288
1208692435
-1802844076
-1541889029
533041493
1490824644
-468822824
-1947424315
-202543632
1621225197
-785482161
2049640910
-1783727605
956981128
-1381094356
-936997596
-1471297390
-569289934
505015581
1828600518
922584279
1208270956
1275486437
857994115
-1704997586
2145315407
106064307
2039276393
-728809509
-1780990234
1407498417
-525713800
1632061945
-1741422398
-38488655
-772708309
1771373229
-1951203965
1028401594
402480104
-2032342104
474879110
1719880813
1945670468
-1765942499
-1869659909
-1941122052
-1818091028
-470842539
-549289870
-1521557011
1783340793
-915962445
-1513317161
-1185434969
1238555379
-2006982080
1403475805
326579064
1111560029
1284778913
371570114
628165040
-757535108
648908799
-73104967
-265778115
-402585697
1692402736
-273499554
-1274949706
66862978
-455371809
-1270801558
1232868077
1983331249
-1161976780
-519650202
-1647022087
701661127
-28839940
421590657
-1913552066
-56244603
1940071948
-1748561444
-727163927
477655230
545542175
1637454723
-1694277817
-830497556
77914814
-1383247201
-1367621119
1658376008
-1682131980
-1560435548
1381305927
-381387730
-1968448555
-198332529
1988144125
1617377026
-1311735655
956844411
750433434
-1296331619
-460839867
-1744228791
193616879
-1435942119
41329281
1801060236
-144558625
1752819796
-351122252
-764973815
-1986471130
413784334
-2089950040
1533107895
-384432675
-1932765060
239778347
872495452
-2071716741
44560798
-1578617206
1016897820
1077904139
-302797586
1891277340
1910006840
-916193799
-210445494
61436017
1593621056
-1092083794
145339943
-864217966
-1888962252
1020306138
29703575
1013919811
1213042754
1036379716
-1858355950
-815188301
979392738
1047135948
126054761
617541751
656305360
-262510244
-1686804042
-645755683
-876713139
437283254
457410375
1471012043
1740132638
1309301026
-1381351108
-996486344
812519929
569426688
-562003446
-227176511
1374287965
618386483
-1977459368
-1278544443
477686799
735262876
87844609
26655374
1950618109
-912976762
1917426474
-466391824
879699934
1946264212
-2046119749
-88233614
448119467
508679690
2057267091
1390479373
90027009
1117217711
-1348543353
12121656
-2068619175
-1381150087
161754759
1684883987
-1333460752
119435604
765237198
-769920194
-204529683
-2116547030
-1356005102
252418007
1172406194
-1346901200
2023672622
727853551
801249515
469543961
1392512184
842271874
724202449
-403438502
-56536337
-212001141
-900238365
-427824892
-369531057
-997871147
135339723
2000427075
-722388028
-1360316936
-830431610
871959027
1382154435
1719291950
-1003765547
290792569
1378502105
1874668969
-550531072
-1756795080
1653342031
2132974612
584076351
-342917958
-391828676
1746478175
-738346363
-274092703
-223237441
-1295039641
1513180512
-1073706987
1901044536
1502385737
-433560633
-681102153
987561583
-1940834662
51418578
-533915149
-2054900269
69067834
498135245
-1684168900
-1479924530
1883496176
216226743
1702992976
785006219
-1842082072
535348286
1576108470
-1876900300
-973859050
1179068412
-1394727194
-1145798153
-1886109031
-1144152578
112423392
-139657200
-1278588635
-262850418
178953720
-894382819
1147166876
344457027
229533001
-264720197
-1560968
1254394243
-828016570
-318108379
-1168458335
-1815033600
-1840812837
1328378479
