513294192
-1877715515
-1966879967
-144438051
-860659083
2136994938
-660898026
1021786375
-944996422
425222365
1644288278
1187862616
86124659
-1893015695
-471997136
-107096123
-1633818695
-1496069960
552546791
-1565814110
-122466997
-1681621722
273628448
1242721900
1856610808
-1302504047
-1062300266
-1041220544
1000760599
-1102135794
-2137639801
1173617547
-2005234569
-1233287821
-429669589
1652483093
307331273
1620727975
1538641419
-643539908
-1197222420
-38836272
1561127008
-1849677214
1388848118
1060059472
1455897781
-1121185405
-1976909609
2083754898
-1140055532
2024255818
1919170941
-1906440185
1595747509
-97612352
1500639086
-1279168483
-818053491
691895062
-41677610
212660523
318312931
2103920770
-60272939
-341898848
1183484684
-1332885557
752101210
-551805209
-1307575826
-499205756
2073129710
-702461360
1301819351
90831110
2031752716
-1648624702
-871387888
1229133250
-67749519
945410637
1440990911
269385709
813854163
-1397519629
-1784473498
1173416376
794980268
-761913914
-1630184922
1969116051
68201835
1974540806
2146793409
-1433544062
-980024613
-1786931711
-1938186488
586367456
921554414
-920293191
-1128762581
16036517
1178932191
137521390
603101426
37108681
1399456072
227335425
184066990
2146234424
-198907826
-626869308
1445252749
1276254568
-1878810380
1035309161
1654337921
-856986738
507752168
-1376390457
-621616134
-1770920415
-257356279
521783376
-1065478596
1758523508
-1393127304
918481188
893860105
123940758
1675356662
80718306
1255990846
52022173
-1777350619
-1064780823
579608748
-820748788
-1702014774
822398855
265174231
1817522257
1273275305
379765684
113324790
501437084
-1632175400
1742211189
1999166588
889480761
518322129
592031684
1575979527
2083228015
-1244229364
-1414036909
-681447005
175119728
1834589820
2112131229
1166087311
163414321
-1432561004
1000908361
-1521070601
-2039631264
-126984156
-606054991
-2135422821
-585619317
-296866606
1969431438
-1430769353
-2118776734
-2091342919
-1723928934
-1467358609
671039853
-1551047105
2115742113
916529116
529931438
-551887302
101920034
-1157812289
1787364531
1149293545
2041896553
-908192
540240894
-1541029916
973602179
-324588429
876013086
-437494594
1769939019
-935695408
-505214882
1970782873
53603951
-848696209
-1750420468
-781917490
451240110
595803223
19240739
1559110936
1807732067
-1748849781
-1622726442
437190989
-1506315381
6748231
-1745478928
-1212369910
902363407
-1665317984
-294101673
930580117
1248799229
738718035
-1699069668
-495417441
-230142605
-931246436
-752051401
-551179480
157833303
487970099
-1399117566
1101929098
940773602
1795429431
-509505444
-127139757
-1654766863
1126062055
-295778797
-315321373
271896115
1552083999
1684599412
8073242
-2092454364
708053216
-468203841
-412982938
-1100629682
1294962750
-1443681217
331281189
-1800957394
1716819867
-215632539
-2100523273
-2082915327
1975369316
-553732996
-2135247810
-1894316045
-2115825506
-829789600
-1313447078
1882693781
1654077213
352904493
-773093651
-363432777
-1575475783
1923746572
718365627
-1680665514
1237462226
-1762889386
-382032890
-841346356
255602170
-476066314
-1482373361
608446979
1672913357
-327073851
-1962271641
-1435363976
1694894036
579789859
843514425
-802141614
-1447999290
103015017
2061751380
-394703218
283845064
-2147054376
-1081114593
-1169814989
-1763218302
1617516116
1137822016
211119723
-1313698663
2081866764
1171793002
384767608
-251767974
1055133387
1173567256
432201391
1506059755
-1311970247
-1889428810
1900925512
30549605
1203683372
713001991
-1924265028
721683172
2087145368
-343845706
1469776715
-1891362876
-1903300030
-1170954772
1357822849
-1292649191
-1018132140
-1727759920
-174451886
-478958653
-100456918
-1897783451
441758213
-568672752
-1918757380
134449523
-860378752
-71015880
-504991906
-2014562802
1894550567
-1062747360
-947487213
-920361391
-1171072075
381165511
-1810528048
-1375811299
387726599
-40710987
-889478972
-2004611215
11918482
-2116097831
2140151595
1338227285
756556895
-1050455403
-834219159
1342794910
759568418
-1891013667
2095073768
-1493292911
1061976872
940370709
1914952915
1575120775
-1157651397
-722198325
696336529
1580264572
1433609581
-225159136
1558837097
-1503737524
-2138082336
523195121
-1491169006
-865531210
786984593
-69139646
-1238436096
945955016
-1991861094
220678927
-1251513096
1739187641
328393767
544812644
1767109623
-1619033208
-1409678634
2039431034
-1129993850
-1490780069
-830572675
1299320161
328585819
-1570123330
-489513536
1606393907
1545013356
-1129801922
1711552957
649957651
960622579
344271404
-1512589210
-1625526127
2145695774
-1032103897
2039760235
1825401032
578724646
-1931533677
1368334186
-1023748295
1546099251
97430817
-1246435090
-753867793
1632812658
-1744735055
-1093465060
-681369458
-858417350
-1131539122
-966274777
-463283323
879104130
-1373496381
97656136
-1436464148
-414967610
968417270
-514780472
-760439431
1072081467
-1896960987
-1855292610
-1286664621
-1855729250
-1508600513
-832269757
-223401968
-1423945009
2084966292
-129439317
1942031776
-694817633
-1651858458
-701475658
-318189115
1280904782
-1947310011
2071701414
-1042090416
372088204
-1248344775
219424898
102378289
-1761681785
-1945273161
-236409653
1842005674
-542069644
-2099163878
1155472084
-647562722
906929258
-181189532
-269734112
1444877983
1985957649
-115579346
-1598758464
1435434435
671587084
1527114885
880905678
1909923669
529672162
2120498722
-294946473
-481195256
1944497576
-1298139065
1738940164
-442293137
1001913316
1935703254
575456068
1214677156
-1427469985
780907512
527967541
1997120677
972415215
1862204565
1140911963
-263025407
-1706328752
-568493414
505616505
366925989
431035096
-650710336
-818880380
-326356424
2073691001
-652893903
-1139487293
-1511851158
-499821186
1297591327
-1592455462
1994891202
1343499972
1462354092
1352102137
418094557
166928911
-1140260379
-1428313098
-989781356
2043953490
-118491965
1953336891
778288975
-453343322
-149713621
1415913015
507446189
1029607679
1613511914
-1968435786
-521330447
-1389847183
245522033
-2097391635
755606565
-1009305448
-660693430
1030779586
751273337
1760443997
831221251
189199906
-912057948
328912208
1112009483
85562173
397608685
1149593634
-1857808662
-1517100607
-660711390
-1754901988
1258447911
-1304200972
1656591965
-352489954
841463686
-1055120670
-1096020536
-1138336856
1434189426
317793251
-1274853742
-1693751708
-1842630995
-1217545316
2104304415
-1445108874
-1368445234
-1353543105
1521254595
-510794565
-209356160
-1583637945
-17451297
746897126
-318658222
2044638653
1810072411
395398985
-133734595
-818114436
1818296807
-499695762
1496772814
-721675705
-2044851111
-1415755365
-486449484
-237595092
1002639156
-486412623
-231776663
1174944954
431820937
847065400
-259384374
1572837987
-14222519
1161935286
-1923144153
-1315078228
905823522
1437211571
551656864
1463286017
337886546
-941542925
606704282
1490789058
754891902
2062019580
-1098236998
1409606119
-1743861029
1085978902
-2003918241
1964315397
-485219306
295968637
-1012482254
1176994471
1822472674
-1579636649
506244463
-1177233845
146268503
183322485
-429408406
-2143407448
728677554
-753407973
455119116
-461611599
-569798192
-1704078654
1073951058
90426792
-652161497
-180046438
1635960991
-1581586502
2001176163
1985790767
298420594
-2131804026
598937158
-14308177
-766618990
2025161313
-89644984
1210576708
1871898428
-508761640
-1178822490
810166827
-1452550897
1787463111
93411468
37172041
1556265814
1614597279
945276985
-274716348
-2021830433
-963349108
-2117941584
-1322730476
-81432101
-1272953930
-1222210849
-1121521441
1110250617
-1207902367
933609286
900444748
720758852
225728056
1859265741
1413248799
-1948960379
1318441289
125651521
624672817
1159068845
-1885988911
-996854574
-2118558773
1911677676
790595622
800590144
-1727536126
1174357586
-121225635
58816865
-507459329
1072529097
-1304689680
1128914893
1914017124
1347219142
-1568475251
1711895607
1120156282
393329592
-569839812
-1165480611
226957657
1365063515
1824564697
700029744
-1834126805
-1034984716
1935748386
533791082
748330295
-2124045679
1688728337
-415332794
-1700268171
545991899
-550199549
-1716016503
916807881
-950854262
1689859601
785746039
-1784912454
1716660822
-467901892
-1148536260
677699532
1037236326
-2085981928
1085935103
-537869165
-67489390
-1884944987
-255981077
952512625
-95028600
-1851989193
-417413344
1362347156
-2025090208
-603073941
-984036041
786582307
-1774510134
-1049464279
-1195774635
-1237489074
1724011830
-882834320
-933256364
759493357
-1389587670
-673872518
-1048268650
715445548
-1768571317
-1760122328
-494729162
-999921691
-801809362
880397927
161325943
-413485255
-701581414
1918891862
2138979297
-2127999554
723573669
-867202480
-1285342498
2034914242
278020766
-942117850
-700222165
2146336363
1724397648
-1279721798
-1263256295
192601005
1848864013
2117194665
-1921802100
-1765974232
-418132235
2050637285
-488457008
555167117
-1603383495
-564327588
-34910962
1109454928
1448691636
-1202307342
1905460701
-1604177537
-741227071
-1362518902
2105619635
1577873447
1458852158
-691643629
289865768
-571236645
-1746341219
-1241477291
441449911
-714026677
2002257067
1902981294
-410500640
-164202220
-1465869317
-546828048
1135151400
1679241737
1789267045
-92799669
1429024372
-901354375
558743527
-1354436983
-156439144
1327758689
-1021267839
-843236431
-321597759
1822744222
-791504470
-159489891
-385992076
939663906
1274955089
-245037630
400715769
125579519
-1396446713
-616239512
-964117696
2114830712
-163325332
709470259
-1054199579
451224602
-1032945324
-179431008
-1430225187
850270973
1687804335
-1130387878
1336672924
145350630
677660483
528789737
421521281
611874813
182168835
1889279080
1136952301
-641186444
1943778570
-1382263212
-1469096849
2035696791
-977348565
-816101998
-391815928
-1237447113
205323792
1913918519
-1268667013
-31971231
-1576264176
-625219043
1126840984
-671073136
120762596
-1436717672
-1286804884
-1622449155
-840049243
-282315317
319664549
-417324131
-1879424048
-66111353
800330903
17198689
1565758864
1417362544
958350551
-1688038779
692301948
-1261239477
1104802372
-817576623
-1231545000
-1442773986
-695803125
1210472100
-1913714544
-1405301723
-1304850852
-1166953335
-1540710424
-1929411528
-233307266
655157219
-1162919344
1537208543
-1433978421
61119325
1504063001
-745949337
-273124023
-1762804988
-2206208
-640580557
-993864935
-1916950519
-662407187
1171247624
678110234
-926914064
-320662584
-1360632405
-908483855
1606348254
-451119305
-1458521210
-1496825060
535861220
1206330655
-1389102795
-264550771
-158737684
-286379195
1827196258
1071576864
-542909561
1631939284
1765756592
1430723617
-504094958
-1649157860
1479910445
-1135805304
-1292075516
89283370
874058677
-1457111677
964271796
-1929529713
68448483
626558565
-203389331
-1351778600
1294866097
-910618194
-1529335593
785205136
-1277666287
-1892757712
-965676361
-1100867796
1962424079
-1668115880
137524856
-156050827
1013417420
1902003794
-1453448252
-1668519090
788432076
961515949
1076181294
-1241718431
-970027941
1758371679
-116055027
1170786841
-1167048780
-342674551
-1961945457
-137635410
-1517780589
369300827
-515103794
