503445343
1097031428
1388401881
-909300569
-663307974
394747953
-1939643866
-722789273
1530156585
957800362
1519358749
-1626623668
-313834927
1047860133
-112237878
1105319044
455608637
-868980648
1230085290
-595055669
1745541145
-511742338
-1479917641
2058934074
-33762651
1251587521
1233964371
-1698940265
101384782
1245232604
1487748479
-569815363
-505340933
1051502427
616504922
2059483673
-440745900
1671344508
619580295
458605432
1654586021
1796878163
377896607
-1654901016
-1367427417
-602889987
-140876594
246225027
1417865396
-1323344838
1193029384
984440770
251609540
-821549798
1412078513
-1929835023
-1449989690
-161953503
-1342025844
644120477
-3304849
1344146886
2031276075
-925859724
1776441953
-106804870
1753012489
-832565541
-922394711
-865811889
-556303226
1489319248
-1660433576
574738162
214497435
1065504664
2107681966
1696484016
-470714978
451097257
127087310
1508378719
1712121506
1784744953
-1814372920
-133655480
1477389976
-375190286
1774972730
-1355111276
-1016309660
-408731048
-1250240454
765262049
432833964
-2075016091
-804399213
886998997
-887393045
-78671031
1369770826
1982604864
-1605410829
1939264614
-1291612644
-229004868
1509867685
-1795331277
361057050
852262299
-1364717939
-615970968
-466502011
693712147
-2055377486
-1404527166
-2104615067
-877989137
-1586980885
-1515313829
-143035858
-2140695225
331398529
-2075772474
-826976820
-192881512
1406400723
-470669824
285427879
609853571
264668910
-1204008871
-244794292
655127642
-1501582196
702871299
1753581276
-670770521
-1082567400
864208423
-1303498786
-1473751788
199645519
-898612258
-1112630071
1624739550
355205295
-1914323034
1099740333
-41506224
492780946
-1900544298
-332442491
-1823721106
1498311851
22513820
732493169
1257860117
-292682210
-391173600
-718160324
600089598
1108172126
-1208870620
1138024468
-519059454
1918691394
2021390509
1963070373
1413694902
788343212
-1022168168
-473279204
1331616679
1388207350
706785437
1674131124
-1511751387
-1057949583
-183556795
176848711
528652152
1623793098
134660906
1825280479
1988180815
810674953
-268376048
-118370685
-406342987
-2040652197
1711702123
-1946526918
632548505
-1179412629
1769623591
1261537385
743118743
910899420
485321205
-2138396125
508854493
-1330758880
-822283542
2034658710
-1795777669
-1428451222
-57855421
-1397363614
-598642406
1676772979
-1979443748
-803421116
483776058
670296705
132196821
-2080385268
-792719630
1770926790
-1664336748
-984721419
-118668079
1937948296
1763348662
-448387083
1988767201
728968123
-2026579540
-974828521
355892169
255195240
178730823
676278974
2058226298
-1819804619
1403704010
-316040704
1846484338
-956666547
-966605557
1184094948
1811916138
1022692308
1003978125
-96090333
-2135578846
-996317886
348046218
-1794771304
-955633714
-763113527
-1227977818
-482247282
-1454238725
399985632
-1267261213
-554467121
1104493912
-1698759941
1755773649
476237129
1076357219
2115043497
-2025594881
-1124589904
1499855299
942213181
-1971671855
-958589156
-277421161
481597467
-454859092
-1874804847
1971803706
1413813749
1763401321
-481970250
1519988531
456346719
-668619210
-1939316732
1699054569
-550223297
984585211
-504793805
-1666923977
-1730149888
1826459736
-1063851679
1363954538
-440888514
-1522078347
-1657992940
1044891466
-2071029435
-1151058010
-1175763291
-1907036768
-1427553086
-307258442
-1024299001
-335655372
-1639584313
1186576926
-702843639
2096921442
-555712175
-52065590
833098143
-1303905309
72344024
-2048843876
-1342128405
-74698140
-2013289665
704247472
-42445617
671362801
-2138387129
-1382027004
-693078284
506046917
1525766879
1302932989
-8563729
-1964948857
747765294
-1766428876
54720556
445208823
-2035937846
2009484849
-261873958
696916221
134552378
1222892640
-1852023005
587427794
-1000934846
1248526786
1961579459
1947172446
-1146528461
1346288099
1535922503
804114820
-217817760
1939854455
1230102805
-221014502
305443794
-1327846489
772489013
1110168991
2046363167
1328788669
-1616002691
157664418
1201197074
967825254
136249437
-478159197
-898324754
-478006537
-507647534
442721509
1597477813
225754100
190883291
381337185
-1516901560
-793566818
1078053954
1256049989
170954638
-1015006884
509910582
1431413165
963102147
-1983115820
1094908831
-372375911
1042402791
1453632147
6438971
1450247673
94752457
-2095267235
-1151197688
361465319
-1038587748
-998609306
1872501431
-66649249
-334921586
-1923966579
-1403032941
-1894949320
58866592
-212200007
-1428262347
-1894768347
-1260653953
-1497522720
1491861942
1192345710
1920101678
-654541771
1247263674
-502684037
916669363
-1292956535
826728723
365877869
397130692
-18283216
64410618
-737152794
936667749
-1363908991
-13003273
-702299810
-595759042
-2112767223
461359589
-1815848554
-1634077117
-1075982646
-782803012
-1646424526
-138303261
-1419769968
-829661421
-547238582
1977585129
-1731462198
-870986686
610256789
-1174900450
770486453
-1593652533
1623308223
983866922
-107274104
-79526708
143631336
2033242689
-1349551967
279626468
115710067
438445347
1651500485
511401801
1935593681
506782508
2135762582
-1195172676
961026659
-1387093855
155733496
821843133
-419378426
-1776009680
587826155
192456951
-348849853
-1975636072
1154689090
-1741971192
-1323407458
-343204356
-76483994
-973338028
-542798950
1946840464
-101352112
769961566
1608683428
-1106794995
-348172600
-45315531
-204850446
1010630376
-612209821
1799471
500592628
-293029160
789462232
-785124894
393723664
1968261946
-2010309496
591977842
-1687177211
-1854842692
1073365022
423176352
998797152
220392579
-864125095
50217868
1878750742
-1161031454
-384345895
1472855250
-1034532410
1382122864
-1707728470
717317681
-1810947240
781994743
-740195189
-796427847
1421041907
2118775255
-2030087766
531197033
-1168106484
-1751770614
-1337855735
14003269
113587619
581174274
-2099572299
-1878746518
286898393
1501381958
-1663065628
-2058683232
-1594614731
-1872529459
79430967
-33474046
-396846900
40062812
153802505
-1646117589
75495171
2065867208
-1885243067
-528157026
-1910970945
-1164439564
-819224961
-1529882137
-1063200931
-1915558208
-1798069537
282211143
1838306342
-1291978934
1535796722
1871295592
172319043
-1921894874
1873705226
1509335152
-2131072594
273732039
-346988120
-1734091886
-1884385940
-321210236
-1821024287
38703707
2042025321
1859687560
-173712543
810012886
1346362914
-611554892
-1605171223
130994754
1304081080
-1091120745
-2021632445
-1608038003
1401600061
1572306610
-1638772225
-862536239
854902249
-2144732233
689557480
-541659715
-1498358161
-361094216
809238878
582752013
1318413743
-929913484
373856523
-757629983
-1944278999
155942904
-1329978469
-1704056699
1229431810
192934917
-1434545660
810836110
178057435
-227029147
-1534075762
-486221389
-251446491
8797113
1881735842
874089359
-863808880
1739260058
1888146379
-782710564
226724656
-746448305
1743209348
2129973875
-216587416
844109280
297728104
-1582712336
130535629
-1165815721
702959280
1409059276
1267950895
130640063
-1365726669
48670908
1946459138
-2146276596
-1205135538
-350626319
-1520215228
-90296780
-207879571
-555823182
-1480483039
1226481532
-1105559837
-292449147
-648029052
-360073996
554410262
857159063
796497340
1071827274
1097135533
281943049
2090947306
-1531856643
-1653850770
-683898019
1975767438
-1672293838
-2120754056
646449240
-1597166277
1076699867
-837244084
293153252
1696338238
-279812757
-2116441171
-713691441
239391315
423343364
-1369197131
-764630504
-1467189893
-1059546397
288303989
-353487876
-1180658676
-1499980053
957696694
1768560398
1846891819
-1246302671
-1756740424
1789318462
316747150
2036400386
21074408
-1457912015
-1096536923
1637110895
1757703169
481137490
2129969779
-442816624
855167749
981394095
479950839
-721950712
382872348
-1372656265
-323541180
1213199706
-1711186802
-2008511681
114933335
-2127107275
-946695765
984936977
-933377287
-1122453610
1827777013
459800495
-1393383693
1577161183
-1944005095
-1380151539
165210080
-3931565
-1511135280
-1038342959
718658641
-382076543
-1022896015
-1250890658
2059467571
-1052777373
478574015
-1249939370
314707198
1724116044
1276914606
81735731
168104399
-518308204
1088454553
974778578
279559567
-1045573563
-798614090
-936750568
-2053872261
-164264533
356504424
647332717
1071734954
663172762
530624367
-685350695
487646378
1212932588
-155897520
1128905662
-2126705569
702571429
98462440
-1631740114
-1990143235
2091085073
2030550947
-1155764278
382030474
1367291488
-2137977851
-1429175164
1437131391
-537847572
-1003539291
-1054841067
2076482643
2124369561
-455801811
980012534
505712457
226296145
152157616
1904053752
360423887
1729912745
-1235135424
-990295569
-442063336
276490194
-751313434
1352160714
7115016
-1700852765
-963578142
1509017268
1578670780
-1090978578
-84955799
-1649153733
612669443
208572669
-1251506679
-718437695
151356727
-1363977526
-273503239
975651843
443265553
-1518456140
-738072510
-1789799083
334685139
2102247635
-164320822
861785452
907268759
-2035877080
1850641950
-2008741478
-547251287
-1812450067
1273700828
1266888186
1603071129
-31253545
-1654671652
-1997382635
-115275095
-1190360880
-1641077584
-176289110
1610249690
1417000675
-1166029175
-541399051
-571403641
-615445503
-1876485374
-2004851371
237133718
1496846620
1323413514
998665345
1333739705
690893647
986774042
21273004
-1885952351
1987744410
-1983501430
-669995824
-1952123373
1273716224
846718771
-1824659879
-1075839941
1293737393
609515236
1828778980
-1886568646
1982431383
2139353617
1657877121
-1779826022
2072231008
-687792487
-157694952
-1473829118
-1312677145
-921131865
2089653768
-1758362062
1263666013
28493650
1187489150
-1768898008
327584122
-2134555574
-1007538764
-1936296345
-96537002
-676856583
1710637235
968938019
596493525
-119416316
845044085
-1938763823
941621995
-886077058
1170402801
1317602207
1029840375
-146345390
320261545
-1439841590
614434261
-865754462
71927126
-1903129640
-1744397135
-75642358
557681609
1175587316
-1330596179
-834803638
-100321571
-1933543650
-228699501
1333856124
-420124636
-193080923
1110813554
-759503084
-1557427465
-255459864
1277491814
-2854657
-382502112
1763976227
-563254084
-1436952919
-1791082299
2091798589
563256038
-1863692947
1329967136
-298595696
210730974
-1373116212
-1293207900
-341564152
-339041867
265529072
228373626
1100364377
1789570846
1651139822
-764943110
489108425
-1701168118
1261382241
-1345085607
-1132000421
1471507479
-1774727343
61428607
-1079891886
1784396437
-263028304
-430816769
-461987452
-2093388128
-1543127498
397015031
1228738646
1782131690
-912205670
-560692623
-351151773
-1597050231
875209526
-1614826000
1416436420
1701429253
1294724350
-1993443749
-451166901
1515295290
429148298
954596281
1816385581
-1221950415
1933032919
1727200261
-622146158
-631669274
2121115471
-1826642823
-1510069926
-354227122
841708675
2112366732
1051140394
-502340369
-621254007
779445488
-1199021480
-970188072
-1249181582
-247728736
-435663878
556143766
47519669
32650631
-519892222
1286098528
565707488
1694066827
-1150404377
1919199571
1608266985
-861458705
700382617
-2025320960
-1933727631
579223222
374347288
1278747892
-719409869
